,pval,edition,source,sourcefile,status,numseqs,pmid,dbd,family,description,species,cellline,entrez,symbol,synonym,refseq,cluster,comment2,comment2.1,comment3,comment4,comment5,datasetid,zscore,seqfactors,seqdbds,seqdatasetid,nmotifs,pssm,TF
MS00046|GLIS3,7.825662545757339e-08,,SELEX,,9,,23332764,BetaBetaAlpha-zinc finger Family,,GLIS family zinc finger 3,Homo Sapiens,E.Coli,169792,GLIS3,,NM_001042413|NM_152629,,,,,,,,,,,,,"[[[0.010, 0.042, 0.685, 0.263], [0.950, 0.010, 0.030, 0.010], [0.010, 0.970, 0.010, 0.010], [0.010, 0.970, 0.010, 0.010], [0.010, 0.952, 0.010, 0.028], [0.010, 0.970, 0.010, 0.010], [0.020, 0.960, 0.010, 0.010], [0.010, 0.893, 0.010, 0.087], [0.910, 0.010, 0.070, 0.010], [0.010, 0.881, 0.035, 0.074], [0.233, 0.018, 0.669, 0.080], [0.808, 0.010, 0.048, 0.134], [0.692, 0.178, 0.013, 0.117], [0.010, 0.025, 0.955, 0.010]]]",GLIS3
MS00024|GLIS1,1.172194581955388e-07,,SELEX,,9,,23332764,BetaBetaAlpha-zinc finger Family,,GLIS family zinc finger 1,Homo Sapiens,E.Coli,148979,GLIS1,,NM_147193,,,,,,,,,,,,,"[[[0.533, 0.304, 0.016, 0.147], [0.010, 0.010, 0.875, 0.105], [0.970, 0.010, 0.010, 0.010], [0.010, 0.970, 0.010, 0.010], [0.010, 0.970, 0.010, 0.010], [0.010, 0.970, 0.010, 0.010], [0.010, 0.970, 0.010, 0.010], [0.010, 0.970, 0.010, 0.010], [0.010, 0.970, 0.010, 0.010], [0.957, 0.010, 0.023, 0.010], [0.010, 0.970, 0.010, 0.010], [0.010, 0.010, 0.970, 0.010], [0.721, 0.010, 0.010, 0.259], [0.398, 0.192, 0.010, 0.400], [0.010, 0.010, 0.970, 0.010], [0.136, 0.486, 0.214, 0.164]]]",GLIS1
M00665|SP3,1.8192550083062642e-07,,Transfac,,4,,P1481859. New TRANSFAC MATRIX entries Book 3 0001 (2002),BetaBetaAlpha-zinc finger Family,,Sp3 transcription factor,Homo Sapiens,,6670,SP3,DKFZp686O1631 SPR2,NM_001017371|NM_001172712|NM_003111,320.0,,,,,,,,,,,,"[[[0.970, 0.010, 0.010, 0.010], [0.010, 0.333, 0.500, 0.157], [0.333, 0.500, 0.010, 0.157], [0.333, 0.647, 0.010, 0.010], [0.010, 0.167, 0.167, 0.656], [0.167, 0.010, 0.167, 0.656], [0.010, 0.333, 0.647, 0.010], [0.010, 0.010, 0.667, 0.313], [0.010, 0.010, 0.970, 0.010], [0.167, 0.333, 0.490, 0.010], [0.490, 0.167, 0.333, 0.010], [0.167, 0.010, 0.813, 0.010], [0.010, 0.167, 0.813, 0.010], [0.010, 0.010, 0.970, 0.010]]]",SP3
MC00386|BCL6,2.544651106495266e-07,,Cistrome,,16,,21911423,BetaBetaAlpha-zinc finger Family,,B-cell CLL/lymphoma 6,Homo Sapiens,Hematopoietic Progenitor,604,BCL6,,NM_001130845|NM_001134738|NM_001706,,,,,,,2433(1/1),-32.4372,(1) denovo|(2) denovo|(3) denovo|(5) denovo|(6) denovo,(1)|(2)|(3)|(5)|(6),,5.0,"[[[0.045, 0.214, 0.065, 0.676], [0.054, 0.232, 0.356, 0.358], [0.139, 0.621, 0.126, 0.114], [0.049, 0.230, 0.028, 0.693], [0.067, 0.038, 0.840, 0.055], [0.057, 0.035, 0.872, 0.035], [0.049, 0.062, 0.851, 0.039], [0.748, 0.042, 0.086, 0.124], [0.335, 0.131, 0.389, 0.145], [0.270, 0.123, 0.131, 0.476], [0.054, 0.144, 0.070, 0.732], [0.040, 0.048, 0.849, 0.064], [0.070, 0.074, 0.101, 0.755], [0.790, 0.049, 0.106, 0.054], [0.060, 0.043, 0.842, 0.054], [0.055, 0.056, 0.075, 0.813]]]",BCL6
MC00278|ETS1,5.691518378814209e-07,,Cistrome,,16,,20019798,Ets Domain Family,,v-ets erythroblastosis virus E26 oncogene homolog 1 (avian),Homo Sapiens,Jurkat,2113,ETS1,,NM_001143820|NM_001162422|NM_005238,,,,,,,696(3/3),-37.5139,(1) denovo|(2) denovo|(4) denovo|(5) denovo|(6) denovo|(15) denovo,(1)|(2)|(4)|(5)|(6)|(15),,6.0,"[[[0.870, 0.061, 0.043, 0.026], [0.026, 0.923, 0.027, 0.024], [0.034, 0.107, 0.042, 0.816], [0.789, 0.084, 0.072, 0.055], [0.032, 0.903, 0.039, 0.026], [0.772, 0.075, 0.113, 0.039], [0.480, 0.117, 0.114, 0.290], [0.107, 0.420, 0.122, 0.351], [0.101, 0.087, 0.048, 0.764], [0.046, 0.875, 0.044, 0.034], [0.019, 0.938, 0.018, 0.026], [0.039, 0.898, 0.032, 0.031], [0.719, 0.029, 0.223, 0.029], [0.115, 0.124, 0.649, 0.112], [0.375, 0.368, 0.214, 0.042], [0.678, 0.045, 0.247, 0.029]]]",ETS1
MC00125|Rest,6.871778139294626e-07,,Cistrome,,16,,22297846,BetaBetaAlpha-zinc finger Family,,RE1-silencing transcription factor,Mus Musculus,V6.5,19712,Rest,,NM_011263,,,,,,,5514(1/1),-59.2755,(1) denovo|(2) denovo|(3) denovo|(4) denovo|(5) denovo|(6) denovo|(7) denovo|(8) denovo|(9) denovo|(10) denovo|(11) denovo|(12) denovo|(13) denovo,(1)|(2)|(3)|(4)|(5)|(6)|(7)|(8)|(9)|(10)|(11)|(12)|(13),,13.0,"[[[0.312, 0.440, 0.027, 0.221], [0.112, 0.077, 0.650, 0.161], [0.021, 0.920, 0.027, 0.031], [0.025, 0.030, 0.027, 0.917], [0.031, 0.139, 0.803, 0.027], [0.047, 0.033, 0.100, 0.820], [0.025, 0.927, 0.021, 0.027], [0.015, 0.931, 0.020, 0.034], [0.465, 0.079, 0.306, 0.151], [0.167, 0.145, 0.119, 0.569], [0.064, 0.030, 0.876, 0.029], [0.017, 0.013, 0.951, 0.019], [0.028, 0.018, 0.015, 0.939], [0.095, 0.185, 0.626, 0.095], [0.024, 0.888, 0.062, 0.025], [0.021, 0.081, 0.019, 0.879], [0.079, 0.029, 0.850, 0.042], [0.728, 0.099, 0.147, 0.026], [0.521, 0.251, 0.099, 0.130]]]",Rest
M01714|KLF15,7.741431324870263e-07,,Transfac,,4,,"P1481883. New matrix entries., Rel20102 Book 0001 (2010)",BetaBetaAlpha-zinc finger Family,,Kruppel-like factor 15,Homo Sapiens,,28999,KLF15,DKFZp779M1320 KKLF,NM_014079,372.0,,,,,,,,,,,,"[[[0.111, 0.111, 0.667, 0.111], [0.600, 0.100, 0.200, 0.100], [0.182, 0.010, 0.636, 0.172], [0.091, 0.273, 0.364, 0.272], [0.273, 0.182, 0.273, 0.272], [0.010, 0.010, 0.970, 0.010], [0.010, 0.010, 0.970, 0.010], [0.010, 0.010, 0.970, 0.010], [0.010, 0.010, 0.909, 0.071], [0.364, 0.364, 0.091, 0.181], [0.010, 0.091, 0.889, 0.010], [0.091, 0.010, 0.182, 0.717], [0.273, 0.010, 0.364, 0.353], [0.182, 0.182, 0.545, 0.091]]]",KLF15
MS00445|ZNF740,7.974848540426294e-07,,SELEX,,9,,23332764,BetaBetaAlpha-zinc finger Family,,zinc finger protein 740,Homo Sapiens,FT293,283337,ZNF740,,NM_001004304,,,,,,,,,,,,,"[[[0.274, 0.462, 0.178, 0.086], [0.078, 0.853, 0.011, 0.058], [0.062, 0.907, 0.010, 0.021], [0.010, 0.965, 0.010, 0.015], [0.010, 0.965, 0.010, 0.015], [0.010, 0.966, 0.010, 0.014], [0.023, 0.950, 0.017, 0.010], [0.045, 0.901, 0.010, 0.044], [0.680, 0.186, 0.036, 0.098], [0.125, 0.618, 0.053, 0.204]]]",ZNF740
M00695|TEAD2,1.0976951311247873e-06,,Transfac,,4,,P1481859. New TRANSFAC MATRIX entries Book 3 0001 (2002),Homeodomain Family,,TEA domain family member 2,Homo Sapiens,,8463,TEAD2,ETF TEF-4 TEF4,NM_003598,300.0,,,,,,,,,,,,"[[[0.010, 0.010, 0.846, 0.134], [0.308, 0.374, 0.308, 0.010], [0.010, 0.010, 0.923, 0.057], [0.010, 0.010, 0.970, 0.010], [0.385, 0.595, 0.010, 0.010], [0.010, 0.154, 0.826, 0.010], [0.010, 0.010, 0.970, 0.010]]]",TEAD2
MC00530|TFAP2A,1.185050206464755e-06,,Cistrome,,16,,21572391,Helix-Loop-Helix Family,,transcription factor AP-2 alpha (activating enhancer binding protein 2 alpha),Homo Sapiens,MCF-7,7020,TFAP2A,,NM_001032280|NM_001042425|NM_003220,,,,,,,2436(2/2),-43.4953,(1) denovo|(2) AP-2alphaA|(3) TFAP2C|(4) TFAP2A|(5) AP-2alpha|(8) AP-2,(1)|(2)|(3) Helix-Loop-Helix Family|(4) Helix-Loop-Helix Family|(5)|(8),,6.0,"[[[0.159, 0.329, 0.165, 0.347], [0.328, 0.155, 0.214, 0.303], [0.015, 0.229, 0.729, 0.028], [0.016, 0.971, 0.007, 0.005], [0.007, 0.955, 0.004, 0.034], [0.016, 0.371, 0.063, 0.549], [0.035, 0.613, 0.324, 0.029], [0.656, 0.092, 0.229, 0.024], [0.053, 0.010, 0.929, 0.008], [0.008, 0.009, 0.971, 0.011], [0.021, 0.340, 0.622, 0.016], [0.047, 0.735, 0.184, 0.035], [0.520, 0.168, 0.072, 0.239]]]",TFAP2A
MS00235|SP4,1.250223723936461e-06,,SELEX,,9,,23332764,BetaBetaAlpha-zinc finger Family,,Sp4 transcription factor,Homo Sapiens,FT293,6671,SP4,,NM_003112,,,,,,,,,,,,,"[[[0.139, 0.314, 0.184, 0.363], [0.518, 0.037, 0.015, 0.430], [0.567, 0.032, 0.358, 0.043], [0.164, 0.010, 0.816, 0.010], [0.055, 0.925, 0.010, 0.010], [0.010, 0.951, 0.010, 0.029], [0.732, 0.248, 0.010, 0.010], [0.010, 0.970, 0.010, 0.010], [0.010, 0.010, 0.970, 0.010], [0.010, 0.970, 0.010, 0.010], [0.010, 0.970, 0.010, 0.010], [0.010, 0.965, 0.010, 0.015], [0.423, 0.552, 0.010, 0.015], [0.021, 0.774, 0.010, 0.195], [0.215, 0.169, 0.044, 0.572], [0.138, 0.285, 0.086, 0.491], [0.230, 0.280, 0.132, 0.358]]]",SP4
MC00252|Rara,1.3846487008639663e-06,,Cistrome,,16,,21232103,Hormone-nuclear Receptor Family,,"retinoic acid receptor, alpha",Mus Musculus,HBG3,19401,Rara,,NM_001176528|NM_001177302|NM_001177303|NM_009024,,,,,,,4859(3/6),-25.2281,(1) denovo|(2) denovo,(1)|(2),,2.0,"[[[0.047, 0.080, 0.069, 0.804], [0.040, 0.152, 0.763, 0.045], [0.557, 0.195, 0.098, 0.149], [0.190, 0.708, 0.045, 0.058], [0.053, 0.829, 0.057, 0.061], [0.065, 0.332, 0.050, 0.553], [0.125, 0.419, 0.208, 0.248], [0.170, 0.299, 0.233, 0.297], [0.249, 0.303, 0.316, 0.133], [0.155, 0.305, 0.312, 0.228], [0.230, 0.287, 0.262, 0.221], [0.049, 0.102, 0.079, 0.771], [0.097, 0.136, 0.726, 0.040], [0.828, 0.061, 0.059, 0.052], [0.157, 0.761, 0.036, 0.047], [0.061, 0.819, 0.046, 0.075], [0.037, 0.455, 0.033, 0.475], [0.072, 0.484, 0.114, 0.330], [0.236, 0.141, 0.290, 0.333]]]",Rara
M00736|E2F1::TFDP1,2.0083449807639653e-06,,Transfac,,4,,9372931,Transcription Factor Family,,E2F transcription factor 1|transcription factor Dp-1,Homo Sapiens,,1869|7027,E2F1::TFDP1,,NM_005225|NM_007111|NR_026580,145.0,,,,,,,,,,,,"[[[0.160, 0.120, 0.040, 0.680], [0.080, 0.040, 0.010, 0.870], [0.010, 0.010, 0.010, 0.970], [0.010, 0.660, 0.320, 0.010], [0.010, 0.540, 0.440, 0.010], [0.010, 0.970, 0.010, 0.010], [0.120, 0.010, 0.860, 0.010], [0.010, 0.740, 0.240, 0.010]]]",E2F1::TFDP1
MS00512|Zfp740,2.2720715625590415e-06,,SELEX,,9,,23332764,BetaBetaAlpha-zinc finger Family,,zinc finger protein 740,Mus Musculus,293FT,68744,Zfp740,,NM_153194,,,,,,,,,,,,,"[[[0.303, 0.342, 0.222, 0.133], [0.186, 0.707, 0.028, 0.079], [0.170, 0.772, 0.010, 0.048], [0.047, 0.917, 0.010, 0.026], [0.038, 0.920, 0.010, 0.032], [0.063, 0.876, 0.014, 0.047], [0.075, 0.843, 0.038, 0.044], [0.114, 0.774, 0.031, 0.081], [0.671, 0.105, 0.070, 0.154], [0.163, 0.533, 0.071, 0.233]]]",Zfp740
M00491|PATZ1,2.2760814068489843e-06,,Transfac,,4,,10669750,BetaBetaAlpha-zinc finger Family|AT-hook Domain Family,,POZ (BTB) and AT hook containing zinc finger 1,Homo Sapiens,,23598,PATZ1,MAZR PATZ RIAZ ZBTB19 ZNF278 ZSG dJ400N23,NM_014323|NM_032050|NM_032051|NM_032052,239.0,,,,,,,,,,,,"[[[0.286, 0.119, 0.333, 0.262], [0.132, 0.316, 0.542, 0.010], [0.154, 0.103, 0.718, 0.025], [0.051, 0.010, 0.897, 0.042], [0.075, 0.010, 0.905, 0.010], [0.154, 0.010, 0.744, 0.092], [0.010, 0.010, 0.970, 0.010], [0.026, 0.010, 0.954, 0.010], [0.010, 0.010, 0.970, 0.010], [0.010, 0.010, 0.970, 0.010], [0.308, 0.513, 0.010, 0.169], [0.231, 0.513, 0.103, 0.153], [0.436, 0.282, 0.154, 0.128]]]",PATZ1
MS00212|SP1,2.285760684117566e-06,,SELEX,,9,,23332764,BetaBetaAlpha-zinc finger Family,,Sp1 transcription factor,Homo Sapiens,E.Coli,6667,SP1,,NM_003109|NM_138473,,,,,,,,,,,,,"[[[0.463, 0.022, 0.432, 0.083], [0.193, 0.707, 0.034, 0.066], [0.066, 0.754, 0.019, 0.161], [0.471, 0.469, 0.050, 0.010], [0.010, 0.970, 0.010, 0.010], [0.301, 0.010, 0.487, 0.202], [0.010, 0.970, 0.010, 0.010], [0.010, 0.970, 0.010, 0.010], [0.010, 0.811, 0.010, 0.169], [0.390, 0.475, 0.016, 0.119], [0.177, 0.517, 0.105, 0.201]]]",SP1
MC00376|ZBTB7A,4.102841233644128e-06,,Cistrome,,16,,None,BetaBetaAlpha-zinc finger Family,,zinc finger and BTB domain containing 7A,Homo Sapiens,HepG2,51341,ZBTB7A,,NM_015898,,,,,,,6215(1/2),-28.5699,(1) denovo|(2) denovo|(3) denovo|(4) denovo|(5) denovo|(7) denovo|(8) ZBTB7A,(1)|(2)|(3)|(4)|(5)|(7)|(8) BetaBetaAlpha-zinc finger Family,,7.0,"[[[0.108, 0.577, 0.145, 0.171], [0.069, 0.733, 0.158, 0.040], [0.018, 0.702, 0.093, 0.186], [0.148, 0.445, 0.338, 0.069], [0.110, 0.364, 0.507, 0.019], [0.371, 0.416, 0.194, 0.018], [0.010, 0.018, 0.966, 0.006], [0.657, 0.325, 0.010, 0.008], [0.007, 0.974, 0.011, 0.007], [0.004, 0.973, 0.018, 0.004], [0.018, 0.965, 0.007, 0.010], [0.009, 0.951, 0.013, 0.027], [0.228, 0.223, 0.251, 0.298]]]",ZBTB7A
MS00567|EGR3,4.226009241492523e-06,,SELEX,,9,,23332764,BetaBetaAlpha-zinc finger Family,,early growth response 3,Homo Sapiens,293FT,1960,EGR3,,NM_004430,,,,,,,,,,,,,"[[[0.195, 0.372, 0.161, 0.272], [0.267, 0.292, 0.115, 0.326], [0.581, 0.398, 0.010, 0.011], [0.010, 0.970, 0.010, 0.010], [0.029, 0.014, 0.941, 0.016], [0.010, 0.970, 0.010, 0.010], [0.010, 0.970, 0.010, 0.010], [0.010, 0.938, 0.010, 0.042], [0.701, 0.279, 0.010, 0.010], [0.010, 0.970, 0.010, 0.010], [0.017, 0.012, 0.959, 0.012], [0.010, 0.969, 0.010, 0.011], [0.807, 0.035, 0.107, 0.051], [0.244, 0.360, 0.066, 0.330], [0.239, 0.209, 0.139, 0.413]]]",EGR3
MS00035|GLIS2,5.054366211287853e-06,,SELEX,,9,,23332764,BetaBetaAlpha-zinc finger Family,,GLIS family zinc finger 2,Homo Sapiens,293FT,84662,GLIS2,,NM_032575,,,,,,,,,,,,,"[[[0.046, 0.110, 0.573, 0.271], [0.774, 0.091, 0.125, 0.010], [0.010, 0.970, 0.010, 0.010], [0.010, 0.970, 0.010, 0.010], [0.010, 0.967, 0.010, 0.013], [0.010, 0.970, 0.010, 0.010], [0.050, 0.930, 0.010, 0.010], [0.043, 0.865, 0.010, 0.082], [0.297, 0.010, 0.657, 0.036], [0.010, 0.908, 0.024, 0.058], [0.313, 0.025, 0.618, 0.044], [0.503, 0.017, 0.243, 0.237], [0.415, 0.270, 0.114, 0.201], [0.011, 0.142, 0.799, 0.048]]]",GLIS2
MC00257|Pax5,5.175407628843498e-06,,Cistrome,,20,,,Homeodomain Family,,paired box gene 5,Mus Musculus,B Lymphocyte,18507,Pax5,BSAP EBB-1 KLP Pax-5,NM_008782,32.0,,,,,,6977(6/8),-48.6339,(0) denovo (1) denovo (2) denovo (3) denovo (4) denovo (6) denovo (7) PAX5 Pax5 (10) PAX6 Pax6 (12) denovo (18) ZNF423 Zfp423,(0)  (1)  (2)  (3)  (4)  (6)  (7) Homeodomain Family (10) Homeodomain Family (12)  (18) BetaBetaAlpha-zinc finger Family (zf-C2H2),,10.0,"[[[0.324, 0.177, 0.399, 0.100], [0.295, 0.148, 0.253, 0.304], [0.435, 0.056, 0.452, 0.057], [0.310, 0.135, 0.334, 0.221], [0.030, 0.261, 0.410, 0.299], [0.049, 0.792, 0.009, 0.150], [0.837, 0.048, 0.068, 0.047], [0.185, 0.163, 0.520, 0.132], [0.024, 0.714, 0.181, 0.080], [0.141, 0.650, 0.158, 0.051], [0.707, 0.021, 0.238, 0.034], [0.573, 0.038, 0.154, 0.235], [0.010, 0.311, 0.664, 0.015], [0.022, 0.764, 0.039, 0.175], [0.399, 0.034, 0.528, 0.039], [0.040, 0.030, 0.160, 0.770], [0.230, 0.029, 0.709, 0.032], [0.610, 0.072, 0.183, 0.135], [0.245, 0.644, 0.066, 0.045]]]",Pax5
M01104|Ovol2,5.293658917437938e-06,,Transfac,,4,,15225875,BetaBetaAlpha-zinc finger Family,,ovo-like 2 (Drosophila),Mus Musculus,,107586,Ovol2,1700108N11Rik 1810007D21Rik M-OVO M-OVO-A M-OVO-B MOVO Ovo2 Zfp339 movo2,NM_026924|NM_152947,265.0,,,,,,,,,,,,"[[[0.107, 0.107, 0.643, 0.143], [0.161, 0.339, 0.179, 0.321], [0.036, 0.018, 0.936, 0.010], [0.010, 0.010, 0.679, 0.301], [0.010, 0.018, 0.962, 0.010], [0.250, 0.010, 0.730, 0.010], [0.010, 0.036, 0.929, 0.025]]]",Ovol2
MC00144|Rfx1,5.664355756995754e-06,,Cistrome,,16,,21106759,RFX Domain Family,,"regulatory factor X, 1 (influences HLA class II expression)",Mus Musculus,Neural Progenitor Cell,19724,Rfx1,,NM_009055,,,,,,,958(1/1),-51.132,(1) denovo|(2) Rfx4|(3) denovo|(5) denovo|(6) Rfxdc2|(7) RFX3 dimer|(9) RFX1|(15) Rfx3,(1)|(2) RFX Domain Family|(3)|(5)|(6)|(7)|(9) RFX Domain Family|(15) RFX Domain Family,,8.0,"[[[0.017, 0.713, 0.147, 0.122], [0.079, 0.467, 0.285, 0.170], [0.051, 0.025, 0.902, 0.022], [0.021, 0.135, 0.065, 0.779], [0.048, 0.323, 0.064, 0.566], [0.126, 0.110, 0.602, 0.162], [0.009, 0.869, 0.015, 0.107], [0.005, 0.851, 0.012, 0.132], [0.586, 0.209, 0.080, 0.125], [0.161, 0.105, 0.038, 0.696], [0.172, 0.018, 0.807, 0.003], [0.082, 0.021, 0.891, 0.006], [0.197, 0.597, 0.087, 0.119], [0.558, 0.041, 0.354, 0.046], [0.826, 0.068, 0.086, 0.020], [0.018, 0.888, 0.040, 0.053]]]",Rfx1
M01118|WT1,7.074965735820449e-06,,Transfac,,4,,"P1481890. New matrix entries., Rel102 Book 0001 (2006)",BetaBetaAlpha-zinc finger Family,,Wilms tumor 1,Homo Sapiens,,7490,WT1,AWT1 GUD WAGR WIT-2 WT33,NM_000378|NM_024424|NM_024425|NM_024426,137.0,,,,,,,,,,,,"[[[0.048, 0.561, 0.381, 0.010], [0.273, 0.500, 0.182, 0.045], [0.010, 0.970, 0.010, 0.010], [0.174, 0.348, 0.087, 0.391], [0.010, 0.970, 0.010, 0.010], [0.174, 0.806, 0.010, 0.010], [0.045, 0.409, 0.273, 0.273], [0.143, 0.381, 0.381, 0.095], [0.048, 0.714, 0.190, 0.048]]]",WT1
M00518|PPARG::RXRA,7.6271267279715005e-06,,Transfac,,4,,P1481798. Binding matrices compiled for TRANSFAC Book 2 0002 (2001),Hormone-nuclear Receptor Family,,"peroxisome proliferator-activated receptor gamma|retinoid X receptor, alpha",Homo Sapiens,,5468|6256,PPARG::RXRA,,NM_005037|NM_015869|NM_138711|NM_138712|NM_002957,178.0,,,,,,,,,,,,"[[[0.158, 0.316, 0.105, 0.421], [0.263, 0.316, 0.211, 0.210], [0.316, 0.105, 0.474, 0.105], [0.010, 0.010, 0.970, 0.010], [0.010, 0.010, 0.970, 0.010], [0.010, 0.053, 0.053, 0.884], [0.053, 0.684, 0.105, 0.158], [0.832, 0.053, 0.105, 0.010], [0.010, 0.010, 0.010, 0.970], [0.300, 0.010, 0.200, 0.490], [0.105, 0.105, 0.632, 0.158], [0.211, 0.053, 0.726, 0.010], [0.010, 0.010, 0.970, 0.010], [0.010, 0.010, 0.970, 0.010], [0.010, 0.010, 0.105, 0.875], [0.010, 0.526, 0.368, 0.096], [0.632, 0.010, 0.211, 0.147], [0.278, 0.167, 0.389, 0.166], [0.056, 0.056, 0.667, 0.221]]]",PPARG::RXRA
MC00158|E2f4,8.277887942109707e-06,,Cistrome,,16,,None,Transcription Factor Family,,E2F transcription factor 4,Mus Musculus,MEL,104394,E2f4,,NM_148952,,,,,,,3562(3/5),-36.0959,(1) E2F-1|(2) denovo|(3) denovo|(4) E2F-1|(5) denovo|(6) denovo|(7) E2F|(8) E2F-1|(9) E2F1|(11) E2F1|(14) denovo|(16) UGA3|(18) denovo,(1)|(2)|(3)|(4)|(5)|(6)|(7)|(8)|(9) Transcription Factor Family|(11) Transcription Factor Family|(14)|(16)|(18),,13.0,"[[[0.235, 0.096, 0.337, 0.332], [0.052, 0.180, 0.166, 0.602], [0.061, 0.044, 0.034, 0.862], [0.034, 0.105, 0.004, 0.857], [0.004, 0.712, 0.281, 0.003], [0.002, 0.515, 0.478, 0.005], [0.005, 0.990, 0.001, 0.004], [0.003, 0.000, 0.989, 0.008], [0.008, 0.746, 0.240, 0.005], [0.004, 0.603, 0.298, 0.095]]]",E2f4
M01175|ZBTB7B,9.058540991147002e-06,,Transfac,,4,,"P1481876. New matrix entries., Rel121 Book 0001 (2008)",BetaBetaAlpha-zinc finger Family,,zinc finger and BTB domain containing 7B,Homo Sapiens,,51043,ZBTB7B,DKFZp686G01254 THPOK ZBTB15 ZFP67 ZNF857B c-Krox hcKrox,NM_015872,150.0,,,,,,,,,,,,"[[[0.010, 0.400, 0.400, 0.190], [0.010, 0.970, 0.010, 0.010], [0.010, 0.970, 0.010, 0.010], [0.010, 0.970, 0.010, 0.010], [0.010, 0.010, 0.300, 0.680], [0.010, 0.880, 0.100, 0.010], [0.010, 0.970, 0.010, 0.010], [0.010, 0.970, 0.010, 0.010], [0.100, 0.600, 0.200, 0.100]]]",ZBTB7B
UP00021|Zfp281,9.33508039568931e-06,,UniPROBE,,9,,19443739,BetaBetaAlpha-zinc finger Family,,zinc finger protein 281,Mus Musculus,,226442,Zfp281,MGC70044 MGC7737,NM_001160251|NM_177643,239.0,,,,,,,,,,,,"[[[0.202, 0.165, 0.201, 0.432], [0.136, 0.443, 0.179, 0.242], [0.263, 0.555, 0.068, 0.114], [0.142, 0.738, 0.046, 0.074], [0.045, 0.884, 0.045, 0.026], [0.246, 0.591, 0.023, 0.140], [0.123, 0.591, 0.033, 0.253], [0.018, 0.945, 0.010, 0.027], [0.035, 0.945, 0.010, 0.010], [0.020, 0.954, 0.010, 0.016], [0.015, 0.964, 0.010, 0.011], [0.029, 0.936, 0.012, 0.023], [0.300, 0.517, 0.030, 0.153], [0.159, 0.513, 0.052, 0.276], [0.158, 0.647, 0.133, 0.062]]]",Zfp281
MC00319|EGR2,9.823628422944708e-06,,Cistrome,,20,,,BetaBetaAlpha-zinc finger Family,,early growth response 2,Homo Sapiens,macrophage,1959,EGR2,AT591 CMT1D CMT4E DKFZp686J1957 FLJ14547 KROX20,NM_000399|NM_001136177|NM_001136178|NM_001136179,30.0,,,,,,6450(3/3),-43.5206,(0) denovo (1) denovo (2) denovo (3) denovo (4) EGR1 Egr1 (5) EGR2 Egr2 (6) EGR4 Egr4 (7) denovo (8) EGR3 Egr3 (9) denovo (10) denovo (11) denovo (12) SP4 Sp4 (14) denovo (15) denovo,(0)  (1)  (2)  (3)  (4) BetaBetaAlpha-zinc finger Family (zf-C2H2) (5) BetaBetaAlpha-zinc finger Family (zf-C2H2) (6) BetaBetaAlpha-zinc finger Family (zf-C2H2) (7)  (8) BetaBetaAlpha-zinc finger Family (zf-C2H2) (9)  (10)  (11)  (12)  (14)  (15),,15.0,"[[[0.027, 0.028, 0.934, 0.010], [0.210, 0.634, 0.020, 0.136], [0.004, 0.012, 0.984, 0.000], [0.007, 0.014, 0.409, 0.570], [0.020, 0.012, 0.958, 0.010], [0.001, 0.007, 0.990, 0.002], [0.005, 0.011, 0.978, 0.006], [0.159, 0.577, 0.002, 0.262], [0.009, 0.012, 0.968, 0.011], [0.024, 0.017, 0.791, 0.167]]]",EGR2
MS00146|KLF16,9.954379725618523e-06,,SELEX,,9,,23332764,BetaBetaAlpha-zinc finger Family,,Kruppel-like factor 16,Homo Sapiens,293FT,83855,KLF16,,NM_031918,,,,,,,,,,,,,"[[[0.218, 0.175, 0.528, 0.079], [0.333, 0.596, 0.028, 0.043], [0.036, 0.928, 0.010, 0.026], [0.690, 0.281, 0.019, 0.010], [0.039, 0.940, 0.010, 0.011], [0.185, 0.064, 0.601, 0.150], [0.010, 0.970, 0.010, 0.010], [0.010, 0.970, 0.010, 0.010], [0.010, 0.924, 0.010, 0.056], [0.262, 0.703, 0.011, 0.024], [0.016, 0.791, 0.011, 0.182]]]",KLF16
MC00427|ETV1,1.1788723382755162e-05,,Cistrome,,16,,22012618,Ets Domain Family,,ets variant 1,Homo Sapiens,RWPE1,2115,ETV1,,NM_001163147|NM_001163148|NM_001163149|NM_001163150|NM_001163151|NM_001163152|NM_004956,,,,,,,4844(1/1),-19.6806,(1) denovo|(2) ELF1|(3) denovo|(4) WRNIP1|(5) denovo|(6) denovo|(7) RARG,(1)|(2) Ets Domain Family|(3)|(4)|(5)|(6)|(7) Hormone-nuclear Receptor Family,,7.0,"[[[0.156, 0.294, 0.447, 0.102], [0.207, 0.281, 0.423, 0.089], [0.207, 0.239, 0.436, 0.117], [0.364, 0.158, 0.454, 0.025], [0.076, 0.647, 0.251, 0.027], [0.328, 0.633, 0.025, 0.013], [0.011, 0.019, 0.966, 0.003], [0.008, 0.009, 0.973, 0.009], [0.942, 0.015, 0.031, 0.012], [0.854, 0.033, 0.030, 0.084], [0.034, 0.051, 0.904, 0.011], [0.025, 0.348, 0.036, 0.591], [0.141, 0.154, 0.636, 0.068], [0.210, 0.235, 0.515, 0.040], [0.176, 0.388, 0.350, 0.086], [0.139, 0.226, 0.461, 0.175]]]",ETV1
MC00109|Klf4,1.2158660552263889e-05,,Cistrome,,18,,18555785,BetaBetaAlpha-zinc finger Family,,Kruppel-like factor 4 (gut),Mus Musculus,E14,16600,Klf4,,NM_010637,,,,,,,180(1/1),-45.5333,(1) KLF4|(2) denovo|(3) denovo|(4) Klf4|(5) denovo|(6) CACD|(7) Klf7|(8) denovo|(9) denovo|(10) denovo|(12) Sp1|(13) Sp1|(14) Sp1|(15) GC box|(16) MET31|(17) Sp1|(18) Sp1|(19) AFT2|(20) SP4|(21) Sp4|(22) CACCC-binding factor,(1) BetaBetaAlpha-zinc finger Family|(2)|(3)|(4) BetaBetaAlpha-zinc finger Family|(5)|(6)|(7) BetaBetaAlpha-zinc finger Family|(8)|(9)|(10)|(12) BetaBetaAlpha-zinc finger Family|(13) BetaBetaAlpha-zinc finger Family|(14) BetaBetaAlpha-zinc finger Family|(15)|(16)|(17) BetaBetaAlpha-zinc finger Family|(18) BetaBetaAlpha-zinc finger Family|(19)|(20) BetaBetaAlpha-zinc finger Family|(21) BetaBetaAlpha-zinc finger Family|(22),,21.0,"[[[0.192, 0.220, 0.433, 0.155], [0.253, 0.312, 0.250, 0.184], [0.373, 0.021, 0.203, 0.402], [0.009, 0.002, 0.985, 0.004], [0.005, 0.002, 0.983, 0.010], [0.016, 0.002, 0.978, 0.004], [0.017, 0.475, 0.002, 0.506], [0.014, 0.003, 0.982, 0.001], [0.011, 0.007, 0.384, 0.598], [0.046, 0.011, 0.927, 0.016], [0.022, 0.028, 0.886, 0.064], [0.058, 0.579, 0.052, 0.311]]]",Klf4
MS00678|EGR4,1.531880538557795e-05,,SELEX,,9,,23332764,BetaBetaAlpha-zinc finger Family,,early growth response 4,Homo Sapiens,293FT,1961,EGR4,,NM_001965,,,,,,,,,,,,,"[[[0.209, 0.261, 0.180, 0.350], [0.209, 0.304, 0.096, 0.391], [0.551, 0.387, 0.030, 0.032], [0.020, 0.887, 0.030, 0.063], [0.063, 0.054, 0.803, 0.080], [0.010, 0.957, 0.014, 0.019], [0.025, 0.936, 0.023, 0.016], [0.010, 0.938, 0.024, 0.028], [0.718, 0.168, 0.056, 0.058], [0.010, 0.915, 0.024, 0.051], [0.025, 0.196, 0.751, 0.028], [0.010, 0.906, 0.038, 0.046], [0.682, 0.124, 0.123, 0.071], [0.324, 0.264, 0.077, 0.335], [0.259, 0.143, 0.115, 0.483], [0.210, 0.197, 0.165, 0.428]]]",EGR4
MS00843|GLI2,1.5452671576821064e-05,,SELEX,,9,,23332764,BetaBetaAlpha-zinc finger Family,,GLI family zinc finger 2,Homo Sapiens,239FT,2736,GLI2,,NM_005270,,,,,,,,,,,,,"[[[0.045, 0.047, 0.805, 0.103], [0.679, 0.192, 0.119, 0.010], [0.039, 0.941, 0.010, 0.010], [0.010, 0.970, 0.010, 0.010], [0.766, 0.090, 0.055, 0.089], [0.010, 0.970, 0.010, 0.010], [0.322, 0.658, 0.010, 0.010], [0.085, 0.792, 0.016, 0.107], [0.814, 0.018, 0.144, 0.024], [0.190, 0.546, 0.135, 0.129], [0.310, 0.183, 0.415, 0.092], [0.346, 0.145, 0.232, 0.277], [0.274, 0.363, 0.117, 0.246], [0.119, 0.198, 0.550, 0.133]]]",GLI2
MC00320|EGR1,1.616023336392658e-05,,Cistrome,,16,,None,BetaBetaAlpha-zinc finger Family,,early growth response 1,Homo Sapiens,K562,1958,EGR1,,NM_001964,,,,,,,2778(2/2),-55.6656,(1) denovo|(2) denovo|(3) denovo|(4) EGR4|(5) Egr-1|(6) EGR3|(7) EGR2|(8) Egr1|(9) denovo|(10) denovo|(11) denovo|(12) Egr|(13) denovo|(14) SP1|(15) denovo|(16) denovo|(18) Sp1|(19) SP4|(20) Sp1|(21) Sp1|(24) Sp1,(1)|(2)|(3)|(4) BetaBetaAlpha-zinc finger Family|(5)|(6) BetaBetaAlpha-zinc finger Family|(7) BetaBetaAlpha-zinc finger Family|(8) BetaBetaAlpha-zinc finger Family|(9)|(10)|(11)|(12)|(13)|(14) BetaBetaAlpha-zinc finger Family|(15)|(16)|(18) BetaBetaAlpha-zinc finger Family|(19) BetaBetaAlpha-zinc finger Family|(20) BetaBetaAlpha-zinc finger Family|(21) BetaBetaAlpha-zinc finger Family|(24) BetaBetaAlpha-zinc finger Family,,21.0,"[[[0.180, 0.773, 0.019, 0.027], [0.006, 0.985, 0.005, 0.004], [0.240, 0.002, 0.658, 0.100], [0.005, 0.991, 0.004, 0.000], [0.000, 0.996, 0.003, 0.001], [0.003, 0.978, 0.002, 0.017], [0.477, 0.516, 0.005, 0.002], [0.000, 0.997, 0.003, 0.000], [0.079, 0.007, 0.812, 0.102], [0.007, 0.952, 0.015, 0.026], [0.372, 0.325, 0.169, 0.134], [0.098, 0.453, 0.274, 0.175], [0.138, 0.409, 0.239, 0.214]]]",EGR1
MS00789|Egr3,1.729151788565364e-05,,SELEX,,9,,23332764,BetaBetaAlpha-zinc finger Family,,early growth response 3,Mus Musculus,293FT,13655,Egr3,,NM_018781,,,,,,,,,,,,,"[[[0.313, 0.241, 0.093, 0.353], [0.655, 0.323, 0.010, 0.012], [0.010, 0.970, 0.010, 0.010], [0.018, 0.010, 0.962, 0.010], [0.010, 0.970, 0.010, 0.010], [0.010, 0.970, 0.010, 0.010], [0.010, 0.936, 0.010, 0.044], [0.777, 0.203, 0.010, 0.010], [0.010, 0.970, 0.010, 0.010], [0.010, 0.010, 0.970, 0.010], [0.010, 0.970, 0.010, 0.010], [0.886, 0.031, 0.062, 0.021], [0.316, 0.269, 0.078, 0.337], [0.298, 0.117, 0.087, 0.498], [0.233, 0.214, 0.140, 0.413]]]",Egr3
MC00110|Klf1,1.837162746576304e-05,,Cistrome,,16,,20508144,BetaBetaAlpha-zinc finger Family,,Kruppel-like factor 1 (erythroid),Mus Musculus,Erythroblast,16596,Klf1,,NM_010635,,,,,,,1729(1/1),-14.1393,(1) KLF4,(1) BetaBetaAlpha-zinc finger Family,,1.0,"[[[0.330, 0.077, 0.549, 0.044], [0.143, 0.797, 0.038, 0.022], [0.055, 0.835, 0.017, 0.093], [0.615, 0.374, 0.005, 0.005], [0.044, 0.951, 0.000, 0.005], [0.621, 0.011, 0.313, 0.055], [0.005, 0.973, 0.005, 0.017], [0.011, 0.973, 0.005, 0.011], [0.011, 0.951, 0.000, 0.038], [0.451, 0.181, 0.005, 0.363], [0.170, 0.203, 0.368, 0.258], [0.214, 0.352, 0.214, 0.220]]]",Klf1
MC00430|Egr2,1.9970525169665798e-05,,Cistrome,,20,,,BetaBetaAlpha-zinc finger Family,,early growth response 2,Mus Musculus,Thymocyte,13654,Egr2,Egr-2 Krox-20 Krox20 NGF1-B Zfp-25 Zfp-6,NM_010118,30.0,,,,,,6157(2/2),-48.29600000000001,(0) denovo (1) denovo (2) denovo (3) denovo (4) EGR3 Egr3 (5) EGR2 Egr2 (6) EGR4 Egr4 (7) denovo (8) EGR1 Egr1 (9) denovo (10) denovo (11) denovo (12) denovo (13) SP4 Sp4 (14) KLF4 Klf4 (15) denovo (16) Ovol2 (17) denovo (18) denovo (19) denovo,(0)  (1)  (2)  (3)  (4) BetaBetaAlpha-zinc finger Family (zf-C2H2) (5) BetaBetaAlpha-zinc finger Family (zf-C2H2) (6) BetaBetaAlpha-zinc finger Family (zf-C2H2) (7)  (8) BetaBetaAlpha-zinc finger Family (zf-C2H2) (9)  (10)  (11)  (12)  (13)  (14) BetaBetaAlpha-zinc finger Family (zf-C2H2) (15)  (16) BetaBetaAlpha-zinc finger Family (zf-C2H2) (17)  (18)  (19),,20.0,"[[[0.247, 0.658, 0.034, 0.062], [0.019, 0.953, 0.010, 0.017], [0.234, 0.009, 0.609, 0.148], [0.005, 0.983, 0.006, 0.005], [0.004, 0.983, 0.010, 0.003], [0.006, 0.953, 0.010, 0.030], [0.922, 0.059, 0.011, 0.009], [0.003, 0.986, 0.005, 0.005], [0.234, 0.024, 0.572, 0.170], [0.011, 0.897, 0.042, 0.050], [0.364, 0.284, 0.195, 0.157], [0.079, 0.481, 0.231, 0.209], [0.203, 0.380, 0.223, 0.194]]]",Egr2
MC00182|E2F1,2.0179975960377128e-05,,Cistrome,,20,,20622854,Transcription Factor Family,,E2F transcription factor 1,Homo Sapiens,Epithelial / HeLa,1869,E2F1,E2F-1 RBAP1 RBBP3 RBP3,NM_005225,145.0,,,,,,313(1/1),-24.8378,(0) E2F-1 E2F1 (1) E2F-1 E2F1 (2) denovo (3) denovo (4) denovo (5) E2F4::TFDP2 (6) E2F1 E2f1 (7) denovo (8) denovo (9) E2F1::TFDP1 (10) E2F-1 E2F1 (11) E2F1::TFDP2 (12) E2F (13) E2F1 E2f1 (14) E2F1 E2f1 (15) E2F4::TFDP1 (16) E2F-1 E2F1 (17) E2F1 (18) E2F1 E2f1 (19) E2F1 E2f1 (20) E2F1 (21) E2F-1 E2F1 (23) UGA3 (24) E2F1 (25) E2F-1 E2F1 (26) denovo (27) E2F1 (28) E2F-1 E2F1 (29) E2F1 E2f1 (30) E2F1,(0)  (1)  (2)  (3)  (4)  (5)  (6) Transcription Factor Family (7)  (8)  (9)  (10)  (11)  (12)  (13) Transcription Factor Family (14) Transcription Factor Family (15)  (16)  (17) Transcription Factor Family (18) Transcription Factor Family (19) Transcription Factor Family (20) Transcription Factor Family (21)  (23)  (24) Transcription Factor Family (25)  (26)  (27) Transcription Factor Family (28)  (29) Transcription Factor Family (30) Transcription Factor Family,,30.0,"[[[0.252, 0.066, 0.371, 0.311], [0.063, 0.166, 0.155, 0.617], [0.088, 0.052, 0.055, 0.805], [0.053, 0.135, 0.005, 0.807], [0.008, 0.713, 0.275, 0.004], [0.008, 0.499, 0.480, 0.013], [0.013, 0.962, 0.003, 0.022], [0.009, 0.005, 0.974, 0.011], [0.008, 0.694, 0.291, 0.006], [0.005, 0.588, 0.265, 0.141]]]",E2F1
M01177|SREBF2,2.3298842678043385e-05,,Transfac,,4,,"P1481876. New matrix entries., Rel121 Book 0001 (2008)",Helix-Loop-Helix Family,,sterol regulatory element binding transcription factor 2,Homo Sapiens,,6721,SREBF2,SREBP2 bHLHd2,NM_004599,277.0,,,,,,,,,,,,"[[[0.333, 0.286, 0.190, 0.191], [0.143, 0.286, 0.381, 0.190], [0.238, 0.095, 0.571, 0.096], [0.010, 0.619, 0.010, 0.361], [0.010, 0.970, 0.010, 0.010], [0.970, 0.010, 0.010, 0.010], [0.010, 0.524, 0.238, 0.228], [0.190, 0.476, 0.095, 0.239], [0.143, 0.381, 0.190, 0.286], [0.095, 0.381, 0.381, 0.143], [0.429, 0.381, 0.095, 0.095], [0.150, 0.400, 0.300, 0.150]]]",SREBF2
M01122|ZNF219,2.349917293892334e-05,,Transfac,,4,,14621294|47626,BetaBetaAlpha-zinc finger Family,,zinc finger protein 219,Homo Sapiens,,51222,ZNF219,ZFP219,NM_001101672|NM_001102454|NM_016423,239.0,,,,,,,,,,,,"[[[0.024, 0.878, 0.049, 0.049], [0.333, 0.010, 0.438, 0.219], [0.010, 0.970, 0.010, 0.010], [0.010, 0.970, 0.010, 0.010], [0.010, 0.970, 0.010, 0.010], [0.010, 0.970, 0.010, 0.010], [0.010, 0.970, 0.010, 0.010], [0.100, 0.857, 0.033, 0.010], [0.203, 0.356, 0.102, 0.339], [0.018, 0.726, 0.246, 0.010], [0.211, 0.737, 0.018, 0.034], [0.053, 0.860, 0.070, 0.017]]]",ZNF219
MS00090|HINFP1,2.617237426810748e-05,,SELEX,,9,,23332764,BetaBetaAlpha-zinc finger Family,,,Homo Sapiens,293T,,HINFP1,,,,,,,,,,,,,,,"[[[0.043, 0.011, 0.936, 0.010], [0.010, 0.970, 0.010, 0.010], [0.010, 0.010, 0.970, 0.010], [0.010, 0.010, 0.970, 0.010], [0.970, 0.010, 0.010, 0.010], [0.010, 0.970, 0.010, 0.010], [0.010, 0.283, 0.697, 0.010], [0.030, 0.224, 0.198, 0.548], [0.037, 0.145, 0.234, 0.584], [0.010, 0.494, 0.465, 0.031], [0.555, 0.186, 0.173, 0.086], [0.539, 0.102, 0.344, 0.015], [0.010, 0.784, 0.196, 0.010], [0.010, 0.010, 0.970, 0.010], [0.010, 0.010, 0.010, 0.970], [0.010, 0.970, 0.010, 0.010], [0.010, 0.970, 0.010, 0.010], [0.010, 0.010, 0.970, 0.010], [0.010, 0.967, 0.013, 0.010]]]",HINFP1
MC00328|Zfx,2.6382674166769426e-05,,Cistrome,,16,,18555785,BetaBetaAlpha-zinc finger Family,,zinc finger protein X-linked,Mus Musculus,E14,22764,Zfx,,NM_001044386|NM_011768,,,,,,,179(1/1),-28.9358,(1) Zfa|(2) Zfx|(3) denovo|(4) denovo|(5) denovo|(6) denovo|(7) denovo|(8) denovo|(9) denovo|(10) denovo|(11) denovo,(1)|(2) BetaBetaAlpha-zinc finger Family|(3)|(4)|(5)|(6)|(7)|(8)|(9)|(10)|(11),,11.0,"[[[0.114, 0.373, 0.455, 0.058], [0.179, 0.357, 0.289, 0.175], [0.043, 0.548, 0.405, 0.004], [0.082, 0.538, 0.135, 0.245], [0.817, 0.014, 0.163, 0.006], [0.003, 0.002, 0.994, 0.001], [0.004, 0.001, 0.990, 0.005], [0.016, 0.966, 0.002, 0.015], [0.004, 0.985, 0.002, 0.009], [0.031, 0.209, 0.428, 0.332], [0.136, 0.599, 0.136, 0.128], [0.276, 0.026, 0.646, 0.052], [0.056, 0.376, 0.544, 0.024], [0.182, 0.498, 0.188, 0.132], [0.117, 0.379, 0.411, 0.093], [0.086, 0.449, 0.395, 0.071]]]",Zfx
MC00134|Ppara,3.047883978879451e-05,,Cistrome,,18,,22158963,Hormone-nuclear Receptor Family,,peroxisome proliferator activated receptor alpha,Mus Musculus,Hepatocyte,19013,Ppara,,NM_001113418|NM_011144,,,,,,,4868(4/4),-36.7704,(1) PPARG|(2) denovo|(3) denovo|(4) PPAR|(5) denovo|(6) HNF4A|(7) HNF4|(8) Nr1h2::Rxra|(9) PPARA|(10) PPARA|(11) Rxrg|(12) PITX2|(13) PPARG|(14) HNF4alpha1|(15) denovo|(16) HNF4A|(17) PPARA::RXRA|(18) denovo|(19) Nr2f2|(21) Rara|(22) NR2F6|(23) denovo|(24) HNF4A|(32) NR2E3,(1) Hormone-nuclear Receptor Family|(2)|(3)|(4)|(5)|(6) Hormone-nuclear Receptor Family|(7)|(8) Hormone-nuclear Receptor Family|(9) Hormone-nuclear Receptor Family|(10) Hormone-nuclear Receptor Family|(11) Hormone-nuclear Receptor Family|(12) Homeodomain Family|(13) Hormone-nuclear Receptor Family|(14)|(15)|(16) Hormone-nuclear Receptor Family|(17)|(18)|(19) Hormone-nuclear Receptor Family|(21) Hormone-nuclear Receptor Family|(22) Hormone-nuclear Receptor Family|(23)|(24) Hormone-nuclear Receptor Family|(32) Hormone-nuclear Receptor Family,,24.0,"[[[0.080, 0.045, 0.059, 0.815], [0.155, 0.168, 0.614, 0.063], [0.605, 0.253, 0.109, 0.033], [0.141, 0.808, 0.004, 0.047], [0.010, 0.883, 0.003, 0.104], [0.005, 0.131, 0.007, 0.856], [0.035, 0.288, 0.047, 0.630], [0.011, 0.023, 0.017, 0.949], [0.105, 0.224, 0.594, 0.078], [0.300, 0.428, 0.137, 0.134], [0.030, 0.797, 0.013, 0.160], [0.083, 0.793, 0.004, 0.120], [0.074, 0.412, 0.023, 0.491], [0.580, 0.141, 0.149, 0.130], [0.146, 0.354, 0.377, 0.123]]]",Ppara
MC00187|Ctcf,3.085856530299358e-05,,Cistrome,,16,,22170606,BetaBetaAlpha-zinc finger Family,,CCCTC-binding factor,Mus Musculus,Embryonic Stem Cell (ESC),13018,Ctcf,,NM_007794|NM_181322,,,,,,,5447(23/23),-67.8105,(1) denovo|(2) CTCF|(3) denovo|(4) CTCF|(5) denovo|(6) denovo|(7) denovo,(1)|(2) BetaBetaAlpha-zinc finger Family|(3)|(4) BetaBetaAlpha-zinc finger Family|(5)|(6)|(7),,7.0,"[[[0.261, 0.063, 0.554, 0.122], [0.073, 0.869, 0.029, 0.029], [0.009, 0.986, 0.004, 0.001], [0.746, 0.025, 0.163, 0.066], [0.026, 0.630, 0.334, 0.010], [0.123, 0.483, 0.050, 0.344], [0.921, 0.020, 0.028, 0.031], [0.005, 0.002, 0.991, 0.002], [0.337, 0.003, 0.653, 0.007], [0.035, 0.035, 0.634, 0.296], [0.005, 0.001, 0.990, 0.004], [0.047, 0.013, 0.888, 0.052], [0.068, 0.891, 0.005, 0.036], [0.300, 0.007, 0.687, 0.006], [0.066, 0.652, 0.256, 0.026], [0.086, 0.388, 0.064, 0.462]]]",Ctcf
M00378|PAX4,3.240021910716484e-05,,Transfac,,4,,10567552,Homeodomain Family,,paired box 4,Homo Sapiens,,5078,PAX4,KPD MGC129960 MODY9,NM_006193,20.0,,,,,,,,,,,,"[[[0.353, 0.235, 0.235, 0.177], [0.471, 0.118, 0.176, 0.235], [0.176, 0.294, 0.176, 0.354], [0.235, 0.353, 0.176, 0.236], [0.235, 0.412, 0.059, 0.294], [0.118, 0.529, 0.010, 0.343], [0.059, 0.872, 0.059, 0.010], [0.941, 0.010, 0.010, 0.039], [0.059, 0.813, 0.118, 0.010], [0.176, 0.706, 0.010, 0.108], [0.059, 0.706, 0.176, 0.059], [0.010, 0.375, 0.375, 0.240]]]",PAX4
M00143|PAX5,3.650434737334507e-05,,Transfac,,4,,8406007,Homeodomain Family,,paired box 5,Homo Sapiens,,5079,PAX5,BSAP,NM_016734,351.0,,,,,,,,,,,,"[[[0.010, 0.286, 0.286, 0.418], [0.143, 0.714, 0.010, 0.133], [0.143, 0.286, 0.429, 0.142], [0.429, 0.143, 0.143, 0.285], [0.286, 0.143, 0.429, 0.142], [0.429, 0.010, 0.551, 0.010], [0.143, 0.429, 0.286, 0.142], [0.010, 0.143, 0.571, 0.276], [0.010, 0.970, 0.010, 0.010], [0.970, 0.010, 0.010, 0.010], [0.286, 0.286, 0.286, 0.142], [0.010, 0.286, 0.286, 0.418], [0.010, 0.143, 0.837, 0.010], [0.429, 0.143, 0.143, 0.285], [0.286, 0.010, 0.143, 0.561], [0.010, 0.010, 0.970, 0.010], [0.286, 0.429, 0.143, 0.142], [0.429, 0.010, 0.551, 0.010], [0.143, 0.010, 0.286, 0.561], [0.561, 0.143, 0.286, 0.010], [0.143, 0.143, 0.704, 0.010], [0.286, 0.694, 0.010, 0.010], [0.143, 0.418, 0.429, 0.010], [0.286, 0.010, 0.571, 0.133], [0.143, 0.561, 0.286, 0.010], [0.286, 0.429, 0.010, 0.275], [0.143, 0.429, 0.286, 0.142], [0.010, 0.429, 0.286, 0.275]]]",PAX5
MS00346|ZIC3,3.6694445553375754e-05,,SELEX,,9,,23332764,BetaBetaAlpha-zinc finger Family,,"Zic family member 3 (odd-paired homolog, Drosophila)",Homo Sapiens,FT293,7547,ZIC3,,NM_003413,,,,,,,,,,,,,"[[[0.066, 0.166, 0.540, 0.228], [0.675, 0.134, 0.181, 0.010], [0.033, 0.938, 0.010, 0.019], [0.032, 0.922, 0.014, 0.032], [0.096, 0.811, 0.010, 0.083], [0.010, 0.970, 0.010, 0.010], [0.010, 0.970, 0.010, 0.010], [0.010, 0.680, 0.010, 0.300], [0.089, 0.020, 0.881, 0.010], [0.018, 0.820, 0.028, 0.134], [0.069, 0.100, 0.204, 0.627], [0.013, 0.010, 0.964, 0.013], [0.120, 0.445, 0.065, 0.370], [0.012, 0.010, 0.883, 0.095], [0.279, 0.392, 0.065, 0.264]]]",ZIC3
MC00510|E2f3,3.780465002101163e-05,,Cistrome,,16,,22157815,Transcription Factor Family,,E2F transcription factor 3,Mus Musculus,Fibroblast,13557,E2f3,,NM_010093,,,,,,,5006(1/2),-33.6646,(1) denovo|(2) denovo|(5) denovo|(8) denovo|(14) denovo|(15) denovo|(19) denovo|(20) denovo|(21) SP2|(23) denovo,(1)|(2)|(5)|(8)|(14)|(15)|(19)|(20)|(21) BetaBetaAlpha-zinc finger Family|(23),,10.0,"[[[0.154, 0.129, 0.549, 0.167], [0.072, 0.234, 0.685, 0.009], [0.008, 0.014, 0.969, 0.008], [0.010, 0.976, 0.009, 0.004], [0.009, 0.012, 0.975, 0.003], [0.011, 0.011, 0.975, 0.002], [0.002, 0.016, 0.968, 0.013], [0.970, 0.012, 0.010, 0.007], [0.462, 0.116, 0.408, 0.014], [0.209, 0.301, 0.477, 0.012]]]",E2f3
MA0116|Zfp423,3.9254858844428586e-05,,JASPAR,,6,,9774661,BetaBetaAlpha-zinc finger Family,,zinc finger protein 423,Mus Musculus,,94187,Zfp423,Ebfaz Roaz Zfp104 Znf423 ataxia1 mKIAA0760 nur12,NM_033327,202.0,,,,,,,,,,,,"[[[0.212, 0.121, 0.657, 0.010], [0.010, 0.485, 0.495, 0.010], [0.485, 0.495, 0.010, 0.010], [0.495, 0.485, 0.010, 0.010], [0.010, 0.970, 0.010, 0.010], [0.010, 0.970, 0.010, 0.010], [0.030, 0.515, 0.010, 0.445], [0.727, 0.010, 0.010, 0.253], [0.394, 0.010, 0.485, 0.111], [0.010, 0.010, 0.970, 0.010], [0.010, 0.010, 0.970, 0.010], [0.010, 0.010, 0.515, 0.465], [0.010, 0.010, 0.485, 0.495], [0.010, 0.242, 0.485, 0.263], [0.333, 0.647, 0.010, 0.010]]]",Zfp423
MC00374|TFAP2C,4.676158396998975e-05,,Cistrome,,16,,20629094,Helix-Loop-Helix Family,,transcription factor AP-2 gamma (activating enhancer binding protein 2 gamma),Homo Sapiens,MCF-7,7022,TFAP2C,,NM_003222,,,,,,,3516(1/1),-44.7706,(1) denovo|(2) AP-2alphaA|(3) denovo|(4) denovo|(5) denovo|(6) TFAP2C|(7) AP-2alphaA|(8) TFAP2A|(9) AP-2alpha|(10) AP-2|(11) denovo|(12) denovo,(1)|(2)|(3)|(4)|(5)|(6) Helix-Loop-Helix Family|(7)|(8) Helix-Loop-Helix Family|(9)|(10)|(11)|(12),,12.0,"[[[0.209, 0.309, 0.071, 0.411], [0.276, 0.090, 0.341, 0.293], [0.016, 0.294, 0.672, 0.018], [0.009, 0.972, 0.011, 0.008], [0.010, 0.953, 0.005, 0.032], [0.011, 0.397, 0.022, 0.570], [0.029, 0.595, 0.343, 0.032], [0.779, 0.016, 0.198, 0.007], [0.022, 0.002, 0.971, 0.005], [0.007, 0.011, 0.969, 0.013], [0.009, 0.486, 0.491, 0.014], [0.265, 0.467, 0.086, 0.183], [0.452, 0.257, 0.114, 0.178]]]",TFAP2C
UP00102|ZIC1,4.729025214128546e-05,,UniPROBE,,9,,19443739,BetaBetaAlpha-zinc finger Family,,"Zic family member 1 (odd-paired homolog, Drosophila)",Homo Sapiens,,7545,ZIC1,ZIC ZNF201,NM_003412,97.0,,,,,,,,,,,,"[[[0.174, 0.368, 0.270, 0.188], [0.360, 0.310, 0.111, 0.219], [0.094, 0.790, 0.026, 0.090], [0.115, 0.779, 0.051, 0.055], [0.105, 0.838, 0.032, 0.025], [0.045, 0.825, 0.074, 0.056], [0.146, 0.593, 0.228, 0.033], [0.045, 0.175, 0.608, 0.172], [0.056, 0.074, 0.825, 0.045], [0.025, 0.032, 0.838, 0.105], [0.055, 0.051, 0.779, 0.115], [0.089, 0.026, 0.790, 0.095], [0.061, 0.068, 0.717, 0.154], [0.098, 0.195, 0.592, 0.115]]]",ZIC1
MS00239|Tcfap2a,4.7622340922093276e-05,,SELEX,,9,,23332764,Helix-Loop-Helix Family,,"transcription factor AP-2, alpha",Mus Musculus,293T,21418,Tcfap2a,,NM_001122948|NM_011547,,,,,,,,,,,,,"[[[0.142, 0.264, 0.032, 0.562], [0.073, 0.181, 0.736, 0.010], [0.010, 0.925, 0.055, 0.010], [0.010, 0.970, 0.010, 0.010], [0.010, 0.709, 0.051, 0.230], [0.035, 0.449, 0.185, 0.331], [0.308, 0.351, 0.300, 0.041], [0.420, 0.093, 0.477, 0.010], [0.010, 0.019, 0.961, 0.010], [0.010, 0.150, 0.830, 0.010], [0.010, 0.880, 0.075, 0.035], [0.521, 0.085, 0.218, 0.176]]]",Tcfap2a
