,pval,edition,source,sourcefile,status,numseqs,pmid,dbd,family,description,species,cellline,entrez,symbol,synonym,refseq,cluster,comment2,comment2.1,comment3,comment4,comment5,datasetid,zscore,seqfactors,seqdbds,seqdatasetid,nmotifs,pssm
MC00333|ESR2,5.995100397663622e-12,,Cistrome,,18,,21235772,Hormone-nuclear Receptor Family,,estrogen receptor 2 (ER beta),Homo Sapiens,MCF-7,2100,ESR2,,NM_001040275|NM_001040276|NM_001437,,,,,,,2651(2/4),-34.7023,(1) ESR1|(2) ESR2|(3) ERalpha,(1) Hormone-nuclear Receptor Family|(2) Hormone-nuclear Receptor Family|(3),,3.0,"[[[0.282, 0.234, 0.321, 0.164], [0.260, 0.185, 0.323, 0.232], [0.133, 0.353, 0.318, 0.196], [0.197, 0.461, 0.132, 0.210], [0.268, 0.443, 0.127, 0.162], [0.624, 0.068, 0.200, 0.109], [0.091, 0.016, 0.781, 0.112], [0.076, 0.060, 0.793, 0.071], [0.098, 0.136, 0.189, 0.577], [0.014, 0.757, 0.147, 0.081], [0.754, 0.045, 0.096, 0.104], [0.126, 0.552, 0.179, 0.142], [0.145, 0.557, 0.086, 0.211], [0.156, 0.486, 0.200, 0.159], [0.114, 0.071, 0.017, 0.798], [0.068, 0.047, 0.866, 0.019], [0.480, 0.309, 0.098, 0.112], [0.043, 0.865, 0.025, 0.068], [0.138, 0.711, 0.008, 0.142], [0.070, 0.385, 0.059, 0.486]]]"
MS00079|HINFP1,1.3303344386786835e-11,,SELEX,,9,,23332764,BetaBetaAlpha-zinc finger Family,,,Homo Sapiens,293T,,HINFP1,,,,,,,,,,,,,,,"[[[0.018, 0.010, 0.962, 0.010], [0.010, 0.970, 0.010, 0.010], [0.010, 0.010, 0.970, 0.010], [0.010, 0.010, 0.970, 0.010], [0.970, 0.010, 0.010, 0.010], [0.010, 0.970, 0.010, 0.010], [0.010, 0.114, 0.866, 0.010], [0.010, 0.299, 0.133, 0.558], [0.073, 0.329, 0.121, 0.477], [0.097, 0.261, 0.632, 0.010], [0.010, 0.699, 0.050, 0.241], [0.724, 0.015, 0.222, 0.039], [0.531, 0.162, 0.297, 0.010], [0.010, 0.819, 0.161, 0.010], [0.010, 0.010, 0.970, 0.010], [0.010, 0.010, 0.010, 0.970], [0.010, 0.970, 0.010, 0.010], [0.010, 0.970, 0.010, 0.010], [0.010, 0.010, 0.970, 0.010], [0.010, 0.970, 0.010, 0.010]]]"
UP00330|XBP1,1.4859682213672402e-11,,UniPROBE,,9,,19158363,Leucine Zipper Family,,X-box binding protein 1,Homo Sapiens,,7494,XBP1,TREB5 XBP2,NM_001079539|NM_005080,378.0,,,,,,,,,,,,"[[[0.166, 0.339, 0.232, 0.263], [0.145, 0.254, 0.208, 0.393], [0.165, 0.472, 0.149, 0.214], [0.185, 0.130, 0.367, 0.318], [0.240, 0.280, 0.232, 0.248], [0.306, 0.182, 0.283, 0.229], [0.069, 0.340, 0.070, 0.521], [0.015, 0.683, 0.019, 0.283], [0.010, 0.030, 0.010, 0.950], [0.010, 0.970, 0.010, 0.010], [0.016, 0.010, 0.964, 0.010], [0.950, 0.010, 0.030, 0.010], [0.283, 0.019, 0.683, 0.015], [0.521, 0.070, 0.340, 0.069], [0.272, 0.129, 0.363, 0.236], [0.420, 0.161, 0.319, 0.100], [0.076, 0.235, 0.121, 0.568], [0.131, 0.129, 0.464, 0.276], [0.264, 0.313, 0.178, 0.245], [0.255, 0.110, 0.450, 0.185]]]"
UP00084|Gmeb1,2.599409048699488e-11,,UniPROBE,,9,,19443739,Sand Domain Family,,glucocorticoid modulatory element binding protein 1,Mus Musculus,,56809,Gmeb1,1110050A04Rik AI256615 AI481278,NM_001122992|NM_020273,183.0,,,,,,,,,,,,"[[[0.167, 0.265, 0.346, 0.222], [0.336, 0.314, 0.153, 0.197], [0.105, 0.232, 0.348, 0.315], [0.131, 0.216, 0.291, 0.362], [0.126, 0.072, 0.405, 0.397], [0.050, 0.039, 0.325, 0.586], [0.695, 0.010, 0.285, 0.010], [0.010, 0.970, 0.010, 0.010], [0.010, 0.010, 0.970, 0.010], [0.010, 0.285, 0.010, 0.695], [0.586, 0.325, 0.039, 0.050], [0.397, 0.405, 0.072, 0.126], [0.207, 0.235, 0.372, 0.186], [0.436, 0.145, 0.181, 0.238], [0.176, 0.260, 0.231, 0.333], [0.272, 0.213, 0.312, 0.203], [0.237, 0.251, 0.267, 0.245]]]"
M00736|E2F1::TFDP1,4.321631543098754e-11,,Transfac,,4,,9372931,Transcription Factor Family,,E2F transcription factor 1|transcription factor Dp-1,Homo Sapiens,,1869|7027,E2F1::TFDP1,,NM_005225|NM_007111|NR_026580,145.0,,,,,,,,,,,,"[[[0.160, 0.120, 0.040, 0.680], [0.080, 0.040, 0.010, 0.870], [0.010, 0.010, 0.010, 0.970], [0.010, 0.660, 0.320, 0.010], [0.010, 0.540, 0.440, 0.010], [0.010, 0.970, 0.010, 0.010], [0.120, 0.010, 0.860, 0.010], [0.010, 0.740, 0.240, 0.010]]]"
M01002|DEAF1,4.4072905000751435e-11,,Transfac,,4,,9773984,Sand Domain Family,,deformed epidermal autoregulatory factor 1 (Drosophila),Homo Sapiens,,10522,DEAF1,NUDR SPN ZMYND5,NM_021008,316.0,,,,,,,,,,,,"[[[0.308, 0.154, 0.462, 0.076], [0.267, 0.400, 0.200, 0.133], [0.333, 0.133, 0.333, 0.201], [0.250, 0.188, 0.375, 0.187], [0.400, 0.150, 0.400, 0.050], [0.143, 0.238, 0.010, 0.609], [0.048, 0.010, 0.048, 0.894], [0.010, 0.970, 0.010, 0.010], [0.010, 0.048, 0.932, 0.010], [0.048, 0.010, 0.905, 0.037], [0.095, 0.095, 0.619, 0.191], [0.333, 0.143, 0.143, 0.381], [0.476, 0.143, 0.286, 0.095], [0.095, 0.048, 0.095, 0.762], [0.010, 0.286, 0.010, 0.694], [0.050, 0.010, 0.100, 0.840], [0.010, 0.714, 0.010, 0.266], [0.010, 0.810, 0.010, 0.170], [0.010, 0.235, 0.745, 0.010], [0.118, 0.059, 0.647, 0.176], [0.294, 0.118, 0.471, 0.117], [0.489, 0.063, 0.438, 0.010], [0.188, 0.125, 0.250, 0.437], [0.071, 0.071, 0.571, 0.287], [0.214, 0.286, 0.143, 0.357]]]"
MC00299|BRCA1,6.838751141149391e-11,,Cistrome,,20,,,Ring finger domain family,,"breast cancer 1, early onset",Homo Sapiens,H1,672,BRCA1,BRCAI BRCC1 BROVCA1 IRIS PNCA4 PSCP RNF53,NM_007294|NM_007295|NM_007296|NM_007297|NM_007298|NM_007299|NM_007300|NM_007302|NM_007303|NM_007304|NM_007305|NR_027676,311.0,,,,,,6761(4/4),-48.7831,(0) denovo (1) denovo (2) denovo (3) BRCA1 (4) denovo (5) ZBTB33 (6) denovo (7) denovo (8) denovo (9) ETS1 (10) denovo (11) denovo (13) denovo (14) denovo (15) ZBTB33 Zbtb33,(0)  (1)  (2)  (3) Ring finger domain family (4)  (5) BetaBetaAlpha-zinc finger Family (zf-C2H2) (6)  (7)  (8)  (9) Ets Domain Family (10)  (11)  (13)  (14)  (15) BetaBetaAlpha-zinc finger Family (zf-C2H2),,15.0,"[[[0.090, 0.474, 0.367, 0.069], [0.609, 0.085, 0.172, 0.135], [0.373, 0.181, 0.398, 0.048], [0.265, 0.260, 0.281, 0.194], [0.054, 0.151, 0.072, 0.723], [0.174, 0.736, 0.072, 0.017], [0.056, 0.124, 0.055, 0.764], [0.020, 0.910, 0.048, 0.021], [0.029, 0.043, 0.897, 0.032], [0.025, 0.895, 0.033, 0.048], [0.025, 0.021, 0.935, 0.018], [0.767, 0.074, 0.107, 0.052], [0.025, 0.069, 0.714, 0.193], [0.680, 0.063, 0.225, 0.032], [0.211, 0.262, 0.311, 0.216], [0.105, 0.388, 0.203, 0.304]]]"
M00373|PAX4,7.040932600627245e-11,,Transfac,,4,,10567553,Homeodomain Family,,paired box 4,Homo Sapiens,,5078,PAX4,KPD MGC129960 MODY9,NM_006193,23.0,,,,,,,,,,,,"[[[0.154, 0.269, 0.308, 0.269], [0.029, 0.114, 0.743, 0.114], [0.143, 0.381, 0.238, 0.238], [0.262, 0.357, 0.371, 0.010], [0.070, 0.070, 0.581, 0.279], [0.010, 0.085, 0.064, 0.841], [0.010, 0.654, 0.326, 0.010], [0.827, 0.023, 0.140, 0.010], [0.256, 0.116, 0.140, 0.488], [0.010, 0.093, 0.791, 0.106], [0.070, 0.698, 0.163, 0.069], [0.070, 0.070, 0.767, 0.093], [0.010, 0.171, 0.171, 0.648], [0.184, 0.132, 0.605, 0.079], [0.250, 0.344, 0.156, 0.250], [0.200, 0.133, 0.400, 0.267], [0.133, 0.467, 0.367, 0.033], [0.323, 0.161, 0.419, 0.097], [0.276, 0.207, 0.276, 0.241], [0.074, 0.481, 0.148, 0.297], [0.240, 0.360, 0.240, 0.160]]]"
MC00418|ZBTB33,8.71296587488596e-11,,Cistrome,,16,,None,BetaBetaAlpha-zinc finger Family,,zinc finger and BTB domain containing 33,Homo Sapiens,K562,10009,ZBTB33,,NM_001184742|NM_006777,,,,,,,6154(7/8),-48.1788,(1) BRCA1|(2) ZBTB33|(3) denovo|(4) denovo|(5) denovo|(6) denovo|(7) denovo|(8) denovo|(9) ETS1|(10) denovo|(11) denovo,(1)|(2) BetaBetaAlpha-zinc finger Family|(3)|(4)|(5)|(6)|(7)|(8)|(9) Ets Domain Family|(10)|(11),,11.0,"[[[0.294, 0.195, 0.384, 0.127], [0.199, 0.301, 0.283, 0.216], [0.037, 0.170, 0.072, 0.721], [0.174, 0.740, 0.066, 0.021], [0.030, 0.125, 0.045, 0.800], [0.013, 0.930, 0.018, 0.038], [0.094, 0.024, 0.861, 0.021], [0.027, 0.881, 0.041, 0.051], [0.025, 0.043, 0.918, 0.014], [0.743, 0.067, 0.116, 0.075], [0.015, 0.076, 0.728, 0.180], [0.686, 0.102, 0.166, 0.046], [0.173, 0.268, 0.231, 0.328], [0.032, 0.428, 0.148, 0.393], [0.164, 0.124, 0.085, 0.627], [0.070, 0.304, 0.555, 0.072]]]"
M01714|KLF15,1.232020140730644e-10,,Transfac,,4,,"P1481883. New matrix entries., Rel20102 Book 0001 (2010)",BetaBetaAlpha-zinc finger Family,,Kruppel-like factor 15,Homo Sapiens,,28999,KLF15,DKFZp779M1320 KKLF,NM_014079,372.0,,,,,,,,,,,,"[[[0.111, 0.111, 0.667, 0.111], [0.600, 0.100, 0.200, 0.100], [0.182, 0.010, 0.636, 0.172], [0.091, 0.273, 0.364, 0.272], [0.273, 0.182, 0.273, 0.272], [0.010, 0.010, 0.970, 0.010], [0.010, 0.010, 0.970, 0.010], [0.010, 0.010, 0.970, 0.010], [0.010, 0.010, 0.909, 0.071], [0.364, 0.364, 0.091, 0.181], [0.010, 0.091, 0.889, 0.010], [0.091, 0.010, 0.182, 0.717], [0.273, 0.010, 0.364, 0.353], [0.182, 0.182, 0.545, 0.091]]]"
M01742|Zscan10,1.9103333670925562e-10,,Transfac,,4,,19740739,BetaBetaAlpha-zinc finger Family,,zinc finger and SCAN domain containing 10,Mus Musculus,,332221,Zscan10,BC068284 Zfp206 Zkscan10 Znf206,NM_001033425,164.0,,,,,,,,,,,,"[[[0.010, 0.214, 0.028, 0.748], [0.052, 0.010, 0.928, 0.010], [0.022, 0.958, 0.010, 0.010], [0.010, 0.010, 0.970, 0.010], [0.010, 0.968, 0.012, 0.010], [0.864, 0.054, 0.066, 0.016], [0.048, 0.108, 0.379, 0.465], [0.012, 0.028, 0.946, 0.014], [0.010, 0.952, 0.010, 0.028], [0.010, 0.024, 0.862, 0.104], [0.010, 0.866, 0.018, 0.106]]]"
UP00006|Zic3,2.1403227398667116e-10,,UniPROBE,,9,,19443739,BetaBetaAlpha-zinc finger Family,,zinc finger protein of the cerebellum 3,Mus Musculus,,22773,Zic3,Bn,NM_009575,97.0,,,,,,,,,,,,"[[[0.133, 0.375, 0.253, 0.239], [0.305, 0.451, 0.094, 0.150], [0.125, 0.724, 0.028, 0.123], [0.129, 0.755, 0.045, 0.071], [0.118, 0.810, 0.037, 0.035], [0.047, 0.817, 0.077, 0.059], [0.047, 0.791, 0.144, 0.018], [0.060, 0.088, 0.665, 0.187], [0.059, 0.077, 0.817, 0.047], [0.036, 0.037, 0.810, 0.117], [0.070, 0.045, 0.755, 0.130], [0.123, 0.028, 0.724, 0.125], [0.104, 0.069, 0.636, 0.191], [0.071, 0.198, 0.581, 0.150], [0.147, 0.235, 0.230, 0.388]]]"
M00327|PAX3,2.3084387923887148e-10,,Transfac,,4,,8633043,Homeodomain Family,,paired box 3,Homo Sapiens,,5077,PAX3,CDHS HUP2 MGC120381 MGC120382 MGC120383 MGC120384 MGC134778 WS1 WS3,NM_000438|NM_001127366|NM_013942|NM_181457|NM_181458|NM_181459|NM_181460|NM_181461,362.0,,,,,,,,,,,,"[[[0.412, 0.098, 0.196, 0.294], [0.333, 0.294, 0.176, 0.197], [0.451, 0.255, 0.196, 0.098], [0.255, 0.196, 0.196, 0.353], [0.235, 0.157, 0.216, 0.392], [0.196, 0.255, 0.255, 0.294], [0.078, 0.549, 0.176, 0.197], [0.059, 0.039, 0.804, 0.098], [0.118, 0.039, 0.010, 0.833], [0.020, 0.745, 0.216, 0.019], [0.863, 0.059, 0.020, 0.058], [0.020, 0.882, 0.010, 0.088], [0.010, 0.010, 0.902, 0.078], [0.020, 0.412, 0.490, 0.078], [0.196, 0.059, 0.010, 0.735], [0.196, 0.294, 0.020, 0.490], [0.294, 0.196, 0.294, 0.216], [0.294, 0.275, 0.157, 0.274], [0.294, 0.098, 0.412, 0.196], [0.255, 0.196, 0.294, 0.255], [0.314, 0.157, 0.176, 0.353]]]"
M00665|SP3,2.5129931338573455e-10,,Transfac,,4,,P1481859. New TRANSFAC MATRIX entries Book 3 0001 (2002),BetaBetaAlpha-zinc finger Family,,Sp3 transcription factor,Homo Sapiens,,6670,SP3,DKFZp686O1631 SPR2,NM_001017371|NM_001172712|NM_003111,320.0,,,,,,,,,,,,"[[[0.970, 0.010, 0.010, 0.010], [0.010, 0.333, 0.500, 0.157], [0.333, 0.500, 0.010, 0.157], [0.333, 0.647, 0.010, 0.010], [0.010, 0.167, 0.167, 0.656], [0.167, 0.010, 0.167, 0.656], [0.010, 0.333, 0.647, 0.010], [0.010, 0.010, 0.667, 0.313], [0.010, 0.010, 0.970, 0.010], [0.167, 0.333, 0.490, 0.010], [0.490, 0.167, 0.333, 0.010], [0.167, 0.010, 0.813, 0.010], [0.010, 0.167, 0.813, 0.010], [0.010, 0.010, 0.970, 0.010]]]"
UP00102|ZIC1,2.6968779361727e-10,,UniPROBE,,9,,19443739,BetaBetaAlpha-zinc finger Family,,"Zic family member 1 (odd-paired homolog, Drosophila)",Homo Sapiens,,7545,ZIC1,ZIC ZNF201,NM_003412,97.0,,,,,,,,,,,,"[[[0.174, 0.368, 0.270, 0.188], [0.360, 0.310, 0.111, 0.219], [0.094, 0.790, 0.026, 0.090], [0.115, 0.779, 0.051, 0.055], [0.105, 0.838, 0.032, 0.025], [0.045, 0.825, 0.074, 0.056], [0.146, 0.593, 0.228, 0.033], [0.045, 0.175, 0.608, 0.172], [0.056, 0.074, 0.825, 0.045], [0.025, 0.032, 0.838, 0.105], [0.055, 0.051, 0.779, 0.115], [0.089, 0.026, 0.790, 0.095], [0.061, 0.068, 0.717, 0.154], [0.098, 0.195, 0.592, 0.115]]]"
UP00057|ZIC2,2.976538634603651e-10,,UniPROBE,,9,,19443739,BetaBetaAlpha-zinc finger Family,,"Zic family member 2 (odd-paired homolog, Drosophila)",Homo Sapiens,,7546,ZIC2,HPE5,NM_007129,97.0,,,,,,,,,,,,"[[[0.171, 0.301, 0.276, 0.252], [0.275, 0.494, 0.091, 0.140], [0.136, 0.717, 0.033, 0.114], [0.116, 0.773, 0.046, 0.065], [0.104, 0.835, 0.032, 0.029], [0.057, 0.813, 0.071, 0.059], [0.057, 0.766, 0.157, 0.020], [0.072, 0.110, 0.632, 0.186], [0.059, 0.071, 0.813, 0.057], [0.029, 0.032, 0.835, 0.104], [0.065, 0.046, 0.773, 0.116], [0.114, 0.033, 0.717, 0.136], [0.120, 0.068, 0.609, 0.203], [0.066, 0.215, 0.563, 0.156], [0.179, 0.197, 0.206, 0.418]]]"
MS00357|ZIC4,3.0471853541408976e-10,,SELEX,,9,,23332764,BetaBetaAlpha-zinc finger Family,,Zic family member 4,Homo Sapiens,293FT,84107,ZIC4,,NM_001168378|NM_001168379|NM_032153|NR_033118|NR_033119,,,,,,,,,,,,,"[[[0.077, 0.124, 0.548, 0.251], [0.552, 0.150, 0.288, 0.010], [0.094, 0.861, 0.016, 0.029], [0.062, 0.858, 0.036, 0.044], [0.159, 0.712, 0.058, 0.071], [0.010, 0.970, 0.010, 0.010], [0.037, 0.943, 0.010, 0.010], [0.010, 0.656, 0.010, 0.324], [0.182, 0.011, 0.796, 0.011], [0.010, 0.634, 0.071, 0.285], [0.144, 0.118, 0.260, 0.478], [0.048, 0.010, 0.930, 0.012], [0.185, 0.275, 0.158, 0.382], [0.012, 0.073, 0.729, 0.186], [0.302, 0.342, 0.101, 0.255]]]"
M00695|TEAD2,3.2844253261076844e-10,,Transfac,,4,,P1481859. New TRANSFAC MATRIX entries Book 3 0001 (2002),Homeodomain Family,,TEA domain family member 2,Homo Sapiens,,8463,TEAD2,ETF TEF-4 TEF4,NM_003598,300.0,,,,,,,,,,,,"[[[0.010, 0.010, 0.846, 0.134], [0.308, 0.374, 0.308, 0.010], [0.010, 0.010, 0.923, 0.057], [0.010, 0.010, 0.970, 0.010], [0.385, 0.595, 0.010, 0.010], [0.010, 0.154, 0.826, 0.010], [0.010, 0.010, 0.970, 0.010]]]"
MC00158|E2f4,4.147898096174707e-10,,Cistrome,,16,,None,Transcription Factor Family,,E2F transcription factor 4,Mus Musculus,MEL,104394,E2f4,,NM_148952,,,,,,,3562(3/5),-36.0959,(1) E2F-1|(2) denovo|(3) denovo|(4) E2F-1|(5) denovo|(6) denovo|(7) E2F|(8) E2F-1|(9) E2F1|(11) E2F1|(14) denovo|(16) UGA3|(18) denovo,(1)|(2)|(3)|(4)|(5)|(6)|(7)|(8)|(9) Transcription Factor Family|(11) Transcription Factor Family|(14)|(16)|(18),,13.0,"[[[0.235, 0.096, 0.337, 0.332], [0.052, 0.180, 0.166, 0.602], [0.061, 0.044, 0.034, 0.862], [0.034, 0.105, 0.004, 0.857], [0.004, 0.712, 0.281, 0.003], [0.002, 0.515, 0.478, 0.005], [0.005, 0.990, 0.001, 0.004], [0.003, 0.000, 0.989, 0.008], [0.008, 0.746, 0.240, 0.005], [0.004, 0.603, 0.298, 0.095]]]"
M00143|PAX5,4.4064506484753005e-10,,Transfac,,4,,8406007,Homeodomain Family,,paired box 5,Homo Sapiens,,5079,PAX5,BSAP,NM_016734,351.0,,,,,,,,,,,,"[[[0.010, 0.286, 0.286, 0.418], [0.143, 0.714, 0.010, 0.133], [0.143, 0.286, 0.429, 0.142], [0.429, 0.143, 0.143, 0.285], [0.286, 0.143, 0.429, 0.142], [0.429, 0.010, 0.551, 0.010], [0.143, 0.429, 0.286, 0.142], [0.010, 0.143, 0.571, 0.276], [0.010, 0.970, 0.010, 0.010], [0.970, 0.010, 0.010, 0.010], [0.286, 0.286, 0.286, 0.142], [0.010, 0.286, 0.286, 0.418], [0.010, 0.143, 0.837, 0.010], [0.429, 0.143, 0.143, 0.285], [0.286, 0.010, 0.143, 0.561], [0.010, 0.010, 0.970, 0.010], [0.286, 0.429, 0.143, 0.142], [0.429, 0.010, 0.551, 0.010], [0.143, 0.010, 0.286, 0.561], [0.561, 0.143, 0.286, 0.010], [0.143, 0.143, 0.704, 0.010], [0.286, 0.694, 0.010, 0.010], [0.143, 0.418, 0.429, 0.010], [0.286, 0.010, 0.571, 0.133], [0.143, 0.561, 0.286, 0.010], [0.286, 0.429, 0.010, 0.275], [0.143, 0.429, 0.286, 0.142], [0.010, 0.429, 0.286, 0.275]]]"
M01118|WT1,6.836044279184841e-10,,Transfac,,4,,"P1481890. New matrix entries., Rel102 Book 0001 (2006)",BetaBetaAlpha-zinc finger Family,,Wilms tumor 1,Homo Sapiens,,7490,WT1,AWT1 GUD WAGR WIT-2 WT33,NM_000378|NM_024424|NM_024425|NM_024426,137.0,,,,,,,,,,,,"[[[0.048, 0.561, 0.381, 0.010], [0.273, 0.500, 0.182, 0.045], [0.010, 0.970, 0.010, 0.010], [0.174, 0.348, 0.087, 0.391], [0.010, 0.970, 0.010, 0.010], [0.174, 0.806, 0.010, 0.010], [0.045, 0.409, 0.273, 0.273], [0.143, 0.381, 0.381, 0.095], [0.048, 0.714, 0.190, 0.048]]]"
MC00523|E2F4,6.867541142221238e-10,,Cistrome,,16,,21655096,Transcription Factor Family,,"E2F transcription factor 4, p107/p130-binding",Homo Sapiens,Adipocyte,1874,E2F4,,NM_001950,,,,,,,2623(2/3),-30.0085,(1) denovo,(1),,1.0,"[[[0.164, 0.355, 0.406, 0.075], [0.037, 0.293, 0.639, 0.031], [0.072, 0.823, 0.043, 0.062], [0.065, 0.055, 0.835, 0.045], [0.036, 0.342, 0.592, 0.030], [0.058, 0.270, 0.593, 0.078], [0.487, 0.235, 0.219, 0.059], [0.379, 0.102, 0.289, 0.230], [0.306, 0.169, 0.254, 0.270], [0.048, 0.085, 0.069, 0.799], [0.085, 0.067, 0.057, 0.791], [0.026, 0.330, 0.108, 0.536], [0.380, 0.102, 0.475, 0.043], [0.818, 0.057, 0.082, 0.043], [0.789, 0.058, 0.104, 0.049], [0.316, 0.280, 0.144, 0.260]]]"
MC00191|Nfya,7.493571585183796e-10,,Cistrome,,18,,22179133,NF-Y CCAAT-Binding Protein Family,,nuclear transcription factor-Y alpha,Mus Musculus,Neuron,18044,Nfya,,NM_001110832|NM_010913,,,,,,,5073(3/3),-39.9577,(1) NFYA|(2) NFYA|(3) denovo|(4) denovo|(5) denovo|(6) NFYA|(7) denovo|(8) NFYA|(9) denovo|(10) denovo|(11) CCAAT box|(12) denovo|(13) denovo|(14) denovo|(15) denovo|(16) HAP2/3/4|(17) denovo|(18) denovo|(19) denovo|(20) NFYA|(22) NFYA|(23) ACAAT|(31) Duxbl|(36) Duxl,(1) NF-Y CCAAT-Binding Protein Family|(2) NF-Y CCAAT-Binding Protein Family|(3)|(4)|(5)|(6) NF-Y CCAAT-Binding Protein Family|(7)|(8) NF-Y CCAAT-Binding Protein Family|(9)|(10)|(11)|(12)|(13)|(14)|(15)|(16)|(17)|(18)|(19)|(20) NF-Y CCAAT-Binding Protein Family|(22) NF-Y CCAAT-Binding Protein Family|(23)|(31)|(36),,24.0,"[[[0.196, 0.294, 0.278, 0.231], [0.162, 0.398, 0.067, 0.373], [0.092, 0.174, 0.280, 0.455], [0.096, 0.530, 0.197, 0.177], [0.013, 0.345, 0.052, 0.590], [0.026, 0.278, 0.539, 0.157], [0.953, 0.017, 0.015, 0.015], [0.011, 0.021, 0.032, 0.936], [0.019, 0.007, 0.013, 0.961], [0.012, 0.019, 0.942, 0.027], [0.012, 0.018, 0.950, 0.020], [0.082, 0.475, 0.036, 0.407], [0.023, 0.332, 0.097, 0.549], [0.315, 0.194, 0.396, 0.095], [0.310, 0.226, 0.305, 0.159], [0.184, 0.248, 0.255, 0.313]]]"
MC00254|E2F6,7.773497900298944e-10,,Cistrome,,16,,None,Transcription Factor Family,,E2F transcription factor 6,Homo Sapiens,K562,1876,E2F6,,NM_198256|NR_003092|NR_003093|NR_003094|NR_003095,,,,,,,2777(1/1),-27.8447,(1) denovo|(3) denovo|(6) denovo|(8) denovo|(9) USF2|(11) USF1|(12) denovo|(14) denovo|(15) bHLH66|(19) PIF1|(27) N-Myc,(1)|(3)|(6)|(8)|(9) Helix-Loop-Helix Family|(11) Helix-Loop-Helix Family|(12)|(14)|(15)|(19)|(27),,11.0,"[[[0.005, 0.978, 0.009, 0.008], [0.539, 0.013, 0.432, 0.016], [0.007, 0.955, 0.016, 0.021], [0.015, 0.026, 0.947, 0.011], [0.009, 0.293, 0.008, 0.690], [0.008, 0.008, 0.971, 0.012], [0.076, 0.697, 0.222, 0.004], [0.186, 0.247, 0.250, 0.317], [0.013, 0.498, 0.484, 0.005], [0.075, 0.622, 0.290, 0.012]]]"
M00139|AHR,8.675815778561828e-10,,Transfac,,4,,1652054|2536161|2548080|1852076|2550446,Helix-Loop-Helix Family,,aryl hydrocarbon receptor,Homo Sapiens,,196,AHR,bHLHe76,NM_001621,216.0,,,,,,,,,,,,"[[[0.010, 0.667, 0.222, 0.101], [0.010, 0.667, 0.010, 0.313], [0.010, 0.556, 0.111, 0.323], [0.010, 0.758, 0.222, 0.010], [0.222, 0.333, 0.333, 0.112], [0.444, 0.010, 0.536, 0.010], [0.333, 0.111, 0.444, 0.112], [0.010, 0.536, 0.444, 0.010], [0.010, 0.010, 0.010, 0.970], [0.333, 0.222, 0.111, 0.334], [0.010, 0.010, 0.970, 0.010], [0.010, 0.970, 0.010, 0.010], [0.010, 0.010, 0.970, 0.010], [0.010, 0.010, 0.010, 0.970], [0.010, 0.010, 0.970, 0.010], [0.667, 0.111, 0.111, 0.111], [0.111, 0.333, 0.546, 0.010], [0.667, 0.010, 0.010, 0.313]]]"
MS00173|RUNX2,8.916879822316235e-10,,SELEX,,9,,23332764,Runt Domain Family,,runt-related transcription factor 2,Homo Sapiens,239FT,860,RUNX2,,NM_001015051|NM_001024630|NM_004348,,,,,,,,,,,,,"[[[0.327, 0.153, 0.100, 0.420], [0.524, 0.080, 0.279, 0.117], [0.776, 0.063, 0.132, 0.029], [0.012, 0.932, 0.039, 0.017], [0.010, 0.943, 0.031, 0.016], [0.164, 0.015, 0.801, 0.020], [0.012, 0.954, 0.010, 0.024], [0.846, 0.010, 0.035, 0.109], [0.737, 0.039, 0.200, 0.024], [0.812, 0.053, 0.097, 0.038], [0.057, 0.858, 0.067, 0.018], [0.043, 0.865, 0.041, 0.051], [0.215, 0.050, 0.702, 0.033], [0.055, 0.801, 0.062, 0.082], [0.645, 0.083, 0.186, 0.086], [0.399, 0.117, 0.322, 0.162]]]"
M01243|MTF1,9.37589326134502e-10,,Transfac,,4,,15318811,BetaBetaAlpha-zinc finger Family,,metal-regulatory transcription factor 1,Homo Sapiens,,4520,MTF1,MGC23036 MTF-1 ZRF,NM_005955,124.0,,,,,,,,,,,,"[[[0.010, 0.010, 0.158, 0.822], [0.010, 0.158, 0.822, 0.010], [0.053, 0.832, 0.105, 0.010], [0.263, 0.158, 0.526, 0.053], [0.158, 0.822, 0.010, 0.010], [0.684, 0.158, 0.053, 0.105], [0.010, 0.822, 0.158, 0.010]]]"
MC00183|Snai1,1.0084892980958828e-09,,Cistrome,,16,,,BetaBetaAlpha-zinc finger Family,,snail homolog 1 (Drosophila),Mus Musculus,myoblasts,20613,Snai1,AI194338 Sna Sna1 Snail Snail1,NM_011427,80.0,,,,,,6786(1/1),-23.929000000000002,(0) denovo (1) denovo (2) denovo (3) denovo (4) denovo (5) denovo (6) denovo (7) denovo (8) denovo (10) denovo (12) denovo,(0)  (1)  (2)  (3)  (4)  (5)  (6)  (7)  (8)  (10)  (12),,11.0,"[[[0.113, 0.388, 0.086, 0.412], [0.010, 0.010, 0.949, 0.031], [0.021, 0.031, 0.924, 0.024], [0.863, 0.065, 0.031, 0.041], [0.010, 0.928, 0.045, 0.017], [0.938, 0.024, 0.031, 0.007], [0.017, 0.014, 0.928, 0.041], [0.034, 0.859, 0.041, 0.065], [0.179, 0.017, 0.399, 0.406], [0.106, 0.667, 0.210, 0.017], [0.103, 0.780, 0.014, 0.103], [0.240, 0.450, 0.131, 0.179], [0.272, 0.223, 0.357, 0.148]]]"
MS00228|TFAP2B,1.1876439625097804e-09,,SELEX,,9,,23332764,Helix-Loop-Helix Family,,transcription factor AP-2 beta (activating enhancer binding protein 2 beta),Homo Sapiens,293FT,7021,TFAP2B,,NM_003221,,,,,,,,,,,,,"[[[0.225, 0.240, 0.057, 0.478], [0.136, 0.203, 0.640, 0.021], [0.010, 0.905, 0.075, 0.010], [0.010, 0.969, 0.010, 0.011], [0.010, 0.639, 0.048, 0.303], [0.066, 0.376, 0.214, 0.344], [0.409, 0.256, 0.279, 0.056], [0.401, 0.067, 0.522, 0.010], [0.025, 0.010, 0.955, 0.010], [0.010, 0.114, 0.866, 0.010], [0.023, 0.796, 0.121, 0.060], [0.579, 0.059, 0.211, 0.151]]]"
M00514|ATF4,1.5573172429033112e-09,,Transfac,,4,,P1481798. Binding matrices compiled for TRANSFAC Book 2 0002 (2001),Leucine Zipper Family,,activating transcription factor 4 (tax-responsive enhancer element B67),Homo Sapiens,,468,ATF4,CREB-2 CREB2 TAXREB67 TXREB,NM_001675|NM_182810,200.0,,,,,,,,,,,,"[[[0.010, 0.647, 0.333, 0.010], [0.286, 0.418, 0.286, 0.010], [0.010, 0.010, 0.010, 0.970], [0.010, 0.010, 0.857, 0.123], [0.837, 0.010, 0.143, 0.010], [0.010, 0.970, 0.010, 0.010], [0.010, 0.010, 0.714, 0.266], [0.010, 0.571, 0.010, 0.409], [0.551, 0.429, 0.010, 0.010], [0.694, 0.010, 0.286, 0.010], [0.010, 0.286, 0.286, 0.418], [0.200, 0.200, 0.590, 0.010]]]"
MS00815|E2F1,1.688580153197352e-09,,SELEX,,9,,23332764,Transcription Factor Family,,E2F transcription factor 1,Homo Sapiens,239FT,1869,E2F1,,NM_005225,,,,,,,,,,,,,"[[[0.328, 0.090, 0.108, 0.474], [0.278, 0.084, 0.126, 0.512], [0.276, 0.020, 0.066, 0.638], [0.165, 0.010, 0.239, 0.586], [0.043, 0.121, 0.826, 0.010], [0.010, 0.031, 0.949, 0.010], [0.010, 0.969, 0.010, 0.011], [0.010, 0.010, 0.970, 0.010], [0.010, 0.920, 0.060, 0.010], [0.010, 0.831, 0.118, 0.041], [0.691, 0.199, 0.021, 0.089], [0.658, 0.082, 0.010, 0.250], [0.537, 0.064, 0.122, 0.277], [0.462, 0.057, 0.100, 0.381]]]"
MS00534|CENPB,2.0290514102757456e-09,,SELEX,,9,,23332764,CENP-B box binding Family,,"centromere protein B, 80kDa",Homo Sapiens,293FT,1059,CENPB,,NM_001810,,,,,,,,,,,,,"[[[0.098, 0.787, 0.010, 0.105], [0.017, 0.948, 0.010, 0.025], [0.010, 0.970, 0.010, 0.010], [0.028, 0.030, 0.908, 0.034], [0.010, 0.574, 0.149, 0.267], [0.395, 0.113, 0.206, 0.286], [0.047, 0.069, 0.010, 0.874], [0.306, 0.294, 0.207, 0.193], [0.232, 0.316, 0.265, 0.187], [0.389, 0.147, 0.136, 0.328], [0.536, 0.101, 0.276, 0.087], [0.048, 0.925, 0.010, 0.017], [0.133, 0.013, 0.844, 0.010], [0.684, 0.072, 0.010, 0.234], [0.910, 0.047, 0.010, 0.033]]]"
MC00182|E2F1,2.340362335409012e-09,,Cistrome,,20,,20622854,Transcription Factor Family,,E2F transcription factor 1,Homo Sapiens,Epithelial / HeLa,1869,E2F1,E2F-1 RBAP1 RBBP3 RBP3,NM_005225,145.0,,,,,,313(1/1),-24.8378,(0) E2F-1 E2F1 (1) E2F-1 E2F1 (2) denovo (3) denovo (4) denovo (5) E2F4::TFDP2 (6) E2F1 E2f1 (7) denovo (8) denovo (9) E2F1::TFDP1 (10) E2F-1 E2F1 (11) E2F1::TFDP2 (12) E2F (13) E2F1 E2f1 (14) E2F1 E2f1 (15) E2F4::TFDP1 (16) E2F-1 E2F1 (17) E2F1 (18) E2F1 E2f1 (19) E2F1 E2f1 (20) E2F1 (21) E2F-1 E2F1 (23) UGA3 (24) E2F1 (25) E2F-1 E2F1 (26) denovo (27) E2F1 (28) E2F-1 E2F1 (29) E2F1 E2f1 (30) E2F1,(0)  (1)  (2)  (3)  (4)  (5)  (6) Transcription Factor Family (7)  (8)  (9)  (10)  (11)  (12)  (13) Transcription Factor Family (14) Transcription Factor Family (15)  (16)  (17) Transcription Factor Family (18) Transcription Factor Family (19) Transcription Factor Family (20) Transcription Factor Family (21)  (23)  (24) Transcription Factor Family (25)  (26)  (27) Transcription Factor Family (28)  (29) Transcription Factor Family (30) Transcription Factor Family,,30.0,"[[[0.252, 0.066, 0.371, 0.311], [0.063, 0.166, 0.155, 0.617], [0.088, 0.052, 0.055, 0.805], [0.053, 0.135, 0.005, 0.807], [0.008, 0.713, 0.275, 0.004], [0.008, 0.499, 0.480, 0.013], [0.013, 0.962, 0.003, 0.022], [0.009, 0.005, 0.974, 0.011], [0.008, 0.694, 0.291, 0.006], [0.005, 0.588, 0.265, 0.141]]]"
MS00312|ZBTB7B,2.3824027518436694e-09,,SELEX,,9,,23332764,BetaBetaAlpha-zinc finger Family,,zinc finger and BTB domain containing 7B,Homo Sapiens,293FT,51043,ZBTB7B,,NM_015872,,,,,,,,,,,,,"[[[0.288, 0.086, 0.429, 0.197], [0.063, 0.814, 0.099, 0.024], [0.168, 0.010, 0.789, 0.033], [0.866, 0.114, 0.010, 0.010], [0.010, 0.970, 0.010, 0.010], [0.010, 0.970, 0.010, 0.010], [0.674, 0.306, 0.010, 0.010], [0.010, 0.970, 0.010, 0.010], [0.010, 0.970, 0.010, 0.010], [0.234, 0.138, 0.539, 0.089], [0.677, 0.108, 0.081, 0.134], [0.538, 0.167, 0.132, 0.163]]]"
MS00090|HINFP1,2.4796981586201644e-09,,SELEX,,9,,23332764,BetaBetaAlpha-zinc finger Family,,,Homo Sapiens,293T,,HINFP1,,,,,,,,,,,,,,,"[[[0.043, 0.011, 0.936, 0.010], [0.010, 0.970, 0.010, 0.010], [0.010, 0.010, 0.970, 0.010], [0.010, 0.010, 0.970, 0.010], [0.970, 0.010, 0.010, 0.010], [0.010, 0.970, 0.010, 0.010], [0.010, 0.283, 0.697, 0.010], [0.030, 0.224, 0.198, 0.548], [0.037, 0.145, 0.234, 0.584], [0.010, 0.494, 0.465, 0.031], [0.555, 0.186, 0.173, 0.086], [0.539, 0.102, 0.344, 0.015], [0.010, 0.784, 0.196, 0.010], [0.010, 0.010, 0.970, 0.010], [0.010, 0.010, 0.010, 0.970], [0.010, 0.970, 0.010, 0.010], [0.010, 0.970, 0.010, 0.010], [0.010, 0.010, 0.970, 0.010], [0.010, 0.967, 0.013, 0.010]]]"
MS00334|ZIC1,2.7953564728624535e-09,,SELEX,,9,,23332764,BetaBetaAlpha-zinc finger Family,,"Zic family member 1 (odd-paired homolog, Drosophila)",Homo Sapiens,293FT,7545,ZIC1,,NM_003412,,,,,,,,,,,,,"[[[0.028, 0.099, 0.647, 0.226], [0.683, 0.081, 0.226, 0.010], [0.028, 0.952, 0.010, 0.010], [0.041, 0.939, 0.010, 0.010], [0.089, 0.868, 0.011, 0.032], [0.010, 0.970, 0.010, 0.010], [0.010, 0.970, 0.010, 0.010], [0.010, 0.621, 0.010, 0.359], [0.063, 0.010, 0.917, 0.010], [0.010, 0.782, 0.013, 0.195], [0.034, 0.049, 0.155, 0.762], [0.010, 0.010, 0.970, 0.010], [0.109, 0.268, 0.059, 0.564], [0.010, 0.014, 0.904, 0.072]]]"
UP00065|Zfp161,3.149972751058451e-09,,UniPROBE,,9,,19443739,BetaBetaAlpha-zinc finger Family,,zinc finger protein 161,Mus Musculus,,22666,Zfp161,ZF5,NM_009547,94.0,,,,,,,,,,,,"[[[0.143, 0.111, 0.284, 0.462], [0.221, 0.081, 0.499, 0.199], [0.290, 0.042, 0.605, 0.063], [0.110, 0.560, 0.215, 0.115], [0.112, 0.023, 0.851, 0.014], [0.016, 0.942, 0.010, 0.032], [0.089, 0.010, 0.891, 0.010], [0.010, 0.903, 0.010, 0.077], [0.036, 0.010, 0.942, 0.012], [0.015, 0.851, 0.023, 0.111], [0.325, 0.049, 0.520, 0.106], [0.063, 0.605, 0.042, 0.290], [0.214, 0.388, 0.126, 0.272], [0.129, 0.373, 0.092, 0.406], [0.269, 0.098, 0.484, 0.149], [0.362, 0.156, 0.189, 0.293]]]"
MC00332|PAX5,3.149972751058451e-09,,Cistrome,,18,,,Homeodomain Family,,paired box 5,Homo Sapiens,GM12878,5079,PAX5,BSAP,NM_016734,32.0,,,,,,1697(3/4),-39.3208,(0) denovo (1) denovo (2) denovo (3) denovo (4) PAX6 (8) Pax-6 PAX6,(0)  (1)  (2)  (3)  (4) Homeodomain Family (8),,6.0,"[[[0.181, 0.325, 0.201, 0.292], [0.244, 0.274, 0.311, 0.171], [0.066, 0.035, 0.701, 0.198], [0.086, 0.228, 0.054, 0.633], [0.018, 0.884, 0.044, 0.055], [0.862, 0.045, 0.048, 0.044], [0.062, 0.515, 0.065, 0.358], [0.076, 0.072, 0.831, 0.021], [0.020, 0.680, 0.283, 0.018], [0.239, 0.267, 0.041, 0.453], [0.043, 0.290, 0.052, 0.614], [0.040, 0.339, 0.533, 0.087], [0.342, 0.162, 0.471, 0.026], [0.128, 0.517, 0.218, 0.137], [0.080, 0.106, 0.114, 0.699], [0.139, 0.032, 0.799, 0.030]]]"
MA0145|Tcfcp2l1,3.2488295193418175e-09,,JASPAR,,6,,18555785,CP2 Transcription Factor Domain Family,,transcription factor CP2-like 1,Mus Musculus,,81879,Tcfcp2l1,1810030F05Rik 4932442M07Rik AA575098 Cp2l1 Crtr-1 D930018N21Rik LBP-9,NM_023755,111.0,,,,,,,,,,,,"[[[0.010, 0.917, 0.063, 0.010], [0.070, 0.808, 0.010, 0.112], [0.595, 0.010, 0.276, 0.119], [0.010, 0.024, 0.956, 0.010], [0.175, 0.336, 0.026, 0.463], [0.098, 0.289, 0.062, 0.551], [0.174, 0.397, 0.151, 0.278], [0.357, 0.225, 0.252, 0.166], [0.632, 0.070, 0.191, 0.107], [0.394, 0.051, 0.310, 0.245], [0.010, 0.925, 0.055, 0.010], [0.062, 0.812, 0.010, 0.116], [0.537, 0.010, 0.306, 0.147], [0.012, 0.029, 0.949, 0.010]]]"
MS00323|ZBTB7C,3.5170920552650366e-09,,SELEX,,9,,23332764,BetaBetaAlpha-zinc finger Family,,zinc finger and BTB domain containing 7C,Homo Sapiens,293T,201501,ZBTB7C,,NM_001039360,,,,,,,,,,,,,"[[[0.267, 0.116, 0.456, 0.161], [0.120, 0.667, 0.141, 0.072], [0.215, 0.078, 0.623, 0.084], [0.795, 0.176, 0.010, 0.019], [0.037, 0.943, 0.010, 0.010], [0.010, 0.966, 0.010, 0.014], [0.774, 0.206, 0.010, 0.010], [0.017, 0.957, 0.010, 0.016], [0.072, 0.813, 0.043, 0.072], [0.249, 0.136, 0.517, 0.098], [0.477, 0.208, 0.118, 0.197], [0.327, 0.309, 0.193, 0.171]]]"
M00961|VDR,3.5481963197775843e-09,,Transfac,,4,,"P1481531. half-site matrices, Rel93 Book 0002 (2005)|P1481859. New TRANSFAC MATRIX entries Book 3 0001 (2002)",Hormone-nuclear Receptor Family,,"vitamin D (1,25- dihydroxyvitamin D3) receptor",Homo Sapiens,,7421,VDR,NR1I1,NM_000376|NM_001017535,308.0,,,,,,,,,,,,"[[[0.238, 0.524, 0.190, 0.048], [0.143, 0.381, 0.190, 0.286], [0.048, 0.381, 0.381, 0.190], [0.190, 0.190, 0.333, 0.287], [0.190, 0.238, 0.333, 0.239], [0.048, 0.048, 0.095, 0.809], [0.095, 0.095, 0.762, 0.048], [0.894, 0.048, 0.048, 0.010], [0.704, 0.238, 0.048, 0.010], [0.048, 0.810, 0.095, 0.047], [0.048, 0.762, 0.095, 0.095], [0.286, 0.333, 0.095, 0.286]]]"
MS00183|GMEB2,3.5795680317220994e-09,,SELEX,,9,,23332764,Sand Domain Family,,glucocorticoid modulatory element binding protein 2,Homo Sapiens,E.Coli and mammalian,26205,GMEB2,,NM_012384,,,,,,,,,,,,,"[[[0.080, 0.264, 0.098, 0.558], [0.884, 0.014, 0.090, 0.012], [0.010, 0.970, 0.010, 0.010], [0.010, 0.010, 0.959, 0.021], [0.104, 0.100, 0.010, 0.786], [0.799, 0.054, 0.076, 0.071], [0.733, 0.156, 0.090, 0.021], [0.123, 0.670, 0.104, 0.103], [0.064, 0.204, 0.220, 0.512], [0.024, 0.267, 0.414, 0.295], [0.857, 0.011, 0.108, 0.024], [0.010, 0.941, 0.039, 0.010], [0.010, 0.011, 0.958, 0.021], [0.031, 0.289, 0.023, 0.657], [0.839, 0.065, 0.066, 0.030]]]"
MC00221|Tbx3,3.740516999666813e-09,,Cistrome,,16,,,Transcription Factor T-Domain,,T-box 3,Mus Musculus,Myocytes,21386,Tbx3,D5Ertd189e,XM_001477632|NM_011535|NM_198052,43.0,,,,,,6584(1/2),-15.6293,(0) denovo (1) denovo,(0)  (1),,2.0,"[[[0.038, 0.394, 0.529, 0.040], [0.041, 0.869, 0.043, 0.048], [0.050, 0.035, 0.873, 0.042], [0.030, 0.406, 0.531, 0.032], [0.009, 0.955, 0.023, 0.013], [0.039, 0.221, 0.252, 0.488], [0.028, 0.457, 0.492, 0.023], [0.041, 0.866, 0.048, 0.045], [0.057, 0.066, 0.826, 0.051], [0.031, 0.608, 0.328, 0.033]]]"
MS00301|ZBTB7A,3.995211334239472e-09,,SELEX,,9,,23332764,BetaBetaAlpha-zinc finger Family,,zinc finger and BTB domain containing 7A,Homo Sapiens,293T,51341,ZBTB7A,,NM_015898,,,,,,,,,,,,,"[[[0.169, 0.198, 0.390, 0.243], [0.162, 0.134, 0.608, 0.096], [0.010, 0.892, 0.088, 0.010], [0.106, 0.010, 0.874, 0.010], [0.767, 0.188, 0.010, 0.035], [0.010, 0.969, 0.010, 0.011], [0.016, 0.927, 0.031, 0.026], [0.897, 0.062, 0.010, 0.031], [0.010, 0.970, 0.010, 0.010], [0.175, 0.737, 0.038, 0.050], [0.164, 0.158, 0.497, 0.181], [0.480, 0.211, 0.200, 0.109]]]"
MS00678|EGR4,4.101742827677106e-09,,SELEX,,9,,23332764,BetaBetaAlpha-zinc finger Family,,early growth response 4,Homo Sapiens,293FT,1961,EGR4,,NM_001965,,,,,,,,,,,,,"[[[0.209, 0.261, 0.180, 0.350], [0.209, 0.304, 0.096, 0.391], [0.551, 0.387, 0.030, 0.032], [0.020, 0.887, 0.030, 0.063], [0.063, 0.054, 0.803, 0.080], [0.010, 0.957, 0.014, 0.019], [0.025, 0.936, 0.023, 0.016], [0.010, 0.938, 0.024, 0.028], [0.718, 0.168, 0.056, 0.058], [0.010, 0.915, 0.024, 0.051], [0.025, 0.196, 0.751, 0.028], [0.010, 0.906, 0.038, 0.046], [0.682, 0.124, 0.123, 0.071], [0.324, 0.264, 0.077, 0.335], [0.259, 0.143, 0.115, 0.483], [0.210, 0.197, 0.165, 0.428]]]"
MC00257|Pax5,4.3995084333772276e-09,,Cistrome,,20,,,Homeodomain Family,,paired box gene 5,Mus Musculus,B Lymphocyte,18507,Pax5,BSAP EBB-1 KLP Pax-5,NM_008782,32.0,,,,,,6977(6/8),-48.6339,(0) denovo (1) denovo (2) denovo (3) denovo (4) denovo (6) denovo (7) PAX5 Pax5 (10) PAX6 Pax6 (12) denovo (18) ZNF423 Zfp423,(0)  (1)  (2)  (3)  (4)  (6)  (7) Homeodomain Family (10) Homeodomain Family (12)  (18) BetaBetaAlpha-zinc finger Family (zf-C2H2),,10.0,"[[[0.324, 0.177, 0.399, 0.100], [0.295, 0.148, 0.253, 0.304], [0.435, 0.056, 0.452, 0.057], [0.310, 0.135, 0.334, 0.221], [0.030, 0.261, 0.410, 0.299], [0.049, 0.792, 0.009, 0.150], [0.837, 0.048, 0.068, 0.047], [0.185, 0.163, 0.520, 0.132], [0.024, 0.714, 0.181, 0.080], [0.141, 0.650, 0.158, 0.051], [0.707, 0.021, 0.238, 0.034], [0.573, 0.038, 0.154, 0.235], [0.010, 0.311, 0.664, 0.015], [0.022, 0.764, 0.039, 0.175], [0.399, 0.034, 0.528, 0.039], [0.040, 0.030, 0.160, 0.770], [0.230, 0.029, 0.709, 0.032], [0.610, 0.072, 0.183, 0.135], [0.245, 0.644, 0.066, 0.045]]]"
MC00510|E2f3,4.418800766238105e-09,,Cistrome,,16,,22157815,Transcription Factor Family,,E2F transcription factor 3,Mus Musculus,Fibroblast,13557,E2f3,,NM_010093,,,,,,,5006(1/2),-33.6646,(1) denovo|(2) denovo|(5) denovo|(8) denovo|(14) denovo|(15) denovo|(19) denovo|(20) denovo|(21) SP2|(23) denovo,(1)|(2)|(5)|(8)|(14)|(15)|(19)|(20)|(21) BetaBetaAlpha-zinc finger Family|(23),,10.0,"[[[0.154, 0.129, 0.549, 0.167], [0.072, 0.234, 0.685, 0.009], [0.008, 0.014, 0.969, 0.008], [0.010, 0.976, 0.009, 0.004], [0.009, 0.012, 0.975, 0.003], [0.011, 0.011, 0.975, 0.002], [0.002, 0.016, 0.968, 0.013], [0.970, 0.012, 0.010, 0.007], [0.462, 0.116, 0.408, 0.014], [0.209, 0.301, 0.477, 0.012]]]"
MS00229|TFAP2B,4.80137376715274e-09,,SELEX,,9,,23332764,Helix-Loop-Helix Family,,transcription factor AP-2 beta (activating enhancer binding protein 2 beta),Homo Sapiens,293FT,7021,TFAP2B,,NM_003221,,,,,,,,,,,,,"[[[0.393, 0.310, 0.051, 0.246], [0.010, 0.132, 0.848, 0.010], [0.010, 0.970, 0.010, 0.010], [0.010, 0.946, 0.010, 0.034], [0.010, 0.265, 0.135, 0.590], [0.127, 0.467, 0.329, 0.077], [0.758, 0.134, 0.098, 0.010], [0.049, 0.010, 0.931, 0.010], [0.010, 0.010, 0.970, 0.010], [0.010, 0.915, 0.065, 0.010], [0.400, 0.082, 0.253, 0.265]]]"
MC00320|EGR1,5.216066139595127e-09,,Cistrome,,16,,None,BetaBetaAlpha-zinc finger Family,,early growth response 1,Homo Sapiens,K562,1958,EGR1,,NM_001964,,,,,,,2778(2/2),-55.6656,(1) denovo|(2) denovo|(3) denovo|(4) EGR4|(5) Egr-1|(6) EGR3|(7) EGR2|(8) Egr1|(9) denovo|(10) denovo|(11) denovo|(12) Egr|(13) denovo|(14) SP1|(15) denovo|(16) denovo|(18) Sp1|(19) SP4|(20) Sp1|(21) Sp1|(24) Sp1,(1)|(2)|(3)|(4) BetaBetaAlpha-zinc finger Family|(5)|(6) BetaBetaAlpha-zinc finger Family|(7) BetaBetaAlpha-zinc finger Family|(8) BetaBetaAlpha-zinc finger Family|(9)|(10)|(11)|(12)|(13)|(14) BetaBetaAlpha-zinc finger Family|(15)|(16)|(18) BetaBetaAlpha-zinc finger Family|(19) BetaBetaAlpha-zinc finger Family|(20) BetaBetaAlpha-zinc finger Family|(21) BetaBetaAlpha-zinc finger Family|(24) BetaBetaAlpha-zinc finger Family,,21.0,"[[[0.180, 0.773, 0.019, 0.027], [0.006, 0.985, 0.005, 0.004], [0.240, 0.002, 0.658, 0.100], [0.005, 0.991, 0.004, 0.000], [0.000, 0.996, 0.003, 0.001], [0.003, 0.978, 0.002, 0.017], [0.477, 0.516, 0.005, 0.002], [0.000, 0.997, 0.003, 0.000], [0.079, 0.007, 0.812, 0.102], [0.007, 0.952, 0.015, 0.026], [0.372, 0.325, 0.169, 0.134], [0.098, 0.453, 0.274, 0.175], [0.138, 0.409, 0.239, 0.214]]]"
UP00001|E2F2,5.216066139595127e-09,,UniPROBE,,9,,19443739,Transcription Factor Family,,E2F transcription factor 2,Homo Sapiens,,1870,E2F2,E2F-2,NM_004091,94.0,,,,,,,,,,,,"[[[0.306, 0.214, 0.269, 0.211], [0.280, 0.218, 0.141, 0.361], [0.391, 0.162, 0.194, 0.253], [0.702, 0.102, 0.042, 0.154], [0.428, 0.068, 0.325, 0.179], [0.144, 0.191, 0.610, 0.055], [0.014, 0.021, 0.955, 0.010], [0.020, 0.957, 0.013, 0.010], [0.010, 0.024, 0.956, 0.010], [0.010, 0.902, 0.078, 0.010], [0.011, 0.098, 0.865, 0.026], [0.039, 0.865, 0.025, 0.071], [0.148, 0.328, 0.407, 0.117], [0.463, 0.204, 0.108, 0.225], [0.293, 0.230, 0.083, 0.394]]]"
MS00240|Tcfap2a,5.5436964600204055e-09,,SELEX,,9,,23332764,Helix-Loop-Helix Family,,"transcription factor AP-2, alpha",Mus Musculus,293T,21418,Tcfap2a,,NM_001122948|NM_011547,,,,,,,,,,,,,"[[[0.355, 0.375, 0.070, 0.200], [0.010, 0.139, 0.831, 0.020], [0.010, 0.945, 0.035, 0.010], [0.010, 0.923, 0.030, 0.037], [0.010, 0.314, 0.118, 0.558], [0.059, 0.520, 0.373, 0.048], [0.700, 0.151, 0.139, 0.010], [0.037, 0.036, 0.917, 0.010], [0.010, 0.063, 0.917, 0.010], [0.010, 0.923, 0.057, 0.010], [0.338, 0.074, 0.252, 0.336]]]"
MA0014|PAX5,5.714926084916566e-09,,JASPAR,,6,,8406007,Homeodomain Family,,paired box 5,Homo Sapiens,,5079,PAX5,BSAP,NM_016734,126.0,,,,,,,,,,,,"[[[0.333, 0.083, 0.333, 0.251], [0.333, 0.010, 0.647, 0.010], [0.333, 0.250, 0.250, 0.167], [0.083, 0.167, 0.417, 0.333], [0.167, 0.583, 0.083, 0.167], [0.583, 0.167, 0.083, 0.167], [0.167, 0.417, 0.250, 0.166], [0.010, 0.250, 0.167, 0.573], [0.083, 0.167, 0.667, 0.083], [0.500, 0.083, 0.250, 0.167], [0.500, 0.010, 0.167, 0.323], [0.010, 0.010, 0.970, 0.010], [0.167, 0.667, 0.083, 0.083], [0.250, 0.010, 0.730, 0.010], [0.083, 0.010, 0.333, 0.574], [0.490, 0.083, 0.417, 0.010], [0.417, 0.083, 0.417, 0.083], [0.167, 0.813, 0.010, 0.010], [0.167, 0.406, 0.417, 0.010], [0.417, 0.010, 0.500, 0.073]]]"
MC00113|SP1,5.714926084916566e-09,,Cistrome,,16,,None,BetaBetaAlpha-zinc finger Family,,Sp1 transcription factor,Homo Sapiens,H1,6667,SP1,,NM_003109|NM_138473,,,,,,,2556(1/2),-36.3088,(1) NFYA|(2) NFYA|(3) denovo|(4) denovo|(5) NFYA|(6) NFYA|(7) denovo|(8) denovo|(9) CCAAT box|(10) HAP2/3/4|(11) denovo|(12) denovo|(13) denovo|(15) denovo|(16) denovo|(17) NFYA|(18) denovo|(20) NFYA|(21) ACAAT,(1) NF-Y CCAAT-Binding Protein Family|(2) NF-Y CCAAT-Binding Protein Family|(3)|(4)|(5) NF-Y CCAAT-Binding Protein Family|(6) NF-Y CCAAT-Binding Protein Family|(7)|(8)|(9)|(10)|(11)|(12)|(13)|(15)|(16)|(17) NF-Y CCAAT-Binding Protein Family|(18)|(20) NF-Y CCAAT-Binding Protein Family|(21),,19.0,"[[[0.203, 0.297, 0.289, 0.211], [0.159, 0.405, 0.064, 0.372], [0.099, 0.174, 0.290, 0.438], [0.101, 0.547, 0.203, 0.150], [0.023, 0.338, 0.060, 0.580], [0.038, 0.329, 0.475, 0.158], [0.934, 0.023, 0.021, 0.023], [0.015, 0.021, 0.018, 0.946], [0.010, 0.010, 0.014, 0.965], [0.015, 0.007, 0.956, 0.022], [0.027, 0.008, 0.952, 0.013], [0.107, 0.499, 0.053, 0.340], [0.032, 0.372, 0.109, 0.487], [0.302, 0.194, 0.384, 0.119], [0.332, 0.217, 0.291, 0.160], [0.162, 0.238, 0.283, 0.317]]]"
M00448|ZIC1,6.593852352749542e-09,,Transfac,,4,,11053430,BetaBetaAlpha-zinc finger Family,,"Zic family member 1 (odd-paired homolog, Drosophila)",Homo Sapiens,,7545,ZIC1,ZIC ZNF201,NM_003412,27.0,,,,,,,,,,,,"[[[0.033, 0.200, 0.333, 0.434], [0.200, 0.100, 0.667, 0.033], [0.067, 0.067, 0.800, 0.066], [0.067, 0.133, 0.633, 0.167], [0.067, 0.067, 0.200, 0.666], [0.133, 0.167, 0.567, 0.133], [0.100, 0.100, 0.790, 0.010], [0.033, 0.167, 0.133, 0.667], [0.167, 0.667, 0.100, 0.066]]]"
