,46351|JUND,54127|CEBPB,55300|JUN,65122|ZFP64,39365|SMAD3,54126|CEBPB,62958|NFE2L2,55513|YAP1,54125|CEBPB,52500|JUN,1740|FOS,76849|EBF3,54241|FOSL2,46346|FOSL2,73970|ZNF202,55512|YAP1,65123|ZFP64,45861|CEBPB,32784|ATF3,56633|JUN,63878|NFE2,54676|YAP1,54612|TEAD1,52496|TCF21,52091|TP53,56634|JUN,70810|MYC,54611|TEAD1,56632|JUN,56542|TEAD1,56670|AR,33197|MAX,55299|JUN,71242|CEBPB,54675|YAP1,68711|BRD4,63080|FOSL2,8482|KAT7,67502|GATA3,51450|FOXA1,1314|PHF8,65084|SP2,45848|JUN,48240|TEAD1,46004|FOS,48343|SNAI2,64790|FOSL2,56535|TEAD1,65114|ZNF121,39364|VDR,33569|PR,75561|BRD4,45853|FOS,63081|FOSL2,37604|CBFB,75045|FOSL1,65147|EGR2,58062|KDM2B,46002|STAT3,65151|SP1,33571|PR,39770|PR,76817|NEUROG2,53597|RELA,46361|GATA3,75287|ZBTB48,77039|ZNF783,71243|CEBPB,76818|NEUROG2,1743|GATA2,65170|ZNF121,45744|JUN,41788|EZH2,49482|ZNF92,39359|SMAD3,43165|NR2F2,34236|STAT3,6543|TP73,45753|TFAP2A,52092|TP53,37635|ERG,65125|PRDM6,46102|ZBTB7A,44562|EMX1,67503|GATA3,70815|SP1,76495|BRPF3,44874|5HMC,63170|FOSL2,2401|TFAP2A,46296|FOSL1,67495|GATA3,1083|SMAD2/3,68970|ESR1,76814|NEUROG2,36958|TFAP2A,33510|FOXA1,40217|BRD4,48802|KDM1A,69865|FOXA1,62718|FOSL2,1742|GATA2,35315|GRHL2,62554|ZNF600,5395|SP1,46007|FOS,68002|GRHL2,40221|BRD4,2402|TFAP2A,62754|FOSL2,68712|BRD4,64575|MAFG,53347|CDK9,59165|KMT2A,75284|ZBTB48,35323|GRHL2,46358|PBX3,49481|RPE,63686|ZBTB8A,50408|PPARG,71136|BRD4,33459|ERG,52501|JUND,76494|BRPF3,45852|GATA2,45999|FOS,68003|GRHL2,58086|KDM2B,56666|HOXB13,5925|JUND,48339|SNAI2,55664|PAF1,56667|HOXB13,68861|ESR1,65110|SP4,45234|SAP30,8821|SAP30,71746|SOX4,36077|MYOD1,39719|TET3,45866|MXI1,34392|MECP2,75281|ZBTB48,47328|FOXA1,67518|GATA3,50899|LHX2,63859|FOSL2,68464|ATF3,72102|SMARCA4,34565|SPI1,69203|TRIM24,65146|ZBTB14,45869|RCOR1,41391|TEAD4,32847|HOTAIR,35317|GRHL2,46169|EGR1,34100|POU5F1,75562|BRD4,45882|UBTF,76496|BRPF3,68001|GRHL2,64789|FOSL2,65188|KLF1,62753|FOSL2,49465|552-SKD,56821|TFAP2A,46362|TCF12,36299|BRD4,67498|SMARCA4,46348|TEAD4,45864|MAFK,47329|FOXA1,58068|KDM2B,48334|SNAI2,65120|ZBTB26,47327|FOXA1,41574|BRD1,67765|SPI1,36804|NR2F2,1087|SMAD4,36230|TTF2,65214|GLIS1,35704|SUMO2,48994|AFF4,63917|FOSL2,41793|JARID2,75283|ZBTB48,48333|SNAI2,64222|FOSL2,64576|MAFG,70803|TCF7L1,51554|SMAD1,63984|FOSL2,35046|ESR1,67517|GATA3,36356|POLR2B,48638|SPIB,45862|RAD21,65179|EGR2,54243|FOXO1,63829|FOSL2,1011|FOXH1,45997|STAT3,52300|TP63,58074|KDM2B,71747|SOX4,56665|FOXA1,48338|SNAI2,54104|DAXX,48344|SNAI2,76812|NEUROG2,68859|ESR1,63295|ZNF335,63919|FOSL2,37587|GATA2,45950|MAFF,51546|POU5F1,65155|ZBTB48,64555|IKZF2,71216|FOXA1,45772|FOS,46356|RXRA,57808|BRD4,46005|FOS,75560|BRD4,50898|PAX6,52302|TP63,74545|CBFB,32856|TERC,76859|IRAK1,46221|TAF1,76857|ZMYND8,77098|ZNF534,70106|FOXA1,55293|WWTR1,34568|RUNX1,56123|AR,35768|FOXA1,58083|KDM2B,37633|ERG,76682|ASXL1,50879|SPI1,67516|GATA3,63826|GLIS2,63685|ZBTB8A,64761|POLR2AphosphoS5,62755|FOSL2,50877|SPI1,65186|EGR3,33918|FOXA1,67499|GATA3,8411|GATA1,37608|MYH11,53594|MED1,32853|TERC,45771|STAT3,50876|SPI1,68051|NFKB1,45400|KDM1A,8783|KDM1A,76811|NEUROG2,44435|TAL1,8792|KDM5B,62626|FOSL2,53653|CTNNB1,68968|PR,33458|ERG,74052|NKX2-1,67496|SMARCA4,68868|FOXA1,46072|FOSL2,46006|STAT3,63407|POLR2AphosphoS5,48799|ZNF750,47330|FOXA1,63828|FOSL2,50411|PPARG,64860|EGR2,33707|SOX2,48340|SNAI2,64946|BHLHE40,63294|ZNF335,49951|KLF9,52299|TP63,56543|TEAD4,1741|FOS,63298|FOSL2,52495|TCF21,2811|RARA,1991|FOS,58186|BANF1,41831|ZBTB17,69796|PPARG,65164|ZNF770,68057|ESR1,76816|NEUROG2,50878|SPI1,65129|ZNF341,2655|PAX3
chr1:1232248:1232249:NM_080605:B3GALT6,0.1455008664854519,0.005487611949938742,0.14302826431409704,0.6901562911406983,0.05444171117267477,0.029985307008830314,0.06377742344558418,0.05444171117267477,0.005051330873871829,0.14207077553945724,0.016393108190124794,0.08683022192299422,0.15309897650389234,0.11050955683607291,0.6677764773423814,0.05444171117267477,0.6903877654961121,0.13993688579012759,0.112455172225533,0.054533485382517594,0.003977558195796177,0.05444171117267477,0.028401734873796602,0.05975720003346896,0.6681612275493938,0.1429552442100684,0.06352210151772891,0.05444171117267477,0.11247490297937704,0.07143732441772735,0.21208289383824994,0.23893032090266714,0.1747028938016597,0.0038849680426764066,0.054688318390356205,0.7469509984393041,0.0039354841182500655,0.6549055839794717,0.0039131795430601135,-0.007485274224827115,1.0022558972655917,0.08462220812310192,0.040493583805997824,0.041437414302630954,0.32321319671053755,0.1336641439168413,0.0039354841182500655,0.08448329076615513,0.04803541337023354,0.028401734873796602,0.07106998527282252,0.004019013475280497,0.06082737957978332,0.0039354841182500655,0.020743766734793723,0.0303022640126471,0.7856100730287618,0.06611008874544613,0.0865676405569489,0.10156715732594565,0.06061087677912308,0.0544660909235154,0.14007680212202125,0.2928562301341905,0.14548035263969245,0.0039131795430601135,0.0039131795430601135,0.003842098607868244,0.08317123987592198,0.004412439844157429,0.017943662963574608,0.1734665604430014,0.007372058615506577,0.21211928054530962,0.05437319187416051,0.0646049080616769,0.0865676405569489,0.04031649435701584,0.0644588835555232,0.6747929760686949,0.07562706308768015,0.0039354841182500655,0.03891926494643816,0.6780355620041209,0.027580876864883808,0.6803217903766885,0.6682580685062289,0.016461930436150046,0.0039131795430601135,0.060417371737298164,0.09816185194078933,0.027580876864883808,0.006674063053407453,0.03278627884957219,0.1173012370374398,0.08773373265214393,0.016258658118194907,1.112532075517459,0.006813136595465286,-0.007257495241040218,0.082933973125253,0.0045607818753852225,-4.944098480308412e-05,0.08290842271082913,0.00964493262245375,0.23881799693464542,0.007084351646170356,0.2429566637920862,0.05782390648071095,0.0039354841182500655,0.8436226521777019,0.009832968358779837,0.6778741372087104,0.6522443436852954,0.6467167087875342,0.01128969674652025,0.11631354571717523,0.8661708602634395,0.7058439246859409,0.2951696535471344,0.009163057527094925,0.04974555441412204,0.14476432985460305,0.6684113243486612,0.004412439844157429,0.174865232502209,0.003930890236445106,0.06748863700020785,0.10421168630778485,0.05444171117267477,0.1402161988919529,0.6716716749456908,0.09277310132739869,0.0039131795430601135,0.10271903281872824,0.6684746798355239,0.6684746798355239,0.0039131795430601135,0.09214697614268061,0.007372058615506577,0.9899159751602298,0.07117590617258998,0.003850357397439469,0.004382020237856693,0.027580876864883808,0.0039131795430601135,0.0039354841182500655,1.156100784351552,0.0039131795430601135,0.6528220698304108,0.009283134791086611,0.063221083940123,0.06565475011761296,0.05554570091699937,0.008280640706933906,0.011149028115834292,0.08371770093038311,0.0039131795430601135,0.007479725766523532,0.6581249240760477,0.668624168101094,0.003959772149340568,0.0039354841182500655,0.03513473665567188,0.0039131795430601135,0.010172335290071138,0.6878862295735667,0.22159762173434516,0.6809551931534831,0.7296578992274947,0.7280662828795658,0.2699862251452011,0.004200355284605328,0.8559856553749348,0.8051318132712957,0.06726626842021965,0.0039003851513362553,0.6684442605336531,0.652857820296672,0.09967839933139933,0.003842098607868244,0.6678673811101724,0.3677458250592114,0.11422713831361339,0.707516265181723,0.0039354841182500655,0.012823378355599713,0.003842098607868244,0.049153388726707464,0.0039354841182500655,0.009832968358779837,0.1556427621404758,0.0039131795430601135,0.0039354841182500655,0.02729049014301682,0.027580876864883808,0.6560299760732284,0.6522723982930583,0.3773962113309814,0.08318982516874432,0.3117410672038485,0.0039354841182500655,0.004027816076796392,0.08649053464878334,0.06936067235916052,0.8661343682149265,0.004019013475280497,0.09284559001739129,0.11503344170203597,0.2029498167433963,0.13474784610341772,0.11730500660614951,0.003917129513037326,0.7793783762781882,0.0039354841182500655,0.6681594131809728,0.004499088543561014,0.0039131795430601135,0.6923794306632527,0.14793429564513466,-0.0075026347579841834,0.18421283062621124,0.11361525482125934,0.6753123462573114,0.18345748200058523,0.0039131795430601135,0.007372058615506577,0.06822694359491,0.012924664532943525,0.1656895766966666,0.003929543236164762,0.05109121771044609,0.0039131795430601135,0.012852572680745161,-0.007384104048417883,0.05444171117267477,0.18268982783311377,0.0039354841182500655,-0.007442359452235675,0.8941205388137234,0.7257175203447042,0.8850460482011033,0.8501798149891342,0.027580876864883808,0.0039131795430601135,0.039626121619835336,0.7667509920788577,0.0039354841182500655,0.6684140349286323,0.7747843055748285,-0.007442359452235675,0.7779989708525956,0.0039131795430601135,0.7439775607875394,0.7928858904498199,0.14210235933382562,0.0039354841182500655,0.866277725865098,0.1357012696261641,0.0039131795430601135,0.0039131795430601135,0.11727721035776065,0.07833592987501733,0.003929543236164762,0.0039131795430601135,0.009056782370367444,0.003952099930267627,0.007372058615506577,0.29789492860336997,0.859297324853594,-0.007485546117457997,0.08300302030684986,0.032935352046400024,0.668570563384725,0.009371413587148547,0.003971464592391144,0.0039354841182500655,0.0829215256082804,0.05513585396555945,0.004125806453116221,0.13853220553267118,0.4044638021858626,0.7590624549464705,0.004148424076908075,0.06877220575062562,0.05450590655476681,0.013248437748172887,0.0039131795430601135,0.05767917748570578,0.1500619469898126,0.1264504422968799,0.038772055837347164,0.00908575794571495,0.08304863793565592,0.2191119985691613,-0.007563818963052249,0.08495057516265028,0.8698712779093679,-0.00023131011824245595,0.0039131795430601135
chr1:2228694:2228695:NM_003036:SKI,0.08259313881169644,0.20132417447944212,0.1304692988539909,0.08857119655264811,0.07645765808701538,0.1772445961961686,0.007637050465800488,0.05188684941830779,0.03735471217857106,0.06445886126591821,0.11739023636608731,0.09383923512499609,0.07114866078983906,0.08129442768096201,0.0008116589852207867,0.11551804311752678,0.3189824451044895,0.2655348422083109,0.0689648160228663,0.040530081049528655,0.0024196583056766974,0.11738750747443583,0.0008075112812160334,0.08612882019309065,0.0008075112812160334,0.10778905026599911,0.024104219359902146,0.11954491153914004,0.10778905026599911,0.17144074927377484,0.19434733150972677,0.16081071851423268,0.15477269213406836,0.0218675711158392,0.06663703486588218,0.1627481156192918,0.0008075112812160334,0.04006733228073611,0.001242363995060225,0.004578548939388083,0.12149575708152216,0.6381268434017529,0.11815855655881513,0.11101102513166905,0.182238405713476,0.03082672859835156,0.0008075112812160334,0.1710826480216695,0.30729697939815115,0.020675959812174682,0.10670067721138654,0.0015707444403024184,0.13560524958930426,0.0656172358343764,0.19495795032919305,0.0014423483047427132,0.40557200214538075,0.03147633604969252,0.1268294139452199,0.15632840701739842,0.10433885490994765,0.0008075112812160334,0.02123603179510275,0.13065416404677477,0.003348486153419594,0.0008075112812160334,0.0008075112812160334,0.0218675711158392,0.021256839537015848,0.0035403213966747615,0.09975289915816987,0.08174149208479403,0.0008075112812160334,0.0008099517707689241,0.03282841524279129,0.02954235441563341,0.1268294139452199,0.0027945631438924257,0.04746446415476213,0.039406264591281215,0.0615347952494088,0.002910452837121713,0.04457300440778955,0.07086776986459736,0.01777240582097711,0.06672462895387155,0.0008116589852207867,0.177984789087829,0.0008075112812160334,0.1780070212252169,0.06675741354502102,0.0008075112812160334,0.0035129213739878984,0.0008075112812160334,0.08373623621815113,0.06748694295659968,0.01746665073475434,0.1913535809031764,0.0008243935952927384,0.024306782956614204,0.0008075112812160334,0.15265988691197657,0.11984505865208045,0.001095711431283064,0.03688875204343489,0.11475465845233851,0.04121053425942567,0.1746128968683997,0.1642988128564153,0.019094307394134202,0.1618322019744622,0.0014378681414856653,0.08916174337163307,0.0008075112812160334,0.0008075112812160334,0.03689066163224031,0.022700060258177945,0.17023076496771317,0.1489157664650452,0.08925672989141575,0.04160758384517188,0.08968935137862011,0.10730301884146254,-0.0013820158896240553,0.016030822211293372,0.1655470379031867,0.00084403217039003,0.06561983753885464,0.059096633422520306,0.0008075112812160334,0.05374422648964372,0.09256055664393081,0.08173784409731066,0.0008075112812160334,0.16777834948844356,0.0715841287413666,0.0715841287413666,0.0023680140071922207,0.02099719995881849,0.001304488796573633,0.23152064964533314,0.055913045020094865,0.0008075112812160334,0.005430641920072199,0.01777240582097711,0.051309766068035,0.0008075112812160334,0.13900444674378554,0.0008243935952927384,0.23092486884962388,0.0008075112812160334,0.06543050327507333,0.061403979927886654,0.3796721909332906,0.15162461947610573,0.10514190490925457,0.0704617976566212,0.007595342536103555,0.0008075112812160334,0.06528101431696076,0.0008097398777002773,0.0008298537779158899,0.019094307394134202,0.224110448612808,0.0008075112812160334,0.029637055032443682,0.1474769543437301,0.10601440269048129,0.13967511253310205,0.1384571367645433,0.041628019808125694,0.12042362467676104,0.0033223547172726575,0.0656172358343764,0.15039349473038205,0.12836209335365908,0.0008075112812160334,0.03853712948633353,0.08097472904106395,0.07175904271050426,0.04188951387787976,0.31865314702227265,0.5231684830135092,-0.0006280451844073442,0.0036227725037495384,0.0008075112812160334,0.0008075112812160334,0.0008075112812160334,0.05939673658313849,0.0008075112812160334,0.003432025138774941,0.030893154617857854,0.0016633980562584805,0.0008075112812160334,0.09900835014452658,0.018216918015907357,0.12198757062374005,0.006539652064397827,0.09616404212686946,0.46365067438568036,0.10112843992965997,0.0008075112812160334,0.020188807189181923,0.11860622881127547,0.03464885552410285,-0.0034514092461204182,0.0008075112812160334,-0.0009609297029198882,0.07759450459251721,0.13109116452568187,0.03555354240456565,0.0658846294019243,0.0008110940185940274,0.18913492980568825,0.019094307394134202,0.049602484158599636,0.0034313684277206824,0.007595342536103555,0.29517742791973034,0.33206045208549423,0.025104841357598495,0.016721131535204548,0.0008097398777002773,0.19020315232276763,0.09099535820147714,0.0008075112812160334,0.0008485864633125395,0.03399862890708977,0.09831942333792981,0.4594830589451746,0.03853712948633353,0.10319804282354483,0.0008075112812160334,0.12539699043399838,0.01088944977841988,0.05132454949064824,0.22016435031970827,0.01633866428552122,0.00831906365433649,0.06329624593307887,0.11618277710977826,0.36634877594482906,0.09460744355483086,0.018216918015907357,0.0033440586501405356,0.10421530060313394,0.13539855950692736,0.0008075112812160334,0.07423727857631263,0.39868922184104255,0.01088944977841988,0.03343739175487731,0.0008075112812160334,0.03233742518957977,0.16325541543874073,0.5305386470181548,0.08804026421121097,0.07422812000792817,0.04623768080010088,0.0008075112812160334,0.0008075112812160334,0.08188721336069021,0.08186641241991516,0.0008075112812160334,0.0008075112812160334,0.007595342536103555,0.0008075112812160334,0.08642367394398381,0.2835526825026354,0.09190191808348386,0.031176775788577693,0.08325392310162194,0.05625918421122056,0.11726834179679047,0.08734267302816529,0.0033223547172726575,0.0008075112812160334,0.15431597416947673,0.33337584807607307,0.0008075112812160334,0.05374422648964372,0.1704699149902426,0.2668963023571863,-0.001183191776107595,0.03538044270643265,0.04163480147935,0.004287873561705291,0.0656172358343764,0.07043946453636157,0.1471590826553396,0.05641308032211556,0.09996273689981117,0.058218602444639334,0.019094307394134202,0.23164560061878992,0.03525708426229812,0.02124375162022729,0.04891574920764641,0.137073766994868,0.0008075112812160334
chr1:15526812:15526813:NM_001287811:DNAJC16,0.022720321058217474,0.3104657096191453,0.004335089995255004,0.004394790876765142,0.03158501439099243,1.0017387978818324,0.022336637191218256,0.5981973611246698,0.3238472414007451,0.10791166620910145,0.0282300121958155,0.004632394843751941,0.1309968179648728,0.022720321058217474,0.30795276031856805,0.004293329933374945,0.827719450586374,0.4466239661864463,0.8037111039923421,0.004288692835877073,0.022336637191218256,0.6296659435605467,0.004288692835877073,0.005326934369626168,0.16501597758402747,0.004335637722154839,0.004446670365155503,0.004288692835877073,0.004330452751002023,0.598419342517189,0.010564831240539252,0.6068776797908251,0.5984408521426606,0.11206642427356761,0.6301385911441619,0.2617269582565993,0.004289240535186145,0.07505663217566957,0.5980665380698941,0.19628766395282754,0.6395592214320104,0.8034380956144945,0.6332819993190477,0.004519139397139327,0.30097997810796834,0.5665795500073848,0.004293329933374945,0.004293577334648246,0.011336622488643477,0.07505520075899336,0.00435546683712934,0.07502528986656884,0.028272436464325534,0.004293877638260779,0.3084445766874837,0.004293329933374945,0.07544486130314071,0.07517704666712208,0.633898996066861,0.26149682956898457,0.0045094073589788675,0.022400227165489228,0.00793500035571304,0.5983185421132927,0.022512428958456343,0.5981339332973006,0.004288692835877073,0.08718345404046268,0.007996171287358855,0.004288692835877073,0.005787834184457885,0.5995606097566312,0.6395592214320104,0.004292336042078848,0.07484904529653844,0.09948205921817496,0.633898996066861,0.6135653142548538,0.6395050678807457,0.1688708044899097,0.07505663217566957,0.004412803361507123,0.308126134382558,0.004855661376792886,0.004288692835877073,0.07483579563985651,0.004303659881136845,0.07400819158394034,0.004289240535186145,0.07493556473621715,0.02249115314390082,0.004288692835877073,0.004403429187277541,0.004404906904691808,0.07950047017425338,0.6395434465241194,0.6065040730865989,0.9378477146161193,0.004288692835877073,0.004581047184455955,0.004289240535186145,0.004288692835877073,0.6199693762805158,0.07497671748266649,0.6400091145247345,0.9361408283345857,0.598680443569995,0.5985801262608507,0.07499152188987518,0.004289240535186145,0.07497671748266649,0.09578412504285422,0.3760162749507005,0.004467276736655701,0.6051741242131773,0.5984070766294631,0.7611299654099946,0.6393002188351721,0.9354852058347416,0.5995639332432755,0.004330452751002023,0.0749943307898362,0.10856351860042127,0.004446670365155503,0.004288692835877073,0.6336864789819925,0.16503439260712705,0.0046683248198591265,0.01049743719597579,0.004288692835877073,0.5655344995724911,0.5981339332973006,0.010754909012980485,0.004296259763335364,0.2615093634486034,0.5985095248303789,0.5985095248303789,0.8348751497371724,0.0856212113203346,0.5980660373468126,0.5986059707312569,0.6479479305596193,0.5989684384489804,0.004307692635425298,0.004296954667198982,0.004288692835877073,0.004394790876765142,0.2634044647044854,0.004288692835877073,0.03755432418463889,0.5980905441945974,0.004330452751002023,0.027301426690761188,0.004452493003587188,0.007125435587038986,0.5984089561277384,0.6395653709261492,0.6023995307726102,0.6395592214320104,0.5981339332973006,0.16511044786996315,0.8275520508202202,0.004293877638260779,0.6392217263996417,0.004289240535186145,0.07483034163616373,0.6398387968267866,0.6650709592983828,0.3081872446913333,0.07498339444553018,0.004452307645360254,0.09878837143051705,0.013348939945600435,0.004568535642942795,0.663035412547285,0.5981339332973006,0.004307692635425298,0.16514078461312054,0.03806357074094807,0.6395897632378148,0.07478309885069814,0.6393002188351721,0.6007952630279867,0.6062795366776403,0.6393158721374926,0.004293877638260779,0.004446670365155503,0.5984940627316403,0.0809863834956763,0.004289240535186145,0.09578412504285422,0.004288692835877073,0.004288692835877073,0.004289240535186145,0.07497949968024334,0.5981616917711088,0.5984008650331085,0.10533574401228951,0.009392493715276395,0.07575100771721116,0.6967379683931827,0.004293877638260779,0.07801706619824522,0.981238370301688,0.008820757663497214,0.004568535642942795,0.6247097888445327,0.010804423289546727,0.37549508762282535,0.740272959123238,0.5669258125106431,0.008147975903075255,0.010449511649776755,0.010923971971015078,0.004335637722154839,0.07483166308454042,0.0989550185593801,0.6024676036331309,0.606590370597319,0.07559131365661564,0.011803138625851806,0.004792435921970539,0.07497671748266649,0.004600184843335853,0.6337761945411002,0.004494072780461933,0.5980660373468126,0.008820757663497214,0.004288692835877073,0.295248045172259,0.004494072780461933,0.6396836862165997,0.16501597758402747,0.2616739083930797,0.19067990583744704,0.004288692835877073,0.07848560554883474,0.004519767574655942,0.010380637581192842,0.07517704666712208,0.3085907674217419,0.6393002188351721,0.30843215164064486,0.5980796063853161,0.16496722905314248,0.9351026509430123,0.652743992505172,0.004293877638260779,0.30852011435498555,0.4097005114398927,0.005540062625937925,0.07755527914471272,0.025084579554046582,0.07498339444553018,0.6392217263996417,0.29318293385842376,0.5983706911088049,0.6395592214320104,0.6022154000953882,0.023495458170902372,0.023495458170902372,0.008106122430598495,0.6314515977857702,0.004345420315568005,0.004289240535186145,0.6024676036331309,0.004288182032217924,0.6398992469793495,0.947880004764682,0.0046154903170761985,0.5984287945848739,0.6061053620780738,0.5983658376072983,0.6571145024026539,0.5984568674479058,0.011312588457237094,0.5980672270549647,0.6046585200690129,0.19095076135630168,0.006743097540394982,0.5757728367486359,1.0050885593703258,0.6089807614638172,0.004330452751002023,0.00900813865137634,0.004288692835877073,0.004330452751002023,0.004293877638260779,0.022379513235976256,0.5980729164649253,0.6697325925916179,0.00476562053614793,0.5984008650331085,0.5986390492501341,0.015363961032290763,0.19606064172648202,0.007996171287358855,0.30843215164064486,0.26177824958112,0.004940715485400815
chr1:15684331:15684332:NM_015164:PLEKHM2,-0.000193280290661485,0.35471024128224427,0.5848034580418249,0.18476799781389452,0.35639309450908313,0.42405045525620666,0.3774352162505975,0.5846190575324614,0.35478845909754053,0.3771435396376116,0.03171812456004067,0.18964449847652173,0.3778901494968345,0.3553931622661284,0.18460226033465213,0.14856086700024118,0.08995232514972179,0.43043637746594915,0.3555164280840767,0.355672560144516,0.00012913233203679098,0.5792567680909653,0.355672560144516,-0.0698733987229686,0.18484344702398725,0.5845939172322516,0.18461999211368352,0.14859618093875077,0.1484520082500116,0.1486069171242294,0.3782707151662971,0.37633083750732266,0.5848034580418249,0.35478845909754053,0.5799558275418574,0.1833720290648911,0.35567278133858604,0.18462023271294295,0.006871661822269698,0.02215428507801505,0.18465058485671731,0.25801560875238466,0.1489988680599379,0.14808585969145227,0.376503098791968,0.3566250954093564,0.35567278133858604,0.14831291375412364,0.0032084497337975526,0.0006345225185582226,0.35559534017182776,0.019225707901724787,0.031544012738139504,0.35567278133858604,0.18494844225083706,0.00012119498593213263,0.08209185765569038,3.0260919856556212e-05,0.6338354880046865,4.612394947406395e-05,0.3773200639431995,0.022334752707980965,-0.05103513909703808,0.3548457507267654,1.371199654376376e-05,-5.599041734818955e-05,0.18454479064723722,0.35478845909754053,-0.05109316135453906,2.672379960505511e-05,-0.0003772219195745663,0.5845526246247651,0.18487442049250088,-0.0008206256169731307,0.0004723116536750893,0.3549511916563568,0.6338354880046865,0.3466267860152966,0.3555562765210063,0.18487411425735717,0.1848439941062743,0.45393479261526837,0.019519701974860457,0.19535677150151276,0.012116813981814328,0.18484344702398725,0.18446471956899108,0.26249528749803075,0.00012690976067034065,0.18459732637014492,0.025032534744402007,-1.5837279351033073e-05,-0.00030897497284659847,0.00021684916205652605,-0.054554435558073794,0.18480168678778722,0.00028634946569799924,0.3854100947837145,0.00012313704552327498,0.0065093419825183185,0.35567278133858604,0.031021258978505023,0.3463828443778582,0.003017222435029082,0.2651411208077229,0.3765916476800289,0.34680742930646746,0.3780386984591817,0.18460386213081553,0.00012690976067034065,0.1847986677413746,0.004038596871054373,0.18457075738153114,0.09782883206784795,-3.235385805749891e-05,0.3462622682513384,0.3635959566012986,0.18342666599650534,0.00021220637874894144,0.36460752169429717,0.18467731648890512,0.1846955816220225,0.3561508150052143,0.18461999211368352,0.0057722389621103765,0.6345706953821367,0.3767013959431831,0.18487466115940582,0.35553464359745307,0.00012119498593213263,0.36262118050699166,0.18461968591210712,0.0011621732503047377,0.00012690976067034065,-5.512778696686871e-05,0.00012357518306568838,0.00012357518306568838,0.0049972182741250815,0.013296539251599626,0.00012690976067034065,0.26387349953049494,0.004092941833029329,0.00014279032136815806,0.11074195048650215,0.19755495778128424,0.00012690976067034065,0.355672560144516,0.5848609432187102,-0.00016233943695936892,0.24934206336484005,0.00014979425715269667,0.18461968591210712,0.00011950710339739268,0.14912820850754838,0.3757594396042062,0.34642609251055795,-0.00018727808149524017,0.004253024464033417,0.242308512267334,0.18483273220495536,0.1844650259888939,-0.00012927224537495619,0.35567278133858604,0.00011950710339739268,0.00012707414998497368,-8.896386669471346e-05,0.18502086930440087,0.3635614915278088,0.18466334644889987,0.3556056455112119,0.0001507202879640901,0.009930953208520915,0.5301978685120526,0.00012357518306568838,0.01124664184645574,0.18461968591210712,0.4866549548270268,0.18461999211368352,0.17957424794951282,0.18448919317359314,0.00012690976067034065,0.1847079305966084,0.19185604925793343,0.07933388551997766,0.18466672017072575,0.35567278133858604,2.994528630256843e-05,0.00012357518306568838,0.3808701953381759,0.00012707414998497368,0.004038596871054373,0.00012690976067034065,0.18454479064723722,0.35567278133858604,0.18460547484024115,0.35551047191176177,0.18451357294278714,0.1814452234220481,0.08527317601912765,0.028673340395511934,0.35605374971442916,0.35567278133858604,0.00012690976067034065,0.3770108733806474,0.3629608309549518,0.18457569364593873,3.963086596311949e-05,0.0007423806590362847,0.35661403379289175,0.3570416671283202,0.3542977386974392,-0.06326735662929928,4.146479794489566e-05,0.18664987874714495,0.3555120220693511,0.18484344702398725,0.004046401752795359,0.00406910791001866,0.061824217908415094,0.026858084454305015,0.007023444642989776,0.3561907518751244,2.3096672847056077e-05,-0.00016017565596407324,0.3764234480797588,0.019225707901724787,0.00012690976067034065,0.36294402049597446,-0.0016155770768981337,0.37963009302489914,0.18465027877016782,0.18465097879222261,-5.599041734818955e-05,0.18447470177597802,-0.0001337124029437975,0.14856086700024118,0.012698110154187342,-8.192565427567189e-05,8.184954995871241e-05,0.1849321496180048,0.18487357456644293,0.3964022930793853,0.18465058485671731,0.35535519207019406,0.1844083349596554,0.34661430527327375,0.12922900268587245,0.35567278133858604,0.18465058485671731,0.14890479680965468,4.94050731376372e-05,0.18465051576525005,-0.0007239607101580392,0.18484352162162082,0.5225696405351545,0.3802252893148844,0.5845526246247651,0.18465058485671731,0.09225830858030556,0.024129803253417625,0.024129803253417625,-0.06332687908905897,0.28054946961003285,-0.0003092271839255367,0.00012690976067034065,-4.3120563190945926e-05,0.00012690976067034065,0.18493460201856138,0.6807048147246011,0.18487442049250088,0.0061945219410237395,0.3561862538892671,0.37743152473763436,0.1846365415415423,0.35538132012086254,0.13347114239024466,0.35567278133858604,0.38414643527432824,0.029062807015019926,0.025531367027535307,0.36233820800507,0.5403052611863658,0.18483714985457617,-5.599041734818955e-05,0.8727449453484297,0.14856086700024118,-0.00016214980900713938,0.00012707414998497368,0.004331079912163471,0.012946305524064533,0.4159127103329842,0.37738615040477574,0.18465027877016782,0.0008338480728733166,0.016521653659447716,0.005391119923227078,-0.054690629631423654,0.18465058485671731,0.005704216098730647,0.000158822596586089
chr1:17011972:17011973:NM_001141974:ATP13A2,0.4015833510071647,0.22289410918856323,0.17010770821924961,0.3900429865891124,0.1748552965925286,0.12802542273855871,0.04190674461034129,0.16986605420146036,0.2063135665119601,0.2910710800463279,0.5485563445179217,0.1046846923330731,-0.01592082985806079,0.3005436576764317,0.3615695160614448,0.0016503338768222645,0.3900690722912678,0.5598921327009778,0.14373123743280583,0.16867257066719984,0.001677427085707589,0.40640083081667766,0.0016503338768222645,0.177633803979876,0.008221977787706315,0.16867257066719984,0.36987431778151325,0.17575377849364834,0.17010770821924961,0.18844622059766922,0.4747359699978056,0.8927518742383765,0.16867257066719984,0.1364543805798234,0.40924190466638877,-0.015575826389187822,0.13669724757703225,0.3878008070183948,0.3488929269378464,0.1615256830690875,0.3948893806522551,0.6417015336878489,0.16762559217385395,0.39001931508302,0.4727558934841305,0.4284127447648539,0.13669724757703225,0.36854945378372833,0.0017120338074208367,0.1765494115176709,0.25973900265142713,0.00822386243661627,0.9597629899576816,0.13669724757703225,0.5403903033883926,0.0016503338768222645,0.4817970704806299,0.36987626739672896,0.16532468728738897,0.48766977962248326,0.0018743657816068099,0.1374606136802935,0.0026847812559474896,0.35849717748018173,0.5205223547010288,-0.01449260696411676,0.0006291580060279606,0.1364543805798234,0.01191877709372166,0.13669724757703225,0.019310892561824118,0.13669724757703225,0.38893927890359575,0.0742018724908924,0.15679731684990156,0.10935257787490539,0.1669170901266073,0.41123900224226184,0.14023696040323302,0.008221977787706315,0.36848153739809086,0.0016503338768222645,0.3587249239451125,-0.0038130016479497146,0.3488929269378464,0.3672330070478308,0.36263463699583,0.04412375209300899,0.13669724757703225,0.545182435715708,0.0015545557910274371,0.3488929269378464,0.00014256238612524175,0.07513876862793407,0.01191877709372166,0.3845858906151039,0.005979693717181607,0.39409951827940604,0.05701395808858026,0.005979693717181607,0.13669724757703225,0.25467069127323344,0.009813895819702476,-0.013900011097693336,0.48830694165242877,0.5103122826580535,0.012886010075852591,0.14461387661274352,0.0018303741533908721,0.13669724757703225,0.008221977787706315,0.0007218994464606582,0.008221977787706315,0.0016511239619667537,0.08295328517463754,0.01950280648962309,0.1490171272426639,0.3746099433667901,-0.015572099980130979,0.4166584805589693,0.008220459922885382,0.3716003122288867,0.29561985557697645,0.38870027178214933,0.48298414973980913,0.41890847305428547,0.0016503338768222645,0.3695582652995647,0.2397774469356031,0.0016503338768222645,0.42752159741228485,0.3891813312857904,0.21659096726758859,0.0016488617196130442,0.48356939918959163,0.39597870239134275,0.39597870239134275,0.006100978842603709,-0.004294548475433882,0.0703727196632167,0.36089408498828146,0.3525683023984037,0.0016487535502760359,0.0022072527927264954,0.3488929269378464,0.18335424572795933,0.0016503338768222645,0.4979814262327511,0.0016503338768222645,0.10046663802101875,0.001652704720578324,0.3615695160614448,0.1309462607426559,0.368532423725056,0.05847928103393769,0.009008755506878475,0.06332861263292892,0.007786200094187446,0.3888684543721621,0.42103069143921373,0.3878008070183948,0.012282637185905755,0.06013348306565816,0.3474672442883609,0.0016503338768222645,-0.023419333553392783,0.35165729388435363,0.5286066310894291,0.3533386690284795,0.05748864523306821,0.12106921427386365,0.406622088198063,0.0021323510258426798,0.36294957558558516,0.14945703826760104,0.49845487254014736,0.0021323510258426798,0.008221977787706315,0.09656476127848246,0.16529344816535463,-0.013867426560438195,0.3878008070183948,0.24210945326327996,0.0363711139509474,-0.01500076303190545,0.13669724757703225,0.0016978148899989831,0.3626074956783594,0.04844991476787058,0.13669724757703225,0.0007218994464606582,0.001652704720578324,-0.014496913130165386,0.13669724757703225,0.005367810064678485,0.13669724757703225,-0.014494985662236913,0.017483529590299886,0.15867914257091134,0.04304783047823269,0.008350846741081872,0.13669724757703225,0.023455311524420548,0.34726181055014055,0.08117295683092852,0.3615695160614448,0.014777875728375293,0.06509794533530053,0.060184939657475345,0.1961793792065923,0.4125421244440167,0.0014989870425464319,0.006226638103089259,0.4998699474125187,0.13669724757703225,0.0016503338768222645,0.0007169457806053339,0.007786200094187446,0.12449788597532827,0.48747080280348154,0.04359869693913858,0.11871138005284715,0.15530101337668412,-0.01449260696411676,0.5095532380089177,0.008221977787706315,0.012702547335194589,0.07021090288426783,0.11034926628803192,0.42373797600635676,0.0016503338768222645,-0.01449260696411676,0.001652704720578324,0.06149483601190035,0.0024839430227189194,0.17575377849364834,0.11928997888648783,0.0016503338768222645,0.0016503338768222645,0.36987626739672896,0.4862949929860816,0.056798401233515594,0.3748679071911231,0.3488929269378464,-0.014494985662236913,-0.015796340608582354,0.3382619617991351,0.06013348306565816,0.3891813312857904,0.3710429650446392,0.0016503338768222645,0.5117871131366425,0.0016503338768222645,0.35934256079406346,0.10641072182427536,0.4222399145299065,0.13235249861531956,0.34678276991385854,0.34679326733770843,0.0016526787528455891,0.0016526787528455891,0.0014940357461813228,0.2969031091993105,0.38886539524640196,0.13669724757703225,0.007219810069991128,0.5463225537907009,0.5952897772586607,0.6547499043909425,0.13995113187375602,0.005979693717181607,0.1364543805798234,0.13052249291014142,0.060593243984300625,0.14669229502752523,0.0022072527927264954,0.13669724757703225,0.49007252660519857,0.3429149344125561,-0.0017576206502396344,0.4204247453155202,0.1053643389029702,0.07032161991061628,0.3626074956783594,0.11767541024790726,0.17583349825642428,0.5813081922387453,0.13669724757703225,0.16938523330897298,0.22257200951002495,0.15058616991818927,0.0019328869419113562,0.05768187777095142,0.002262165503895637,0.08071742119299004,0.0022612311813510547,0.0026847812559474896,0.333556510372348,0.0025059140799656363,0.0016503338768222645
chr1:18890891:18890892:NM_001161504:ALDH4A1,0.3404515310489563,-0.038036909449623554,0.015604735382320586,0.4968756016247633,0.020218777817337975,-0.016592130611083514,0.3011270084566755,-0.020138875686113125,-0.015109757492038037,0.2540212111896012,-0.011385184906557134,0.05612147677243766,0.01693294838603413,0.10184248601804423,0.2470163602366681,0.015604735382320586,0.4968756016247633,0.08703948071867776,0.023408170647556417,0.24869438773786814,0.04744296780776968,0.13695140192816635,0.010412438546974337,0.023744009418063566,0.2470163602366681,0.24877684375673928,0.24832781012382335,0.011350476682238472,0.24871300374389602,0.08085067681547135,0.13644112424694022,0.3233552890596354,0.015771478090209533,0.010412438546974337,0.10672737959385217,-0.009950995833948637,0.010412438546974337,0.24767216605421158,0.1268737842429495,0.025684349763806326,0.4885128940771428,0.26699611758823505,-0.015245180066849391,0.017725387693728042,0.3933067616640059,0.026770786055959776,0.010412438546974337,0.010547845117616014,0.017340337285621774,0.25012311468676596,0.2065554738102729,0.011010511082091369,0.20190274559583676,0.010404470182165844,0.5398729498456086,0.01559650371215833,0.043984065344493874,0.4866916301910734,0.12998408941356465,0.2544038523624269,0.01149003914140545,0.20525251315525955,0.023365748924057336,0.007203136911577507,0.34466788529180525,0.010713874429653089,0.010592592824672058,0.020977935813605908,0.027644419183233918,0.17217300920224682,0.017270724688397854,0.24871300374389602,0.4898494867622952,0.11256067556993987,0.017325030074740976,0.11663339764493044,0.12998408941356465,0.13999921279727937,0.17632903017558846,0.24767216605421158,0.24832781012382335,0.010412438546974337,-0.019923998166066305,0.2491164843627243,0.12682693388112604,0.5036064980909588,0.010592592824672058,0.021312910196626608,0.010412438546974337,0.13591474109385288,0.048545813835540914,0.12682693388112604,0.010080868977678223,0.016858269356884087,0.023365748924057336,0.017260898057307753,0.127818708370438,0.40236317677033484,0.10598135053207153,0.1282071961218043,0.015604735382320586,0.1400243532426916,0.2606273066266089,0.010490555124563317,0.5471906740387671,0.4112854240017977,0.01647197162128923,0.36836350617481417,0.12932083523792048,0.015604735382320586,-0.01643864173586162,0.30300748327534477,0.12714943915803767,0.24636861588542827,0.010521617246545885,0.2508194294366193,0.340958998173693,0.5414844804775915,0.2602352795517312,0.2809704352406972,0.010412438546974337,0.2578571836892498,0.38201721569399383,0.2500219934538329,0.1401734430642288,0.39923534820486406,0.010412438546974337,0.48910825828901716,0.011200039020257464,0.010412438546974337,0.21018098453782694,0.13279213025358563,0.1267078827111891,0.12683486045842896,0.1965157346167098,0.011284068513906294,0.011284068513906294,0.010412438546974337,-0.030101550336244787,0.24832781012382335,0.3202874276035551,0.26193952615609106,0.1269739952349368,0.010412438546974337,0.16329113334084788,0.010412438546974337,0.011269439452877929,0.19916224875763155,0.010412438546974337,0.01885539924709973,0.2520788496943881,0.24832781012382335,0.05971295440687655,0.24952494102560938,0.019337240456074038,0.12436150908635515,0.19604003514284474,0.010412438546974337,0.12771061900641362,0.495448757935979,0.4885128940771428,0.01647197162128923,0.01559650371215833,0.25717097339607187,0.010412438546974337,0.023106864334226637,0.2604178570197334,0.46644094380874873,0.1965157346167098,0.014236718416067183,0.1025708865009025,0.10391566770446545,0.010412438546974337,0.2470163602366681,0.40648152997485565,0.24832781012382335,0.010412438546974337,0.010592592824672058,0.012688999161539316,0.1832883652616188,0.07424216713066813,0.48819350757776747,0.015217923756043403,0.05997815886979104,-0.020750298067505953,0.010412438546974337,0.43797392525127354,0.01082306916233769,0.24931339769784255,0.010412438546974337,0.045537913593704925,0.010404470182165844,0.010412438546974337,0.015604735382320586,0.49127788326532695,0.16327989290295603,0.4934725084219779,0.24912484284545874,0.09931419513841805,0.07100990427478798,0.37471328535328696,0.010412438546974337,0.010002763771084042,0.13090302075973195,0.38463073459551905,0.2472546025886959,0.010957399167569777,0.1535784166293871,0.09708627248360281,0.256878731708828,0.2081981261866741,-0.042234628521663785,0.134828082876439,0.3221960964606352,0.010404470182165844,0.011191828490844685,0.36696769024556974,0.24636861588542827,0.27788749161290904,0.0225067331785336,0.13963807671003536,0.2463508143635464,-0.009996922051840156,0.01945447914034802,0.39923534820486406,0.011010511082091369,0.010412438546974337,0.25681137513184443,0.015689750329838423,0.15405029858362607,0.010412438546974337,0.24934326583710245,0.010412438546974337,0.01751183855534596,0.12683579850167864,0.010412438546974337,0.09858441511994577,0.010413295991840321,0.12683503954300057,0.246605371248754,0.4452264248378085,0.24667597365961974,0.4918889000909513,0.16329113334084788,0.1961815760014254,0.25587417711244465,0.30974960642323845,0.010412438546974337,0.4918889000909513,0.26664713584026867,0.126834998678939,0.13077448796854024,0.12683486045842896,0.25776571078731136,0.3121029540474636,0.15034288988755573,0.016852055203323106,0.4918889000909513,0.09648361867248166,0.1281815536494913,0.1281815536494913,-0.04212374611644084,0.0319304924203172,0.010412438546974337,0.010412438546974337,0.010520618546586681,0.13482529255922004,0.5261009129302588,0.4569027746665264,0.19726205104931419,0.1279684776526029,0.01559650371215833,0.013527885555283323,0.2470163602366681,0.13280831512709074,0.010412438546974337,0.010412438546974337,0.4472307784619729,0.0240754400722593,0.011017669706755814,0.08975216698222915,0.32398447319149615,0.32184616497421914,0.010412438546974337,0.2578984222731764,0.010587964423555751,0.19667420258430632,0.010412438546974337,0.021320339364470295,0.34372860712885156,0.015604735382320586,0.010412438546974337,0.010412438546974337,0.01647197162128923,0.029941701176135156,0.12712211850705957,-0.042234628521663785,0.4918889000909513,0.2501914522579418,0.010412438546974337
chr1:19251559:19251560:NM_001271429:EMC1,0.006761283919190841,0.6007039590242251,0.001353781565858192,-0.00098099258763662,-0.007593573106453838,0.027707533348022173,0.9868579207046144,-0.005659690525374794,0.025936013565634852,0.0007649487666678001,-0.005052542288625894,0.0058277548897998355,-0.0050174600983145246,0.3273953191069725,-0.00034992346029005805,-0.005659690525374794,-0.006966324296400261,0.6163949519630418,3.790330198011338e-05,-0.007593573106453838,0.00014879151054328354,-0.007594417143149429,-0.007593573106453838,0.5059316706106092,0.31776384402746993,-0.006966324296400261,0.31649666562414036,-0.007593573106453838,-0.007593573106453838,-0.0016449443279184517,-0.0060474807634928185,1.251724863140718,0.5343352042949546,0.04821754424195787,0.5202617247844658,0.33644814090186625,-0.007593573106453838,0.15247504740106965,0.0005872809510135413,-0.00569124672092769,0.31649666562414036,0.328097479826543,-0.0006740677937075723,-0.005659690525374794,0.6020449035629096,1.071891345814135,-0.007593573106453838,-0.005659690525374794,0.14003411369251964,-0.00098099258763662,-0.0003727887482628811,0.31649666562414036,0.30842878898475784,-0.007593573106453838,0.3211084625211805,-0.007593573106453838,0.31713852233336687,0.30636654591872836,-0.00098099258763662,0.00040926903805243997,-0.0004122026774424914,-0.007577721587375547,0.5197064346363887,0.009856108249456763,0.001122747942106761,0.3147755331885452,-0.007593573106453838,0.04822216752171729,-0.006912224660161975,-0.006715267625066079,0.13845748813820175,-0.005915292901210623,0.3194415842662905,0.024123322093776767,-0.006966324296400261,-0.0003382505382484302,-0.00098099258763662,-0.007592156430885344,0.14742041777380788,0.6976883317629685,0.0007130650844826558,-0.007593573106453838,0.3156638585941551,0.15412516650945784,-0.007368937177715279,0.316505498349306,-0.007593573106453838,0.9587663283554005,-0.007593573106453838,0.1392526155326269,-0.00034992346029005805,-0.007593573106453838,0.31567926823156445,-0.00034992346029005805,0.0026603914593569533,0.6724529678077171,-0.006593170211067645,1.248931511716248,-0.0004898371061516082,-0.005915292901210623,-0.007593573106453838,-0.007471151168200629,0.5202495920677289,-0.007593573106453838,0.3183869699037763,0.03022694777386964,0.30511719737273557,1.0707167842606982,0.14790479540804619,-0.007593573106453838,0.31649666562414036,0.027415247439030926,0.31649666562414036,0.3156638642959885,0.328097479826543,0.5227317021938255,0.3357234990984995,0.31649666562414036,0.31564376990297555,0.026085233298257265,0.3156638585941551,0.33633656602646844,0.5766482176510044,-0.0032591093731328957,-0.006693841648366589,0.5950553945084424,-0.007593573106453838,0.3071905155627199,0.0011810003220038279,-0.005915292901210623,1.071949802208051,-0.00034992346029005805,0.008835756751878365,-0.007593573106453838,-0.00034992346029005805,0.3194272805559676,0.3194272805559676,0.3178825631096451,0.5179017592288785,0.31649666562414036,0.9687143429931827,1.0707282354691228,0.34255310138783823,0.015542426005101861,0.006838592950281969,-0.007593573106453838,-0.007593573106453838,0.33404683310632866,-0.007593573106453838,1.160860091245627,0.28190437548671665,0.31649666562414036,0.7785111542899767,-0.005656948729282574,-0.013317443608335672,-0.007587243758582801,-0.00034992346029005805,-0.00098099258763662,0.31777510055057706,-0.006965309244250012,0.14037471513630295,-0.007587243758582801,-0.007593573106453838,0.0009297913520194268,-0.007593573106453838,-0.006966324296400261,0.3165545353831728,0.3361952483126607,0.3165074759056287,-0.005149976784947635,0.3156638585941551,1.0560977001349774,0.020467246702559366,0.3059365057302263,0.01195586351073824,0.31649666562414036,0.004308902888387145,0.14873140730314083,0.3159598720617382,0.31727496031535624,0.3156638585941551,0.31649666562414036,0.3229088216959018,1.0505411528946715,0.31649666562414036,-0.007593573106453838,-0.006541011224204779,-0.00034992346029005805,0.02753730599760354,-0.007593573106453838,0.026962674282466126,-0.00098099258763662,-0.007593573106453838,-0.007593573106453838,0.31649666562414036,-0.0072202775680147435,0.31649666562414036,-0.0007645259050118314,0.9406917975176501,0.985293504857585,0.04430179891930172,-0.007593573106453838,0.3156638585941551,0.02769496301982438,-0.0075753237721621625,0.30636654591872836,0.6987617021096781,0.011457477973328273,-0.0009693267555936358,0.5433016494574803,1.0598087383482626,0.5218042052594786,-0.007593573106453838,0.31649666562414036,-0.007593573106453838,0.3156836232343236,0.0006730764142006407,0.3051144254486096,0.3295573229862104,0.985293504857585,-0.06209348348634755,-0.007593573106453838,-0.00098099258763662,0.3167466733280188,0.023394958748915395,0.31649666562414036,0.3156638585941551,-0.0075753237721621625,0.3051144254486096,1.0128346662407628,-0.00098099258763662,0.31649666562414036,0.3272496767617042,0.5201677508505206,-0.005915292901210623,-0.007593573106453838,0.3159150765829488,-0.005910465326148362,-0.005915292901210623,0.14037471513630295,0.3165120882512865,0.31649666562414036,0.3181604460274292,0.0005872809510135413,0.3156638585941551,0.31564376990297555,1.0846891948515596,-0.007593573106453838,0.31649666562414036,1.1507804147927354,-0.06241071518999647,-0.006214803158537924,-0.006164503617900136,0.31649666562414036,0.31650481908998634,0.9881838370051972,-0.007593573106453838,0.9847564142800544,0.3166297984138448,-0.006900472499468013,-0.006900472499468013,0.520715954647851,-0.004670740334985574,0.3156638585941551,-0.007593573106453838,-0.00098099258763662,0.3156638585941551,0.3407468714345325,0.030288923476354007,0.5329322360480224,-0.002970078704423923,0.3072949536980192,-0.007593573106453838,0.9847737133568786,0.13830036722592193,0.017348427073072215,-0.007593573106453838,0.6835917142488255,0.9688176889109767,0.033041433668588666,1.5558678680836489,1.0029689791752432,0.31649666562414036,0.3156638585941551,-0.007566457064054677,-0.007597157958670969,-0.00014933857156548824,-0.007593573106453838,-0.022534346077122097,-0.0007855017664268604,0.9690432438178644,-0.007593573106453838,0.31649666562414036,-0.007162676305681209,0.0241306282269097,-0.007593573106453838,-0.0075504535531757955,0.31649666562414036,-0.004512151697655703,0.5201677508505206
chr1:20486235:20486236:NM_018584:CAMK2N1,0.26030068449460314,0.26387217665192586,0.10542265549446989,0.00117766557346477,0.10474700430469647,0.3625648659182247,0.004259371524929334,0.20057748948997695,0.13248319248227103,0.14245984605955214,0.35858022878787466,0.13494713615183623,0.19982049380744538,0.26030068449460314,0.06940854619899184,0.335492859347581,0.00931407022521491,0.43278492833665927,0.31881559750371036,0.2221694096086156,0.008358483364772407,0.463825457857084,0.19453781451154772,0.4532256619514672,0.19550116865274808,0.10542265549446989,0.06951920402569073,0.33636305575756914,0.10542879231425689,0.22217825083557746,0.2366684832065532,0.3468971707871024,0.1418219835856746,0.13237209740031175,0.35758355977137235,0.04868714847344652,0.011379950339636402,0.19550116865274808,0.10388919895041504,0.0012993268636122823,0.03544434798886026,0.10231790999190862,0.23636811832469196,0.1047098266679416,0.2621621022288609,0.13437545627076158,0.0010053086960412072,0.10404422471449115,0.19078135514951722,0.10155762299844406,0.10334018716480187,0.03544827226549596,0.23659107338604463,0.11630408515966517,0.22574136433454625,0.10474880083469357,0.009785677958975336,0.06583557271101492,0.2222240199072137,0.06942962726645632,0.19620309684127646,0.10334009161585295,0.0032744861700012007,0.0009637055406796491,0.5052464962818161,0.03053469195029984,0.0009637055406796491,0.05627554101166571,0.0032744861700012007,0.1971631245258182,0.00097254312848577,0.005110893301771058,0.2007624935886309,0.14543251696455534,0.19697871392488275,0.13904655881280403,0.2222240199072137,0.0011508762167127817,0.0013129379657718099,0.33237659280719345,0.06951920402569073,0.07805035307224273,0.03550404081799213,0.13681566736046963,0.09897066475833682,0.07235046755687113,0.0009637055406796491,0.10920252333181718,0.0010053086960412072,0.060782581115246426,0.0009637055406796491,0.1032892563873214,0.19836410454190406,0.0009637055406796491,0.045281925924426536,0.06134056960021636,0.00021018777362002972,0.45317630759286875,0.13434726012288423,0.0015279384042384825,0.0010053086960412072,0.19717918515175042,0.17141244757572194,0.00117766557346477,0.050052620160439765,0.26216713030594585,0.19544979444978178,0.264794678391848,0.06597734660720436,0.0016207507351384542,0.04336880195195786,0.010911651239625508,0.03544434798886026,0.0009637055406796491,0.2323664186222793,0.10509822306615013,0.18289957854961286,0.11076078240955514,0.047964342876110844,0.12579476941123274,0.030519518479639796,0.34934403000469877,0.1986534194959837,0.030519518479639796,0.23543277052689499,0.23036686563491088,0.0009637055406796491,0.006341853571365463,0.2683139597937656,0.0010053086960412072,0.2584584443808383,0.03544434798886026,0.23553383717448662,-0.003096385715936123,0.006240346475977654,0.1431923543561251,0.1431923543561251,0.035465970801317304,0.06647798273890204,0.030610512656685684,0.23524297527295274,0.14207090369086656,0.03164590501619885,0.00194393171243884,0.1396600061308581,0.19691924341802242,0.0009637055406796491,0.2752740827593969,0.10469454120841121,0.1970061703522376,0.1032172428184519,0.06951920402569073,0.3061628422175139,0.1047098266679416,0.028194299468159156,0.10217017614150431,0.04809665834734239,0.0010708938454153105,0.04822624500145212,0.06026712891054814,0.19550116865274808,0.1983561452914896,0.029107506829315954,0.06361331939842424,0.0009637055406796491,0.0009773129459691443,0.10855052175316476,0.5784210624605157,0.07515450441688332,0.11879608929251151,0.14113311324811367,0.11747732812638323,0.07965219050327604,0.0009637055406796491,0.0468411343537824,0.06940854619899184,0.00194393171243884,0.33446033134284914,0.19693714432711823,0.08197289752773174,-0.0030931589688491523,0.11076078240955514,0.4480213651524197,0.09372418242056141,0.12007990837074278,0.0010053086960412072,0.0920859538929178,0.032691066658987744,0.04555700384331751,0.0010053086960412072,0.007920539475369692,0.06561253465651984,0.0009637055406796491,0.0010053086960412072,0.060251925086481584,0.09897066475833682,0.03629876451593428,0.20010791798308736,0.09550112801763905,0.08038061245235734,0.20652966736406958,0.0010053086960412072,0.005063409116078332,0.26036374785129845,0.0009637055406796491,0.0009637055406796491,0.04317148330327186,0.23590472352124253,0.14932323318336765,0.13964416705632654,0.18088494968604774,0.1716712881837794,0.0010121082168254025,0.27489263990217466,0.039929455412053005,0.0009637055406796491,0.005278727477156964,0.0011603894895332312,0.4032482025444195,0.004127037953885249,0.06785736744521342,0.03975434886206847,0.313990059464504,0.235991564057505,0.25887018477208384,0.030739275104493258,0.03544434798886026,0.0038703771864401215,0.0009637055406796491,0.11343629338787975,0.0009637055406796491,0.030519518479639796,0.0009637055406796491,0.06947569403095452,0.0012718399867476804,0.10469454120841121,0.03550118167958216,0.0009637055406796491,0.0010121082168254025,0.06978613049928475,0.10202630087804335,0.11136048948551122,0.04334460776299276,0.13496464166366762,0.043428001981794195,0.04334460776299276,0.14913865704693724,0.0010053086960412072,0.043360928835685986,0.171500873353487,0.0010119015856588365,0.2509062622783407,0.0011775569759905347,0.0059946850018214315,0.03544434798886026,0.114434731232745,0.00506922508365687,0.04334460776299276,0.009971320387571148,0.003999401632774013,0.003999401632774013,0.08982990973979227,0.2798399646090168,0.030519518479639796,0.0009637055406796491,0.0010299332169354525,0.03544434798886026,0.046799130318263216,0.6235969209553571,0.18915270064676243,0.0015827680410100964,0.13163526013449217,0.035444387829245416,0.06991260559680879,0.2636618158260595,0.002131259327347701,0.0010053086960412072,0.15662830935819638,0.009681277166113833,0.1062937929551086,0.2885926915056825,0.19770820172414255,0.27999451723015223,0.03544434798886026,0.02749184895688994,0.14113311324811367,0.36549514110627296,0.0010053086960412072,0.38033955943604225,0.0009637055406796491,0.10566756009436978,0.0010915056627973652,0.03548566147848731,0.14106449177915992,0.13079507889905623,0.0015279384042384825,0.0032583750389504895,0.04334460776299276,-0.0006182200447023001,0.0009637055406796491
chr1:20633454:20633455:NM_032409:PINK1,0.22613802548290723,0.22961899549532977,0.24174154343148277,-0.005279835349800113,0.1994655753966658,0.21041636676985162,0.2255389359109504,0.21324589681452732,0.20275095738715046,0.25520054671781767,0.21367016523947308,0.5163091935991235,0.1994655753966658,0.2997089284424017,0.1287689398226732,0.21171666262347721,0.08876731363165466,0.24123246901952544,0.13570707858777142,0.20053263141012673,0.020769114492716664,0.25003170282285553,0.08770103306073215,0.43564253527543073,0.12874699628698996,0.25040159307051313,-0.004743514547498204,0.24168219431943264,0.19902189978231255,0.20084689230270822,0.2635248481861588,0.3076813076327373,0.3099440694507407,0.22421250621958377,0.26262485907773364,0.17756502452957365,0.1994655753966658,0.11018654276353859,0.136373297981805,-0.00398495856594589,0.12814569869818748,0.6535822579818957,0.00043734966168708887,-0.004783010152316424,0.3143947720519372,0.13569023234727803,0.19863335795067055,0.22226218857193525,0.043302348606023514,0.09910040551752564,0.24430543396315513,0.12765836586742385,0.213430756542671,0.20476000578255316,0.09994718695970675,0.21108487298605447,0.6588148874964453,0.08796842277853822,0.27601667657827217,0.028314616540755906,0.23155513430453947,0.0767039894137109,0.07658155407992434,-0.0005557602433335228,0.2716401397589344,-0.004702616228511074,0.08882753759483253,0.099996505609636,-0.004447948970959002,0.028367779298565723,-0.0016097992348242341,0.20450869064681784,0.11926887535417491,0.017924746530530368,0.1994655753966658,0.02710312699672321,0.27601667657827217,-0.004788819025270351,0.24141038596894535,0.12878543792826858,0.08797750543285798,-0.004788819025270351,0.027768732410116813,0.3977050034525196,-0.004788819025270351,0.1276812503888515,0.0076576666426172585,0.24559565846703407,-0.004077762450930372,0.2468995179056675,-0.00473912628362966,0.13635740721367046,-0.003241543350819192,0.028361706818528405,-0.005194118917223202,0.0156917145305654,0.2644244830845063,0.37337388004027927,0.11516751141413886,0.1363581200926866,0.1994655753966658,0.296071747017576,0.22230805843163168,0.0278023830493061,0.1182309652993779,0.31169495938641717,0.22218429901286557,0.34864669155501793,0.24689504498630452,0.1994655753966658,0.17752073538564886,0.02075715133692419,0.2961098066336326,0.027715572505192895,0.02360843757193236,0.21083160308519086,0.3367466767108021,0.12765836586742385,0.12765449518881256,-0.0005475358320812694,-0.004788819025270351,0.08889839068429375,0.2554254546848878,0.11006485520456699,0.028367779298565723,0.71213737203073,-0.004797727147590112,0.08799854891913747,0.2334751845721694,0.11084063184212123,0.04761563040400113,0.12814569869818748,0.009699444643172956,0.13635740721367046,0.028352128786904157,0.042001584700772476,0.042001584700772476,0.08883152366127758,0.38352303484898875,0.08885565879593058,0.2950938996859048,0.19002902236900615,-0.008303614452355716,-0.004989034897523408,0.15506881173864578,-0.004788819025270351,0.13635740721367046,1.0312009402742586,0.11084063184212123,0.2877874653208664,0.0888229484916733,0.12877014582040286,0.3710260246205473,0.1728541267654481,0.004175225699584422,0.1411906997737275,0.1275487078855166,-0.007113307305675954,0.08796921475992661,0.12752381955664718,0.10929883918233763,0.11084063184212123,0.22612377577863293,0.11208277135770547,0.1994655753966658,0.12771951248355887,0.1540638846087987,0.6959493018904972,0.12765738309511063,0.1775085822717325,0.2716401397589344,0.11902879421914675,-0.004775903829874766,0.08792929765154983,0.0867463747627124,0.028361706818528405,-0.004989034897523408,0.12874699628698996,0.2716046515986241,0.29485222696376673,0.08903102227732976,0.12856516639277707,0.7364468319584043,0.2686692423434065,0.016337627790837445,0.1994655753966658,0.08880927788479859,-0.008310566619785709,0.04079758436772265,0.1994655753966658,0.02075715133692419,-0.004445014258210111,0.08882753759483253,0.11084063184212123,-0.004798256513972182,0.14807325377461342,0.2960215934624057,0.029025740580102176,0.19359055448082108,0.6962556258463924,0.2992327367146562,0.1994655753966658,0.08903350186058703,0.13449298394961745,0.2731439932045998,0.08792556917096148,0.08881524523439535,0.00701632076208287,0.028361706818528405,0.7145492474716993,0.047066159614252576,-0.004433642813614374,0.22527995725607458,0.8269802035435743,0.20476000578255316,0.028378678177915978,0.02075715133692419,-0.007086127501597105,0.6573665956498411,0.6542400286194492,-0.004988490223791811,0.2558137325231462,0.19820946363494887,0.43755978547947105,0.3857352043318003,0.12878707211100127,-0.004788819025270351,0.08882878157437638,0.33482049949055726,0.4189305187869685,0.028361706818528405,0.36565331624694447,-0.004788819025270351,-0.004706906879622328,0.13615910519432078,0.19863335795067055,0.3866079254375701,0.11141430858574783,-0.004989341501354995,0.1277307371502641,0.12784757378535966,0.12756476515762885,0.12704162706184313,0.14807325377461342,0.027751773425606627,0.1276812503888515,0.12798820962733726,0.1994655753966658,0.1269514992126886,0.7015541454517793,-0.005044881064788937,0.5099060906034771,0.028361706818528405,0.08880998229114709,0.023601084901610343,0.3751282156059616,0.1268570772495186,0.12701452141968744,0.1284367143310204,-0.0032970219287556,-0.0032970219287556,-0.004433642813614374,0.025219376498788297,0.08882753759483253,0.19863335795067055,0.028416641411262294,0.2710639717867702,0.13139684645553146,0.45696600025582657,0.4011818377386078,0.13649171466226134,0.3470097962615444,0.046804812162519596,0.12648855011168192,0.2682757412317417,0.0885532522534846,0.20476000578255316,0.4808495511389067,0.11793896891937664,0.0076576666426172585,0.03562791001444959,0.3653336957154924,0.8743221605847777,0.08882753759483253,0.2560169301580508,0.22544445418434536,-0.005297464190501853,0.20476000578255316,0.33628935844155505,0.07667918034451914,0.2678624834650396,0.07594459111519311,0.2960001528581987,0.11084063184212123,-0.00032130575428777376,0.11096273827996117,-0.004447948970959002,0.12687593019554502,-0.002096084922304813,-0.004781875142476121
chr1:21279690:21279691:NM_001113347:ECE1,0.19416349944706493,0.22945053386051106,0.12370884958786194,0.006377399009139528,0.07254260897953507,0.16511062298572332,-0.028383653169255535,0.10415567571876258,0.23932446549895003,0.13626406492986234,0.3904285836589022,0.008492705887134105,0.3358266114229,0.1980907211671719,0.17375569311029027,0.0551141495989457,0.005615953997077844,0.5415004638445897,0.06921208143600496,0.03946903182152031,0.05771494797301635,0.18729360157149083,0.002138762739863992,0.29937972265154866,0.002465083522855127,0.12352100293061496,0.3631859153934202,0.003591769435103198,0.12352100293061496,0.10908108233848282,0.18088798782175664,0.4623545647069698,0.06750736713947353,0.15841328885767858,0.19677004156003586,0.05729549638688408,0.05742692650289641,0.3631859153934202,-0.03204812469584942,0.108894046577794,0.17458381911517068,0.5112658094929594,0.4680844862877642,0.08382401907151796,0.18666222306335228,0.11701281476905939,0.09153874223318148,0.08723962522307765,0.04420913360391493,0.09114255505943389,0.09665586827079459,0.002138762739863992,0.29937182887201963,0.11909982792402624,0.17661286070174537,0.08868991312831828,0.4410373611576549,0.17497730300433356,0.10698336299034214,0.38576154229872756,0.019966614029412244,-0.0376538236110201,0.08702235858058141,-0.014323876008576847,0.158396531384375,0.02169146602484695,0.002138762739863992,0.2506012509642077,0.07797170761367564,0.06042006883941878,0.015015738373703513,0.0628116413525345,0.31415903792094646,0.21826254674327908,0.0594833457710538,0.16788853684134517,0.10698336299034214,0.03094846575370891,0.016579802726707837,0.1742032012261554,0.17458381911517068,0.029756276839611018,0.18395614089610957,0.3608224583107478,0.03897826487850606,0.3631859153934202,0.002465083522855127,0.19093454385017805,0.05742692650289641,0.09975462654235356,0.0883977847231378,0.002068985224430636,0.1937415941527782,0.06292803050220785,0.09629088006477218,0.2934153577735418,0.12059543525659014,0.3018940629798068,0.04603496676610333,0.06903619475689496,0.11909982792402624,-0.10010672347947194,0.10152173633503961,0.011130935635426442,0.7868171677538012,0.14198804608217241,0.1187592487941313,0.20173234848391283,0.11668776030560557,0.05742692650289641,-0.037461522769185546,-0.009085817252174472,0.002465083522855127,0.00406001769744771,0.02666534166411011,0.024839069562999916,0.12328308402931906,0.08569197572741455,0.030541733989423003,-0.054129819622747516,0.002138762739863992,0.17461512288980313,0.1731036555574165,0.17458381911517068,-0.05686009420481519,0.22187125059697416,0.024800529836957574,0.17458381911517068,-0.004697293091644877,0.04790824413228692,0.18238193421232385,0.22264179986776356,0.031298983215821585,0.13511908285118696,0.3688926174358328,-0.0376538236110201,-0.0376538236110201,0.01962325148103225,0.20629891417695304,0.17458381911517068,0.1690444709826699,-0.026491936694214513,0.002465083522855127,0.006560188150538826,0.003613979267222539,0.002138762739863992,0.043884594147951594,0.06614837514604338,0.043249588410980144,0.3768450129979864,0.002465083522855127,0.08569197572741455,0.27582116197054907,0.012591443255962537,0.06669879853435151,0.08883346943855006,0.009027206261533388,0.0026264516461404486,0.17458381911517068,0.002486831080295071,0.17458381911517068,0.03024611658449111,0.11909982792402624,0.29829630366774407,0.11909982792402624,0.38687543228460025,0.44503874326594983,0.3215685732653263,0.17458533857407466,0.02959412123144811,0.058023254718448436,0.03720691609005408,0.010841886727826905,0.002465083522855127,0.14104174192551153,0.17458381911517068,0.01615981542886874,0.17458381911517068,0.31529219554758614,0.24394576293796477,0.002138762739863992,0.17458381911517068,0.20401060327162568,0.057458225730260104,-0.011670537132802278,0.00683200501561762,0.02544068231806082,0.002465083522855127,0.03975254872978917,-0.028456688167634137,0.1080086180395014,-0.037710218174275695,0.0031696471888961186,0.05742692650289641,0.12188037294703535,-0.030827829309840404,0.22264179986776356,0.2773816899957844,0.0055308584910474246,0.4792584083893677,0.013992059460673306,-0.028456688167634137,0.014521856083418522,0.15780576532303148,0.05315918541965137,0.002138762739863992,0.01964298915555107,0.14758420137826495,0.06557914134509801,0.19128825295036794,0.12167003559377992,0.4893339450414721,0.12501808722377103,0.17843468210585361,0.05742692650289641,0.002465083522855127,0.02301151995276604,0.0026264516461404486,0.029448360624631437,0.15978362919336944,0.055294198078786494,0.08012515066040629,0.10614351532248184,0.1637805673143642,0.2858457255347243,0.002138762739863992,0.002465083522855127,0.053065557692894255,0.030756214504579438,0.30951808803220604,0.002138762739863992,-0.028275004188779845,0.002465083522855127,0.19829235405242474,0.045706300028406616,0.0023058337366580195,0.0868768751193402,0.0727538920009061,0.04324197532548965,0.17497730300433356,0.17458533857407466,0.18989559768630454,0.17458381911517068,-0.0563881863152417,0.006398672583371567,0.0345568456385027,0.27169180820377975,0.040065693023067894,0.002465083522855127,0.46459788155039367,0.04324197532548965,0.27427601446478544,0.0063470371914845225,0.17458381911517068,-0.11775399252465041,0.07939150861371164,0.05194003283280632,0.2325653387356909,0.07919674455821596,0.024105790884339423,0.024105790884339423,0.23336959115891417,0.5036695427942879,0.002465083522855127,-0.0376538236110201,-0.052260516868588736,0.02233174270325372,0.5952327575282297,0.11480341766831617,0.021277720160993135,0.11068876991503157,0.16934506179493067,-0.0376538236110201,0.08569701660341988,0.058652506858791836,0.013547887834719663,-0.028456688167634137,-0.1375082730897413,0.1669214666456524,0.002138762739863992,0.18217428052589973,0.032683979195758134,0.16804205467304395,0.01382838207383974,0.06254941172042516,0.052786018243127064,0.16790339583873937,0.13457389364921363,0.12182401491405634,0.26102941408582675,0.3370967317104183,0.056584050502834576,0.0502654773813829,0.1067375708536451,0.06883052332600545,0.04622119014342532,0.24568621803056645,0.22264179986776356,0.016495972559716382,0.017546484848635524
chr1:24415754:24415755:NM_020448:NIPAL3,0.5623217177855073,0.14341727167963275,0.5639253537278683,0.0018616330628856703,0.5198524143979424,0.15875085740410538,0.09440691416906216,0.3800785823970222,0.13874974063952145,0.17640051602395895,0.18834172904494417,0.01320987145222463,0.4157767027913107,0.5675575201279444,0.0018228859084314375,0.3794611992525023,0.15864463053447686,0.588643335123164,0.6202523470243603,0.5627785596776695,0.06748151698393084,0.5621033901484844,0.0690708560097269,0.0025719334729466525,0.0018228859084314375,0.519658380324368,0.0018382690085998465,0.38381690180305533,0.519658380324368,0.6130532921869173,0.4479802758899438,0.42465522606321104,0.6589191415688352,0.007399749102677267,0.5683351327390048,0.3835789372427287,0.002163274379270219,0.203985253061629,0.006333449627996979,0.2052384803016189,0.1586399383283513,0.3426769915651641,0.18756702512616585,0.0018228859084314375,0.7589744506445465,0.43020663223969213,0.0898235778986573,0.5187602230242272,0.010827574389458028,0.38006076246059406,0.39818353083070557,0.0018271530925468848,0.18834844540408396,0.0898235778986573,0.16914916152066997,0.6132784631943753,0.15909434190065458,0.15866114314140292,0.12402517197645307,0.15864556422197826,0.39818447556774733,0.0017698070331266247,0.028857491750352515,0.04589722233119764,0.5768720310642953,0.0018271530925468848,0.0018228859084314375,0.032096824327930484,0.028858786229937428,-0.006574366823145661,0.010813396932929542,0.08869883843635346,0.15859074336476428,0.0018288468439458527,0.5189971995280562,0.37944339655815956,0.12402517197645307,0.05220728460640234,0.16947567258468998,0.203985253061629,0.0018559113421644513,0.002947379079256851,0.16897570586299307,0.34365723812903093,0.05574635596909655,0.15860624361837566,0.0018228859084314375,0.0765784123359623,0.002163274379270219,0.1662789106055645,0.014529805794965156,0.049895403125829074,0.15928640216042445,0.0018559113421644513,0.25494737661984035,0.16654325446603613,0.004440887334622945,0.6775344195260009,0.001825055157000821,-0.005418590583040339,0.027485943192782858,0.08839460237245256,0.04185644276192846,0.0020204085980752295,0.3994676166873937,0.18997877093268767,0.14979004392007372,0.6702209099170403,0.16627847390402867,0.00301986348603428,0.3803306224847656,0.08082778673581203,0.1553142627332939,0.0018922691660478441,0.15861061540948923,0.0043419002080015145,0.9795061749955198,0.1586356995584416,0.00186017873296912,0.18977905543621562,0.15864128853433643,0.0018585471888835081,0.18031456251948408,0.001834871509619973,0.08129374068068845,0.6745532847885152,0.1553142627332939,0.0018559113421644513,0.40590568596833915,0.0022853475415871016,0.4286633182358883,0.1586356995584416,0.3939724143338066,0.0029761489596661916,0.15863904151278713,0.15531727762351133,0.15531727762351133,0.03149875455706852,0.0018228859084314375,0.0018559113421644513,0.026124740284252324,0.6180351564417434,0.33229621117235053,0.056928206748378174,0.14069730099794847,0.0018271530925468848,0.0020204085980752295,0.5935110062979562,0.0020204085980752295,0.051264804713407774,0.0018559113421644513,0.0018678974447510766,0.379449367995189,0.379449367995189,0.4064476808373533,0.0021388223260984662,0.16628774330221857,0.0018004520328192553,0.00186017873296912,0.0018639553303372858,0.001834871509619973,0.15532832721649797,0.00301986348603428,0.17146013717834835,0.0020204085980752295,0.001834871509619973,0.3800008455500113,0.5720215436136983,0.3322956787795556,0.002943103856474949,0.5599540171915816,0.5280998654537117,0.055888279635414984,0.001839138779039795,0.06379727583768469,0.15865555386762661,0.0701044570665244,0.001834871509619973,0.05127668077773201,0.332457984217625,0.1578431281965178,0.1586399383283513,0.21835581865220213,0.00034592445845899045,0.1556162108790498,0.08898200357909758,0.1553192413328276,0.15859635130835983,0.2645981739878099,0.0022853475415871016,0.08082778673581203,0.0024485369983690553,0.002980424389460612,0.0022853475415871016,0.33726408566845395,0.1423990488396975,0.0018228859084314375,0.015226142986800084,0.15822562018564362,0.3428848627298999,0.00042020187751518057,0.00301986348603428,0.004950492763846237,0.30757384969138435,0.04997388075738701,0.15861620418844713,0.2655249471567535,0.3955973136884906,0.15531215323255726,0.6153151076501703,0.42005196985888704,0.028858786229937428,0.38110142426159677,0.47106554329672934,0.00301986348603428,0.0018271530925468848,0.06747009426741074,0.0018004520328192553,0.33658187918255555,0.15866983135906582,0.38252189697002065,0.3315890685657094,0.008336336029050317,0.08871448755424066,0.762697851042948,0.1585907628272234,0.0018228859084314375,0.04989159811925642,0.37943979336487377,0.01290889844565779,0.0018228859084314375,0.2860145253509667,0.1585950013972661,0.014325214912035311,0.012059285110156193,0.3810552614240762,0.25854455949448124,0.005618504365095589,-0.004031347499367122,0.15866114314140292,0.15864128853433643,0.33229621117235053,0.1586455273544011,0.5960194952898535,0.15861620418844713,0.15864128853433643,0.4278782032275081,0.08989187331557535,0.15864128853433643,0.3588480961619917,0.0024075678573065584,0.011220778619315419,0.0018228859084314375,0.0018305505887908913,0.17617378863162886,0.01263066633779275,0.0018981492661999666,0.1586455273544011,0.345508604262858,0.0018271530925468848,0.0018271530925468848,0.05414995768726555,0.1053566181686354,0.0018228859084314375,0.002943103856474949,0.004939605949728865,0.00186017873296912,0.400985260679892,1.0338961511225253,0.0029593681524240356,0.19759341917658596,0.11706769793880639,0.18926171439561817,0.3350797107617817,0.3427658500250495,0.06865129750719845,0.0022853475415871016,0.18459478443006871,0.16697988968195082,0.006578950221468982,0.43175844886010106,0.5200715985994638,0.47111915386705927,0.0018228859084314375,0.11688640880681161,0.3810552614240762,0.004409864109653772,0.00301986348603428,0.0019964077041601525,0.2209210917565615,0.9916560762100649,0.02623346200527521,0.0018635763186996557,0.16091094562309985,0.15968755076278235,0.009475849428499383,0.015951131345826375,0.1586455273544011,0.0018688271711678195,0.009645563275120395
chr1:24745268:24745269:NM_013943:CLIC4,0.06422918249653076,0.36800009689121793,0.033269678882695386,0.2268675834196961,0.0386767196255976,0.37450456934596693,0.017163784335487542,0.10329766008490687,0.19874014007684193,0.40292212393258636,0.24581303704157512,0.1740377818265534,0.23472600579090092,0.15456182810116859,0.14767720431007983,0.10329766008490687,0.16568334950342387,0.3377290305684158,0.19529161560882358,0.14607409674288874,0.0176275633197443,0.06204819625239777,0.013943440799318974,0.17441875004103935,0.14446993601807104,0.028662695609544597,0.14446993601807104,0.08932904252370888,0.015308021440856023,0.582926067313404,0.3913416961287124,0.20845139711732927,0.15803378441928728,0.19801950576617505,0.08258494087211354,0.28998469960371215,0.00157017920932373,0.14446993601807104,0.02244416148110523,0.025972761874226424,0.14446993601807104,0.16698424272417509,0.19464274606739662,0.25359933074395824,0.40938744962834667,0.18007850032212297,0.00157017920932373,0.5606438327653376,0.21385647083645765,0.15638385104624186,0.139665468838304,0.1444823197084003,0.20673975987663318,0.0031483879424848427,0.5130904989174815,0.0298185235635251,0.25589250400918406,0.14446993601807104,0.5271346427888837,0.1481409025254792,0.13525353487033365,0.14034556543225712,0.13645553756724227,0.5136758004132791,0.19872174189200248,0.14446993601807104,0.0009363953199509889,0.24032520689880088,0.13645553756724227,0.1045361102758281,0.2054235154756488,0.2172566681397795,0.008858933394195023,0.020531948610707673,0.19667678300653652,0.2900008794546206,0.5271346427888837,0.0047352417528860324,0.2439467352150932,0.14446993601807104,0.14446993601807104,0.031457893873337306,0.14446993601807104,0.18801920896781002,0.018380021148671988,0.16458149715100842,0.14446993601807104,0.3058716465425553,0.0031483879424848427,0.2475766340276952,0.019854447043621715,0.016869304212628,0.16414227916313373,0.14446993601807104,0.15726624420572768,0.25227057438741674,0.10688306476234433,0.19494332223641578,0.006281157875435095,0.0018043592060253966,0.0031483879424848427,0.07421962662678633,0.009091258644692679,0.007245500169844932,0.1857447605806373,0.6070087116030249,0.040076663065384044,0.6166428652835126,0.2475766340276952,0.0031483879424848427,0.0016269494465955825,0.028996217870361607,0.5120417360727217,0.03403901517086444,0.16400540261983745,0.0018589200814349005,0.18834425458148232,0.14524392453266854,0.16297680298416667,0.19269738588820995,0.0009363953199509889,0.14483883941404124,0.23512160540286653,0.14446993601807104,0.07490798331002424,0.4546104351766492,0.0009363953199509889,0.14446993601807104,0.052519594164601446,0.0009363953199509889,0.18191123963661432,0.1435369470501949,0.21499523517932856,0.0009363953199509889,0.1481409025254792,0.17209201432530952,0.17209201432530952,0.15584346332348087,0.15658399729034034,0.0012370115597621356,0.15341158781741887,0.2612709595860425,0.148141322692893,0.044578624263691635,0.06848769055691567,0.02981114174259425,0.0009363953199509889,0.381814482894819,0.000990784711752013,0.08653828230004329,0.14446993601807104,0.14446993601807104,0.07880794759213444,0.2210079877334573,0.17608254145132723,0.020101671458728154,0.004839161349171284,0.07583345712842421,0.14446993601807104,0.14563278116042214,0.17209201432530952,0.09143468675482774,0.00157017920932373,0.21625842935993295,0.0031483879424848427,0.14767720431007983,0.3307833450140678,0.45006470890045136,0.14767720431007983,0.003348118182073201,0.1622766033865809,0.03554931844005438,0.03446198902495945,0.14446993601807104,0.14483894307661366,0.16421573180241797,0.032857500270556894,0.14466087489810364,0.02964116234053854,0.18270672874804922,0.16414227916313373,0.2232675966665964,0.2721619347644727,0.026128569686874326,0.14372727496718524,0.0031483879424848427,0.0009569181517644632,0.17779252101655524,0.013653699956110543,0.0031483879424848427,0.016522461822762513,0.0009387672811462799,0.0009363953199509889,0.0009363953199509889,0.0009363953199509889,0.031143884782168174,0.1632447048439431,0.05931110745761281,0.1414457151194573,0.32294202955940665,0.4266782157288189,0.0031483879424848427,0.018913188786005453,0.5009429939760175,0.036117257838326866,0.14446993601807104,0.14744939454002579,0.2025137625135512,0.17209201432530952,0.19846426129233716,0.22853350958417734,0.15500737998231215,0.15030584343518416,0.14799357566205992,0.00157017920932373,0.14446993601807104,0.01652233192557795,0.07583345712842421,0.3357188951819274,0.25570522897236186,0.014872207630446332,0.014227762203559313,0.1698317711822759,0.0677731085894599,0.4080693196798791,0.14446993601807104,0.14446993601807104,0.07794221213268948,0.001803261455199212,0.2774849255059023,0.17209201432530952,0.1435369470501949,0.14446902793633576,0.15227852682087048,0.0018297833527265994,0.02352695838950869,0.24463695347012715,0.030557280785585894,0.0018047428806783339,0.14446993601807104,0.14446993601807104,0.24512672021422613,0.1435370869852175,0.020336299274615333,0.14905348352781306,0.1652518750733689,0.2347641716675982,0.0031483879424848427,0.1435369470501949,0.25533340114082426,0.002496902047646077,0.17688695037720203,0.0028194926263186426,0.14446993601807104,0.1644456398898458,0.27215694128652296,0.19356057557876716,0.1435413751493024,0.18662683422268486,0.018849149544181043,0.018849149544181043,0.1370098428028862,0.2396095171588747,0.14446993601807104,0.00157017920932373,0.029402027273577547,0.14446993601807104,0.14449089242447785,0.5757180850877388,0.14524392453266854,0.1069046852763405,0.1669033090400636,0.18834741518641984,0.16212967111181584,0.10326568363010374,0.02928528535576158,0.00157017920932373,0.18507298769621564,0.25344229355588155,0.0012345933243100848,0.17959478764894127,0.27992244695940177,0.0028126556806158387,0.14446993601807104,0.06703415274391733,0.1997347748692338,0.1493103753896708,0.0022610985393053395,0.19613361870794793,0.1335013203544254,0.06266693298954151,0.016796007323192974,0.24646709349445173,0.018913188786005453,0.3221468723905677,0.12354065466126224,0.1370098428028862,0.143540658351062,0.4181344273314995,0.002819230516872495
chr1:25543584:25543585:NM_015627:LDLRAP1,0.24091887987644817,0.05172992443077298,0.1911415441843527,0.007922637285829204,0.05697313479773402,0.14369528578980983,0.08193887157966376,0.13943089766035555,0.009713262827332356,0.2368137027684346,0.46945737339638893,0.011720870679601807,0.1911415441843527,0.2409167918058269,0.00508076708613453,0.01120017961131007,0.22847660864271366,0.22469166169656785,0.14308038738695641,0.22501202690884323,0.16843948288531824,0.20067458910969763,0.00508076708613453,0.10114387290579388,0.00508076708613453,0.23669108975661513,0.022668327608824368,0.00508076708613453,0.05687037243759419,0.18627226083965848,0.2199858732203657,0.6204659405938686,0.2888783490305527,0.00987816799477767,0.2466650152605666,0.08372401045666734,0.00508076708613453,0.24274620637306402,0.005429044793070978,0.049840653441437344,0.022668327608824368,0.8110338993765032,0.2659565610669111,0.04690785848276697,0.44273181021083446,0.38522159603908623,0.00508076708613453,0.18084811841753562,0.010027336974318547,0.1912590623099295,0.18687275626341648,0.005117639051210904,0.46945737339638893,0.00508076708613453,0.20980833411699845,0.05687037243759419,0.9926631646787305,0.022713403050167724,0.17904901813022875,0.4567911128926572,0.21407278760940682,0.00508076708613453,0.24938815921432622,0.04781914575240614,0.06091709971914682,0.00508076708613453,0.00508076708613453,0.009713262827332356,0.24914886601228053,0.047010855519458314,0.007135800139379894,0.2529484810875154,0.021845014341372426,0.25450858991502073,0.056911712468940195,0.24688257812533243,0.3717381709500621,0.005144975834780928,0.2552037410454486,0.00508076708613453,0.022668327608824368,0.005141545103750471,0.24282776664132952,0.821895553250444,0.005085012839335795,0.023015994832868453,0.00508076708613453,0.1451895983385334,0.00508076708613453,0.23860901575802673,0.38518545502764295,0.00508076708613453,0.005398984185625372,0.0316667027817245,0.24944312686976505,0.0561581941542292,0.06454924888057245,0.5759400094566584,0.06613262613423829,0.011462583140434232,0.05687037243759419,0.20547188697198215,0.21884574961130365,0.00508076708613453,0.8201610845308162,0.5175928197167043,0.04699535806863696,0.30304713410775463,0.3171838970250732,0.00508076708613453,0.05687037243759419,0.1684404135705168,0.005087383924866809,0.005079669373693134,0.013934120387271862,0.05087164101770033,0.06053013899459836,0.547138825584286,0.1771791362081669,0.057116771167135615,0.006706181109322064,0.022713403050167724,0.24935858495139832,0.022668327608824368,0.20548259270756097,0.5168935680651706,0.00508076708613453,0.2428037612789731,0.21971799900874397,0.05687037243759419,0.2566547052927991,0.022646266949642405,0.05132898878684572,0.05184930441697159,0.42551023142892724,0.009932246222403393,0.009932246222403393,0.005182426160910358,0.2415947546528732,0.24282776664132952,0.1152582734019531,0.012883015152223495,0.005383668092785926,-0.0011661724022066292,0.005429044793070978,0.00508076708613453,0.00508076708613453,0.4517626520346743,0.05687037243759419,0.25776532896285015,0.022668327608824368,0.022668327608824368,0.12430706430667221,0.22983676440619438,0.018833681508743802,0.008792193342795962,0.026470803663437806,0.0673798370296621,0.005117639051210904,0.18965692357673003,0.022668327608824368,0.005135807721926219,0.05687037243759419,0.22004455243490062,0.00508076708613453,0.022646266949642405,0.2078820270286024,0.05051163161272646,0.021854161584905538,0.29728272378632314,0.00845056035465789,0.12461864039962274,0.0033431448254672147,0.022646266949642405,0.13881289319869444,0.022713403050167724,-0.0011846452069319627,0.00508076708613453,0.03833437047688364,0.3055032596284947,0.022668327608824368,0.1896900878262968,0.5742183276490163,0.024492638438662243,0.08012571395397079,0.00508076708613453,0.022687121089372486,0.05639723646889051,0.2605168803935979,0.00508076708613453,0.1684404135705168,0.00511837310635517,0.00511837310635517,0.00508076708613453,0.04697209513375708,0.005429044793070978,0.0784196469335047,0.16765879010023074,0.021442068534279643,0.5714637192489307,0.18438245508305837,0.00508076708613453,0.0431707824621224,0.431116374032503,0.049689378423723694,0.022646266949642405,0.0050883108906099525,0.05163333903901518,0.08698754691718799,0.1348769058266132,0.33087022972878627,0.24914886601228053,0.05184930441697159,0.48357669984927276,0.00508076708613453,0.02267924890722013,0.32034793869972067,0.0673798370296621,0.06613518246200285,0.2607585150808578,0.07958686929283594,0.07031368331253146,0.06539816935517695,0.1911415441843527,0.5202934809215822,0.00508076708613453,0.03954690353195035,0.04958404037118863,0.2690586849167725,0.6289387848353984,0.00508076708613453,0.007729462579606265,0.00508076708613453,0.022712293329687203,0.03646998981681832,0.18084811841753562,0.19914428599855588,0.009767596486490025,0.00977168248163228,0.022691336504234813,0.022713403050167724,0.022668327608824368,0.022668327608824368,0.005429044793070978,0.056911712468940195,0.1685725747633596,0.35310056627809877,0.00508076708613453,0.022646266949642405,0.9211783012042996,0.009903471979154088,0.29728272378632314,0.006124711037621411,0.022710638558210358,0.005375011073537592,0.026385479078533093,0.17981914553593448,0.022668327608824368,0.005111927564861625,0.03676324752060947,0.03676324752060947,0.249445166994049,0.3108192021899869,0.2428037612789731,0.00508076708613453,0.005179836107370939,0.07651440303425812,0.9127137468153765,0.1410545760866478,0.4438825993082066,0.05349949508838646,0.06668405770114752,0.00508076708613453,0.026987961925944742,0.24968521417480483,-0.0011528723509152475,0.05687037243759419,0.1578695999662442,0.24434814628455712,0.00508076708613453,0.028624370856412035,0.12372474930610707,0.48343549492665405,0.00508076708613453,0.049689378423723694,0.04661729480606874,0.1939977125434988,0.00508076708613453,0.12945327247338415,0.21724136988203435,0.27916737148057036,0.047009163269895876,0.2130387949779925,0.05618992481963583,0.2058188698205739,0.05189321561427159,0.24840899288647497,0.07139177915230814,0.1800501117086702,0.00508076708613453
chr1:27155130:27155131:NR_046474:SLC9A1,0.5220717641715997,0.20802820065846994,0.4515414320104539,0.015222570769303778,0.4339286940543758,0.6194583496588283,0.41959062568455896,0.10808164354000108,0.2089201691756468,0.44774429804819077,0.20553679784322276,0.2393765760885153,0.21493619024660643,0.5220717641715997,0.12332867127604687,-0.0014423729208324354,0.12788596170599562,0.7251619445132625,0.5226265900401221,0.011515039570289098,0.20393338030144348,0.053398499480086736,0.00012926537817287143,0.10910798002811868,0.16207083978028036,0.011728030473317497,0.12332867127604687,0.004338799258013629,0.21873519588362464,0.4393621944572678,0.4503506219322585,0.7304709887057105,0.46104874663691076,0.10407805546881937,0.5095158714218647,0.6161718872403538,0.011728030473317497,0.1620745557068022,0.15009469300654277,0.18645481064020297,0.12332867127604687,0.13562769111137668,0.19232530333714187,0.004338799258013629,0.45838619361289346,0.4666148724287008,0.014158988512653417,0.12344659371501987,0.009918715530342986,0.21036499264096326,0.5769770805530449,3.8929390881431436e-05,0.37747387260389254,0.13186565410524384,0.12321253246313059,0.011728030473317497,0.26496505385629077,3.8929390881431436e-05,0.3781563954176406,0.12294712992576541,0.43257240431246335,0.4342873181798233,0.35750911965501414,0.2111521288476529,0.5303744597513067,3.8929390881431436e-05,0.00012926537817287143,0.10682817098187568,0.195745684689496,0.19161468619348904,0.007276688897919784,0.19152201909133199,0.12332867127604687,-0.0029141360760076562,0.4339286940543758,0.12379952006324224,0.3781563954176406,0.3558212674048501,0.5178485131098605,0.1619998160720581,0.12332867127604687,0.00012926537817287143,0.12240551594403479,0.00041511453081477523,0.040532017019321825,0.12330255894086106,0.16207083978028036,0.29714701958967327,0.007236447463494958,0.3287638201296419,0.21915557513184092,0.04561851668642897,0.12332837144283691,3.8929390881431436e-05,0.3571295163681736,0.2793767923969501,0.4702004041433641,0.5255822395813312,0.12777378002664036,0.26716712780403906,0.46055710251829807,0.20825972889271369,0.2729384019256467,0.04210429664693195,0.2544225152321823,0.4613268697209534,0.2074241064298852,0.44896558194290687,0.3398567646981564,0.22089423717576334,0.1073330166480435,0.2506497383815944,0.12332867127604687,-0.0054668671166994,0.16207083978028036,0.27257031606407134,0.5218105873699397,0.12332867127604687,0.12005057793955988,0.15501576280523569,3.8929390881431436e-05,0.12315791893588823,0.5237670148425998,0.16214557033979207,0.25317364880488047,0.7520641845602924,0.014417563280097676,0.16214557033979207,0.22610088684409266,0.011728030473317497,0.26673136966234406,0.12332867127604687,0.21656198714565886,0.15764619403903252,0.12300216852696268,9.290334249441312e-05,9.290334249441312e-05,0.22928779789027703,0.6164239260126805,0.1236520950965065,0.5815647065495991,0.43322404764149286,0.17259895587398666,0.009122851324590855,0.04561851668642897,0.00012926537817287143,0.016834394503003502,0.2012091718676832,0.004546223435691291,0.09905438281423605,0.12332867127604687,3.8929390881431436e-05,0.4945666037348213,0.007390957851487398,0.18728970968059505,0.14313410770379356,0.12332867127604687,3.8929390881431436e-05,0.1619998160720581,0.3726328203840847,0.1619998160720581,0.1422382939078296,0.45998418665871277,0.12938508998233017,0.004546223435691291,0.09246603776041816,0.2587680225958617,0.5259687285023434,0.12332920248403907,0.12316490231405666,0.4336545817981024,0.5769105613422352,0.00014764177415571567,0.00012926537817287143,0.22460332430856542,3.8929390881431436e-05,0.008983834520932613,0.1619998160720581,0.10055692851215058,0.145782978077676,0.12332867127604687,0.12332867127604687,0.22255981105397107,0.4309630593929318,0.12740873323891355,0.004546223435691291,0.16207083978028036,0.00012926537817287143,0.0021239582984766553,0.007464292129026093,0.2037846487683824,0.00012926537817287143,0.12332867127604687,0.007236447463494958,0.3575826762926562,0.14998683016724687,0.12332867127604687,0.08991292286747533,0.4731171315136457,0.2438551272606412,0.10747251782711775,0.13490383101427034,0.002125626457596036,0.3551596832779015,0.19786767826178464,0.12332867127604687,0.4276480488815925,0.4362757487844341,0.13732851770159898,0.4727721809479697,0.22316277395436201,0.3571301107991299,0.22297309462493684,0.5012133266385501,0.45998418665871277,0.12338030708701568,0.20396581435330804,0.00012926537817287143,0.47612854077638556,0.23863165527175545,0.40683537829395644,0.13158131207490434,0.4452149472938803,0.44537192908233236,0.7520641845602924,0.00012926537817287143,0.12359701921113926,0.204134100372258,0.00012926537817287143,0.27035168705114415,0.00012926537817287143,0.12350838000720667,0.1619998160720581,0.168624936326743,0.19481077968639796,0.004338799258013629,0.0004983366351416774,0.0001300227266556736,0.005042576727158965,0.00018215304439703206,0.12332867127604687,0.12332867127604687,0.12240551594403479,0.04561851668642897,0.0006043434355764987,0.12005057793955988,0.3571492381793788,0.13490383101427034,0.12332867127604687,0.618428300384342,0.012262087132283314,0.2090393131548933,-0.0004855151688988174,0.12338373301583483,0.17356733248511708,0.09366409560174234,0.1199818903482551,0.12332867127604687,0.1555169143896538,0.20367423601466156,0.20367423601466156,0.3571301107991299,0.4271633223060991,0.1236520950965065,0.00012926537817287143,0.10791349209958331,0.01931984920671892,0.43233105445050046,0.1889946778109683,0.1669298197143253,0.11961412134008452,0.46041640155252817,0.13155571548103784,0.12332979720797807,0.20159913826428238,0.00028560742442454434,0.13186565410524384,0.24757235433068991,0.1072477572694881,0.010708327956600011,0.24240612787793936,0.5763495716793721,0.1812206239900976,0.00012926537817287143,0.21419887074494254,0.12445210937673919,0.37447517930346463,0.22329517875575264,0.10778366424770874,0.09199130934919514,0.5224919096505812,0.3738554430106311,0.12417263292541239,0.149805667689551,0.02297854305423,0.3099102083011123,0.09783719889389718,0.12240551594403479,0.007145888399834308,0.00012926537817287143
chr1:27234515:27234516:NM_001276252:WDTC1,0.0016905494020151568,0.09665865925959953,0.013211156980276084,0.9249325785467721,0.00030612698904119995,0.1311756233715466,0.00030612698904119995,0.001347525059564425,0.09665865925959953,0.00046049482741307435,0.0018276695365521262,0.0226804805169607,0.007875342513927991,0.0016905494020151568,0.009742642502037269,0.0010607298045257896,0.9270314086698997,0.1694005798546241,0.017032153942383416,0.001777825816227041,0.0007886498038894157,0.010540434665497506,-0.00015231871658606677,0.009744608178572423,-5.619865967337878e-06,0.002527178706529201,0.009742642502037269,-0.00015231871658606677,0.0006540342711695568,0.004196229309369567,0.41537694344109305,0.07090238929055442,0.013038338969352858,0.4018169747259857,0.015710192972078624,0.010099284987364787,0.0017280529808401807,0.9278669763768502,0.0003695342278026842,0.3927992826724703,0.009742642502037269,0.9270506956112537,0.01696683539482631,0.0010607298045257896,0.019023098413386813,0.9716862841485607,0.0017557553732197584,0.003230347812629597,0.01280905491911788,0.003751351531075378,0.0013104033432811552,0.009513235609894033,0.010691459393651181,0.002014953371571218,0.9315660045263467,0.0024451219599125884,0.9289762924412962,0.009513235609894033,0.021762735567129127,0.009724718853580117,0.0060027509931570855,0.006190883071506503,0.009950099480083296,0.0013795758681206666,0.0099423373947784,0.009478899148869124,-0.00015231871658606677,0.008796856221902405,0.009721134103157558,-6.580925383688208e-05,0.012808079648787885,0.006941098859483297,0.008927064919458993,0.007866489957631284,0.0014377305229945347,0.010641739569462794,0.021762735567129127,0.01722879561168368,0.009957950966033191,0.009613253564567048,0.009742642502037269,-0.00015231871658606677,0.01048904960232283,0.048234439716103084,1.8288269514513122e-05,0.009886418065911395,-5.619865967337878e-06,0.17324619195485338,-0.00015231871658606677,0.011131032899183546,0.039806154850495934,2.117844157961679e-05,0.009742642502037269,0.010446279519660207,0.010253325176023342,0.03895892340500806,0.0023090357290814767,0.0742826994247825,0.017965681480023657,0.001871201487773394,0.000251856883338758,-6.291921217274621e-05,0.010733123427508373,0.39739799919922014,0.9324478111382594,0.050320155323239524,0.010108182024464896,0.07472347887914221,0.011137579885364512,-3.4581094935967616e-05,0.001791718630746883,0.025238523819729117,0.009742642502037269,0.3953613653334386,0.0003554272658712193,0.0020674937271984994,0.011317015706912237,0.009742642502037269,0.008589918031030042,0.39096191948065595,0.009478899148869124,0.009935485367379981,0.02080035115626709,0.39077566375531975,0.0001076938061185112,0.14031198456023258,-0.00014641499841949734,0.390653108291199,0.00818307463406924,0.0017280529808401807,0.9821884989646369,0.009742642502037269,0.0023650615152100846,0.00017054046710918147,0.9256228685198135,0.9263260287952357,0.9263260287952357,0.01141144883087758,0.009865184897638435,0.39103892555178027,0.009162059042436665,0.010827668248502564,0.008875898373692293,0.01097912857692647,0.00021478562996342376,-0.00015231871658606677,-0.00012467139663657756,0.002272158258077611,0.0017280529808401807,0.4187418555019088,0.009742642502037269,0.009513235609894033,0.0112359054952606,0.0012177494368722924,0.013431398713083187,0.002041211868630863,0.01057867924070316,0.009513235609894033,0.009613253564567048,0.39088148673685535,0.009613253564567048,0.0001399969374434873,0.0021329148904927486,0.0021131414261488235,0.0017280529808401807,0.00952398658831638,0.03912191452071867,0.01502330296298171,0.009742642502037269,0.011856471214523157,0.010845621185659349,0.019002395837496938,0.010444307586035914,-0.00015231871658606677,0.9636778971865614,0.009513235609894033,0.008706527346906037,0.009613253564567048,0.005634526521341873,0.0021688617907288515,0.009742642502037269,0.00975001565577771,0.9280393894778365,0.0061378126873571776,0.010059327196017764,0.0017280529808401807,2.9223609411863083e-05,-7.041736211811644e-05,0.40607961860142405,0.0017280529808401807,0.016938143087727967,-7.041736211811644e-05,0.009708355150285342,-0.00015231871658606677,0.010245614850690421,0.009959131271526533,0.010675813157681457,0.3940780159140229,0.013602387147250039,0.9289854928362575,0.008910722392195314,0.0020426612442672187,0.009445970675400595,0.01710862837418009,0.019535677917070088,0.009742642502037269,0.008507025267250057,0.0024097321943001015,0.01868436631973762,0.013022243839520942,0.9747380463135444,0.010253325176023342,0.0022251374702406262,0.9278658910352584,0.0021329148904927486,0.009742642502037269,0.03534001082134977,-7.041736211811644e-05,0.006782221959527171,0.0390698320230069,0.9439083154925875,0.011304181722740225,0.0015197234160894552,0.010845621185659349,0.14022167299452348,-0.00015231871658606677,0.0001340921270577694,0.019369904126965057,0.00020870327775070197,0.43171399506404085,-0.00015231871658606677,0.006851869955978113,0.009613253564567048,0.00031875925317530196,0.010094148665037661,0.0018598375335095868,0.9304134338202826,-0.00015231871658606677,-2.753109798339648e-05,0.3905552354710224,0.009742642502037269,0.009742642502037269,0.010522753030040188,2.117844157961679e-05,0.00864811367777657,0.008589918031030042,0.021026525540632612,0.0020426612442672187,0.009742642502037269,0.020780973493475408,-2.0192609853100785e-05,0.39097501187538053,0.011898447027183748,0.9270256663469356,0.009768853963403379,0.023608514332677313,0.007015958604724579,0.009742642502037269,0.009774230694650998,0.0018234680310894175,0.0018234680310894175,0.011349439235623315,0.037032684475160116,0.3909163604661951,-0.00015231871658606677,0.3911941897576839,0.0094932629683116,0.9320013917286449,1.2463754621952017,0.012659728194071296,0.010770224053639643,0.0069702496394082325,0.018766212383150016,0.009767480626779068,0.038132244200040855,0.008614899007363938,0.002014953371571218,0.40357572071734155,0.03788868607518642,0.026883134690162916,0.9818802529113272,0.010071358124453478,0.9263724390238169,-7.041736211811644e-05,0.019541637942582527,0.001347525059564425,0.00030254051401598647,0.0018459872775330177,0.008876904774988426,0.3905867311776295,0.12093698646715753,0.0185469055860681,0.010675813157681457,0.0031261525657947653,0.41724812828794394,0.010676714573960022,0.009666809308976232,0.010522753030040188,0.008681980994649618,-0.00015231871658606677
chr1:28259451:28259452:NM_031459:SESN2,0.09217478319657946,0.9093276309295044,0.45633728191126705,0.23892943148135937,0.3379518496697016,0.6039625053745336,0.040250067214139984,-0.004262987621272973,0.9072143599423362,0.45789285936648294,0.47554606840756447,0.4614740084332871,-0.00380370039666611,0.46664453801793404,0.6513111929018869,-0.004418769675964607,0.41754659743814637,1.1909050862620028,0.47335812858464743,-0.0038207879779335596,0.040481908979683956,0.4555649527841355,-0.0044306076095358415,-0.0014375295850458936,0.8489764509768387,-0.003818934249630035,-0.004483396333587131,-0.004304989756986344,-0.00381026992515332,0.10101075315605212,0.5395003111250496,0.7979109395119145,0.4666482583349351,0.4330626667805293,0.08682445470465283,0.4879879937780508,0.33893287139193984,0.8489764509768387,0.17011365232421505,-0.0014473108709966986,0.4426529082915291,0.9524146795739385,0.3380732032200434,0.0037420748453124153,0.5621215491810068,0.15943383459723492,0.33893287139193984,0.08254123324313828,0.4111554874130319,0.33914939786622356,-0.0033847080530119977,0.6135433641761066,0.475783687122684,0.33893287139193984,0.7549023270335784,-0.004477489676174118,0.297037111407894,0.7549023270335784,0.46552495186929255,0.16610599795003567,-0.003327323096737167,-0.004483396333587131,-0.004464571278861851,0.47109819584625084,0.13685831943379267,0.3379234083330026,-0.004483396333587131,0.4330646622966078,-0.004464571278861851,0.0494553075543096,0.4113053188902366,0.45651451875537963,0.8484424535551476,0.4663848868556496,0.3542202639972761,0.14230126702070417,0.4655285714786079,0.0427937904829116,0.5491314828073323,0.8484424535551476,-0.004483396333587131,0.039879188403249555,0.17370838711938033,0.8398697589974474,0.24414837458022381,0.16627969553213295,0.16627969553213295,0.09709286485167695,-0.004483396333587131,0.33095461832029316,-0.003796407719289574,0.2311123988515687,0.0527120292924374,-0.004483396333587131,-0.004308410831211473,0.7603120672240741,0.04843719806522945,0.35490963171687606,-0.004483396333587131,-0.0038150192527692806,0.3389377172058805,0.14330357574397334,0.22602303756677478,0.049720014063583284,0.9723173936170577,0.6451044047855198,0.045147929662217645,0.5007147775698385,0.6071953504604185,-0.0038207879779335596,0.3611990917432055,0.015079974562498044,1.0624702636332022,0.41697501850025764,0.4214018178606418,0.04682996280431756,0.4904294282992985,0.6432652624675638,0.45521498870752886,0.46113321331816326,0.049448631708401025,0.41666988223030155,0.46509688673697946,0.23535995692498546,0.13629136285593496,0.5623182035198018,-0.004483396333587131,0.3379234083330026,0.03173890374536059,-0.004483396333587131,0.16381184084989714,0.5406034582909389,-0.0006492255532470903,-0.000794364666593772,0.9516130610167212,0.2583073754678953,0.2583073754678953,0.33806535273140337,0.16369120733725323,0.7549023270335784,0.43404966025882624,0.7188954601637673,0.41666988223030155,0.04566064082962368,0.25178073377673293,-0.004479342259071928,-0.003778283412796457,0.5663754455815204,0.33793529957424034,0.12507669310772757,0.3379234083330026,-0.004483396333587131,0.33909575718243157,0.083082731503762,0.17280130840700572,0.045237372755740024,0.01015902362176263,-0.00435939825631515,0.41666988223030155,0.424875131960096,0.23535995692498546,0.04491221824559416,-0.003823663931306176,0.3381346338920511,-0.004483396333587131,0.166399191654566,1.0012344601070748,0.6696010713461037,0.7550429455759726,0.41811648508585275,0.338136691243377,0.15425782170899477,0.04527635270874064,0.3379234083330026,0.02566048818750727,0.3379234083330026,-0.0034114210601330908,0.755294692277096,0.19341544531409244,0.34360955993646536,-0.0006124891346954708,0.4716260482910528,0.9607638360880458,-0.0043425341838585485,0.4437900802932718,-0.003823663931306176,0.3379234083330026,0.3423692988359033,0.07799603757860996,-0.004483396333587131,0.015079696398245857,-0.004346546565687781,-0.004327622736757519,-0.003816724897749646,0.3389286779010834,0.2526184070948157,0.6432652624675638,-0.0032421149346918976,0.4734031622717525,0.07397542298894388,0.14228709534336131,-0.004483396333587131,0.0527120292924374,0.8322443880357187,0.17240617319475,0.7549023270335784,0.4170846712398799,0.04615613203202579,0.07913731237008986,0.5267631564075292,0.16679740209646404,-0.0012823593841256864,-0.0033453167127290295,0.19055125651040541,-0.003816724897749646,0.33793364003298154,0.06008282316253655,-0.00435939825631515,0.4883155311762203,0.15403989933969597,0.18953116463101877,0.21401873272188665,-0.0043553443744414055,0.10763245740957916,0.5617536117757007,0.41666988223030155,0.4168222194224901,0.17234602260912865,0.13772355434385286,0.2955658461977112,0.049448631708401025,0.44379455329152195,0.049448631708401025,0.08681825935112097,0.1309101646740053,-0.004321957345387983,0.6967961249983736,-0.004476183654676558,-0.004483396333587131,0.3610544524730086,0.7549221309793079,0.8404977333838054,0.643275501695109,0.24503935734275534,0.5999647764449587,0.36035228152807863,0.6433039890636598,0.3389377172058805,0.4427279085078707,1.1696753039833303,0.13163901426222174,0.23802342587085223,0.0031531263958228806,0.33793364003298154,0.615822084257309,0.2862252042822592,0.4562244601487288,0.44272485217631696,0.42608400065376917,0.02418027532314504,0.02418027532314504,-0.004464186775542611,0.46700618723487913,0.36206745210810065,-0.004483396333587131,0.3426550991337703,0.3389286779010834,0.6589708829910802,0.8010963896353587,0.23626796719588325,0.10392585607421789,0.07996635559727461,-0.0020681098298129252,0.6494959165384927,0.19466214371436402,0.045303482268835626,0.33893287139193984,0.4614072578561533,0.127323956482025,0.08904505759716258,0.16584341486650717,0.35939561673308584,0.19068041379155615,-0.004483396333587131,0.32871984147904154,-0.004340132729213186,0.4655059512143288,-0.003816724897749646,-0.00448199969391716,0.34614857644878594,0.8313819034311991,0.45641847121908974,0.600089285956011,0.4571530403131894,0.19343213166935092,0.04482170501665489,-0.004464571278861851,0.6432694293766698,0.4689975352724606,-0.004483396333587131
chr1:31409564:31409565:NM_001199038:SERINC2,-0.013319355776289898,0.14549484356447084,0.209256212460342,0.564258993023529,0.15901453604863094,0.14550813731421092,-0.007894527342689805,0.2557121084279002,0.1455984022259133,-0.0006357784635727948,0.0291522687272463,0.30035556237265093,0.2807257777779271,0.2805606590000579,0.3131830271683671,0.19339669586398467,0.36653710975237214,0.1748590890337754,0.11952647946026357,0.20939078133681382,-0.0015976759079035507,0.18634938983549587,-0.0011891696234532512,0.48724468105272845,0.07082230948627094,0.20939078133681382,0.2667778143987912,-0.0011785477529653032,0.20939078133681382,0.2528138633554971,0.5658464608067213,0.4566621817365039,0.19581167916516817,0.14563273321075593,0.17953107758706618,0.15786801666669095,-0.0009441669568733546,0.2667778143987912,-0.001009555950546498,0.2510455382415151,0.2695582786653821,0.18866486823219425,0.0659271572421268,0.2875216132579541,0.26544722683947847,0.6784998684621328,0.0025028727672631312,0.18937110926068818,0.008595252673081116,0.22132333560000694,-0.015946327781282466,0.14556749977407168,0.10628969902845617,0.0480891713458336,0.34823755892167496,-0.0011638007641017467,0.1441663771887649,0.400988565164749,0.21043463922143404,0.535267917613832,-0.016528328809096493,-0.0016726523496721768,0.007970366099435966,0.0027613362080889936,0.22024936463602116,0.05879516891106015,0.0011914331856260896,0.14641833736881313,0.23724409387511947,-0.0004350014945634084,0.004166202893572335,0.04795255742491647,0.6338694484505577,0.005014165421327377,0.15901453604863094,0.17794054856725938,0.21043463922143404,0.21796568782828527,0.13456902716102023,0.0019227086348358458,0.2667778143987912,-0.0011638007641017467,0.18191212744360538,0.19895219108824136,-0.00033920833650005755,0.564258993023529,0.2667778143987912,0.31177063101770086,-0.0009441669568733546,0.0009818036944382602,-0.0015616745629216111,-0.001009555950546498,-0.0011639832586380905,0.004666449641973103,-0.0016187866669588324,0.061663138251942,0.04566120942769719,0.03839901936509513,0.03855723048585047,0.04343618595437759,-0.0009441669568733546,-0.0004350014945634084,0.18774755709232707,0.11379563421151892,0.3778746792850172,0.21739103344796373,0.007147335991274983,0.12035648401497887,0.026995007993348252,-0.0009441669568733546,0.0011914331856260896,0.0014593464949595458,0.27175627814464753,0.07036943980873167,0.40151859947333157,0.17886655568137674,0.4002647835937536,0.3102421806590462,0.40475678990203023,0.32700743234782376,0.2667778143987912,0.2667778143987912,0.16224454057837792,0.2667778143987912,0.04331368391642909,0.2657901615448038,0.0009818036944382602,0.400988565164749,0.23480163577648241,-0.0011638007641017467,1.0183979437994002,0.2667778143987912,0.3222050702964061,0.0048212340206459925,0.3102421806590462,0.5489535373496103,0.5489535373496103,-0.0010807710053395425,0.7347290190952424,-0.0011638007641017467,0.10477530700965454,0.11253175316767483,0.4140536455947563,-0.0009793386522344294,0.0011387079243121434,0.15060205579107244,-0.001052815995162465,0.3094754039920303,-0.0011638007641017467,0.4600855593815479,0.3518628811383904,0.3518628811383904,0.057394477476559846,0.17934510582233013,0.0383519763149848,0.024650661855698308,0.11109856395263451,-0.0011639832586380905,0.18866486823219425,0.3518628811383904,0.2667778143987912,0.15918589780649003,-0.0004350014945634084,0.04720162920009538,-0.0011638007641017467,0.4846821132816619,0.22640353899801569,0.6092951915049785,0.6169966683343405,0.32134806136373395,0.2277003979137333,0.03448648221675363,-0.0009942179666328765,0.2667778143987912,0.7172697282050853,0.0703233222431805,-0.0009948560694772457,-0.0011638007641017467,0.4439346738966866,0.45091611820599015,0.3102421276338104,0.2667778143987912,0.49272986118209583,0.34272099204118267,0.1684252339613292,-0.0016726523496721768,0.3518628811383904,0.40153077497311823,0.37701129736426264,-0.0006759327088572686,-0.0008975468808755938,-0.0011638007641017467,-0.0011638007641017467,0.003234502366011749,0.27396051469530225,-0.0010328645186782337,0.2695582786653821,0.2413643153382914,0.15140644607723378,0.04459657640467318,-0.0016595261851780063,-0.0009441669568733546,0.012585422175024397,0.29785666413751455,0.4601255771829196,0.27637975681664956,0.1112039638438557,0.32220568299211794,0.5273598194808837,0.4844783640287141,0.6732957151440891,0.25391171512175914,0.007147825188607654,0.4854092307273052,-0.0005648918972434025,-0.0011638007641017467,-0.0015532603468108308,-0.0011639832586380905,0.17319730053834195,0.05301483088906833,0.04534120976502931,0.04644829404108977,0.2937560514786789,0.14504769259739214,0.2376086376704609,0.07082230948627094,-0.0011638007641017467,0.5079218039386795,0.042548299004257384,0.6409468421654825,-0.0011638007641017467,0.31365515836928437,-0.0011638007641017467,0.04794569262271553,0.04343843240156789,0.1554878040322376,0.6268944612286516,-0.0011638007641017467,-0.0011638007641017467,0.33751640398595106,0.5655033389949633,0.3527626192897806,0.400988565164749,0.002750608394224807,0.0728778834042374,0.40425266420928674,0.030739723874758457,0.04690825627734119,0.2667778143987912,0.47927296146745463,0.24953870509030754,0.47224229188064226,0.030953206052944604,0.2667778143987912,0.3173463627723278,0.11534499301116016,0.043119126713786204,0.31534494751810266,0.0030154451947405625,0.10460617415125043,0.10460617415125043,0.2538673957767059,0.03639039180006609,-0.0011638007641017467,-0.0011638007641017467,-0.0007326962803155812,0.028433396796394367,0.7247162234154023,0.1623156884139928,0.47222558251350677,0.045672346194027325,0.12493436962740145,0.15008786661845996,0.40646304269912137,0.06528188403061902,-0.0010055768481733451,-0.0011638007641017467,0.32865947429626063,0.062398961081376325,-0.0011022864311808767,1.0207728183081801,-0.006178607898924826,0.47581133516225493,-0.0011638007641017467,0.4601897822115786,0.15057578637160754,0.10614980950068598,0.045276973035324714,0.46240745583078646,0.15061408593468956,0.04207721858610389,-0.0015615803043127208,0.03551065117752389,0.2797048270266275,0.05527665815839511,-0.0004025881771021478,-0.013833724374610251,0.400988565164749,0.04024927125607364,0.003012941664946256
chr1:31764063:31764064:NM_001294336:ADGRB2,0.07454693518558181,0.009974451378173724,0.06291705871173185,0.30313095611586893,0.006739651102681741,0.005561502745344303,0.006999299145490695,0.17681530838353654,0.00808744135255287,0.06630087030659752,0.08447184852553746,0.3227358391401121,0.07847641753421072,0.12473973496558602,0.0011743631857994326,0.005426256632909115,0.290769616546673,0.08103795467450545,0.007045635953844331,0.0009452890795585726,0.007933584554453912,0.029240167885102485,0.006073830454393921,0.09897950928994932,0.001568910363477713,0.06291705871173185,0.28085187347207596,0.18077005994293982,0.06273694519486288,0.011059481726476552,0.18313645992580002,0.16687975791914164,0.0683110366180546,0.0008798617195697935,0.07538557103337613,0.0633292407756728,0.0003148996454028063,0.11361989844336344,0.0493784394115515,0.05073790095320478,0.010952363874180627,0.2250394603155374,0.012354529243922774,0.001385984682619603,0.009472191294775563,0.21812455640680384,0.06259645112158987,0.010385898161373615,0.011683946975449923,0.12090434178770804,0.0005774993196575803,0.0019279187323070993,0.08447184852553746,0.0003148996454028063,0.5395470193957428,0.0009452890795585726,0.15349009216545467,0.23143907393390212,0.004913576571049318,0.34364448951857907,0.006744002168656175,0.007017603675594718,0.03666231720287002,0.028531390584408765,0.11299590684336505,0.051955830515602576,0.0011743631857994326,0.0006697829564735313,0.21312723956389357,0.051816181633446146,0.001205239648933711,0.00823527309095505,0.3745813053923677,0.2379404192508215,0.006067088575999265,0.05083503732076929,0.004560489934931496,0.05272260607241927,0.11069179279435866,0.0011743631857994326,0.3072260640741281,0.0011743631857994326,0.05085401524756322,0.012069002498927535,0.0493784394115515,0.3964345098026347,0.0011743631857994326,0.23241555941510184,0.06259645112158987,0.09854078599962814,0.06509238584870607,0.04604935207837619,0.0008996375117877667,0.0014367213773310641,0.20777105818850866,0.0885332689940525,0.10578142534597727,0.24477449149995975,0.057358792262295594,0.0405952910049157,0.06282366096467343,0.053067004090428034,0.006957123846721369,0.007369419893778532,0.4362520951276391,0.010884428953637275,0.19743134702677212,0.15017000406015796,0.15101927007089255,0.06259645112158987,0.06102727210892848,0.011550054304617566,0.010952363874180627,0.001237632203949712,0.08563521845250018,0.05676128153677649,0.14927102146868618,0.010847914734679522,0.1346559581473759,0.0734851644601656,0.0011743631857994326,0.5345121067553258,0.1429921756322176,0.13406185941382034,0.052842927014438115,0.015684134299570635,0.0011743631857994326,0.14710038630057296,0.11593493660841317,0.0626867081416053,0.2325491078044013,0.01148849143618829,0.007345464249683055,0.04509070013307863,0.3593228367543259,0.011744284352482301,0.011744284352482301,0.0014838575321568653,0.2892688742199802,0.0017152510275657527,0.04794652786437084,0.07716170571313472,0.08629712491955181,0.10031085636923831,0.0493784394115515,0.0016334254107209728,0.00117604154397603,0.07586049910255771,0.005426256632909115,0.04979415890266488,0.17247052559144202,0.09988621821875628,0.005083280302627486,0.04610227458998256,0.11934255981772232,-0.00023608227588350818,0.0019272446941524862,0.062079029561703,0.0019279187323070993,0.01234178214068548,0.11370817586262444,0.0012360805426641364,0.0003148996454028063,0.16757522047577772,0.0003148996454028063,0.1180012746588737,0.35479601281869966,0.3227077439387726,0.17211070499068318,0.0004889248651694135,0.045928551968413826,0.07091267715877717,0.0998808344933666,0.09988621821875628,0.030427762525253706,0.1123104201571801,0.1003106854148893,0.0016334254107209728,0.04036737728835854,0.13499201550470696,0.05831582853742059,0.010952363874180627,0.1169164563772209,0.01468289741353282,0.14764780021398027,0.0003148996454028063,0.17169142680153354,0.051955830515602576,0.03121796527418831,0.0003148996454028063,0.052859812216354045,0.10304867690819242,0.0011743631857994326,0.0003148996454028063,0.044741222924995654,0.050274099678384074,0.00569436513587468,0.03976633585624878,0.3571421512550782,0.3784585541366762,0.01764074599572942,0.0003148996454028063,0.009684186396413628,0.003483759029050683,0.1097906261585658,0.10050345287755293,0.0011743631857994326,0.0012116780735467129,0.002655757812529117,0.013254236776781548,0.17809014368178813,0.23681408872902393,0.08600850287404382,0.13850098754542534,0.0003148996454028063,0.17136124075718384,0.007934847190470275,0.062079029561703,0.04668184147999872,0.10730061757220782,0.04954831290658557,0.001980735607725442,0.04342605823147454,0.04818167453683197,0.014924724401294748,0.0011743631857994326,0.0011743631857994326,0.05281630490782843,0.006234804416414845,0.17808481057110426,0.0011743631857994326,0.010195381613673657,0.0011743631857994326,0.21188699316856222,0.04059356274089434,0.0012212671731845742,0.06369910334513332,0.0014367213773310641,0.00042717675072479963,0.20861725233723805,0.40460788780108836,0.010952363874180627,0.011347890576085661,0.05548254687102702,0.0003148996454028063,0.18492102891786916,0.07703576017455457,0.06259645112158987,0.011257108873344614,0.5550854406044232,0.04058842596964867,0.14717652081337643,0.0014388127716215178,0.3632926674443217,0.07260822429903788,0.18716489736791744,0.03596983649910649,0.010952363874180627,0.5183540290913637,0.003493421215457919,0.003493421215457919,0.20726456482847885,0.25838992913921743,0.0009629163545653886,0.0011743631857994326,0.05675104030885281,0.05768177527323361,0.3194280196667489,0.20106176275620719,0.15907437575503505,0.04033364122176479,0.06258876243440822,-0.0012095248338035974,0.053692110437799805,0.014149492161936499,0.1003161709551908,0.0003148996454028063,0.08514235639984175,0.1633421345740917,0.002198257804000084,0.1794033605091273,0.28037641921649137,0.1393857769585041,0.06897159003818787,0.12030024926709645,0.0012212671731845742,0.06943569690354771,0.06259645112158987,0.06845923029384188,0.0003781950107867218,0.19700035898785104,0.10152269056507517,0.0003148996454028063,0.08702755496643673,0.09188190316774687,0.0903181330926173,0.17184272528254316,0.011500712459212529,0.3373176143267933,0.07639265347811863
chr1:32108042:32108043:NM_012316:KPNA6,0.07368979394354155,0.8742869536134694,0.01323017039496871,0.006941772789682138,0.0583190863259041,0.8799932481051107,0.6624537737676821,0.12428470254088861,0.7856838617335637,0.12392959033696074,0.17783780734978155,0.008927170685507024,0.12889557664779788,0.7542951526947441,0.5945772364426183,0.11408321357461226,0.6112518212656539,0.8854302694171676,0.06858301769343292,0.06053510288828051,0.06234410975428967,0.23058203511405478,0.06983336116208708,0.16343431798219582,0.6429493548281854,0.060639446011615306,0.012653670093913327,0.13068779585656903,0.06053510288828051,0.1302059243156415,0.1802784169193382,0.7012616941818202,0.1301474680359735,0.12025743838292868,0.8893830968470371,0.7116446634423497,0.0010257440368581505,0.6232853665320158,0.07557518000546518,0.08254136391110184,0.6234877315821783,0.03117569998170372,0.17711593984912297,0.1864264633021,0.36943383051347783,0.13825949783724445,0.0010257440368581505,0.12393685556405581,0.051587401136687916,0.6545169523633065,0.006396173254591381,0.013428649965782385,0.1822932451791587,0.0583190863259041,0.681375977501828,0.01007756032666804,0.0825120096262964,0.001289539678802215,0.0612218184688135,0.030685710165252955,0.04282062115629509,0.04958530880422171,0.028800688311673928,0.008225997021642784,0.08923780489288988,0.6225275331057587,0.0010257440368581505,0.1202709401785495,0.007569590940537024,0.06620340616122738,0.03946237362080651,0.1369920406265179,0.6770334939737173,0.07002846985959643,0.058363616523222056,0.11420330084277433,0.0612218184688135,0.1414172150336314,0.6308086190445757,0.642057249862555,0.0011998162170826498,0.0761011525789505,0.012665820301525271,0.7449326186967357,0.06983336116208708,0.012702388630320083,0.5950857410279844,0.1988110611347359,0.0010257440368581505,0.018601238285896993,0.1750706158757939,0.009542710184354097,0.012502348037332078,0.0013065339922898322,0.013525850937615269,0.018491669351997142,0.07886376933987582,0.7730384454723926,0.0493582856199391,0.0026380456182374945,0.0010257440368581505,0.06620340616122738,0.058178805187319715,0.06215784539814409,0.6952707983331626,0.9060403932740793,0.0557796886452796,0.8621079861430847,0.006795834729833972,0.0010257440368581505,0.6655013709559825,0.061140100020158766,0.6235789246238219,0.6224259278991144,0.63107966423842,0.06783216050187621,0.7279867722600746,0.09742327259951514,0.01849625171555111,0.09509452624415146,0.5945772364426183,0.013411434392825244,0.25416090114751344,0.5949472012215401,0.06620340616122738,0.37340844795371564,0.006795834729833972,0.012660787496220932,0.1128112750191364,0.009542710184354097,0.297252186167079,0.0011998162170826498,0.04584772524688649,0.0010257440368581505,0.025192510467091894,0.6232942093136195,0.6232942093136195,0.6225678992403267,0.020135841820838468,0.012677102775618482,0.700672003856315,0.6422002906075146,0.6312223063772378,0.012821660276833319,0.07637847448060026,0.06053510288828051,0.006504280502995591,1.0646734128330462,0.0010257440368581505,0.10053849434030436,0.6418869915046564,0.0134407689707218,0.0493582856199391,0.11262834186874787,0.003228856598630092,0.054974551208715416,0.09625432233297426,0.014930233015040872,0.6227900349007917,0.013271081775818955,0.6759067606405357,0.06217023412247563,0.0010257440368581505,0.013420514848428683,0.0010257440368581505,0.018320213846552136,0.10728095312834748,0.9308269522785986,0.6226191815685629,0.16491123647435466,0.13814083493545443,0.6737220085565805,0.01451099972349773,0.0010257440368581505,0.06991037125803834,0.013265189629083407,0.014624742521369999,0.6232853665320158,0.10916949748448868,0.6734206122522253,0.001037189652581566,0.6431501272732133,1.091955654023049,0.11424373222416687,0.7029426184852803,0.0493582856199391,0.013388001100870739,0.68344795358242,0.02478844340567471,0.0010257440368581505,0.061138860332488304,0.0623257462252754,0.0011822987794604944,0.0010257440368581505,0.013507840368838175,0.07600667178685899,0.6234274499866419,0.010910398710368696,0.23795214514732252,0.0806456975301906,0.8304883942040435,0.0010257440368581505,0.0010377067617065583,0.15263821860653243,0.05713802661695022,0.642057249862555,0.6521861176701454,0.03547666831176943,0.08457377751366929,0.17481299339244727,0.19703311736670573,0.07807513192825624,0.0011219033341887397,0.6227298026571676,0.0493582856199391,0.0011998162170826498,0.12293079927266451,0.014930233015040872,0.11561482312797827,0.12339423538408131,0.11770076385211373,0.123923751305867,0.15430828135906105,0.7636547921516887,0.36473568266929807,0.013388001100870739,0.001037189652581566,0.6617461848578599,0.0010546973895035894,0.10028906050064687,0.5941961870544019,0.654505246004524,0.5944389832148885,0.01430998812419812,0.02846086786417895,0.009542710184354097,0.6790768376365668,0.6045114419168833,0.0010257440368581505,0.025218560642091187,0.6227753797758059,0.7231444638206457,0.6226191815685629,0.16420546392695165,0.019114829767889474,0.016237884945656256,0.6236407872305287,0.0010257440368581505,0.6226191815685629,0.10675938566558449,0.022700275930178176,0.07586556168705255,0.057803574233691785,0.013399315756252361,0.6498139573866909,0.0931830361895738,0.21596424905026154,0.6234274499866419,0.6225924982011255,0.06233350670485882,0.06233350670485882,0.019430296970131128,0.2640237070835451,0.0010257440368581505,0.0010257440368581505,0.022887436327766547,0.5941961870544019,0.6546348971542376,0.489067775922356,0.6737325360327695,0.031225386556632068,0.12393491595897532,0.05528966601992075,0.625690543709283,0.06137529711538339,0.004391236124036607,0.0010257440368581505,0.7109192012128305,0.06762275340284621,0.016234393826956683,0.3027965926853934,0.6544574790065354,0.6226191815685629,0.012490200125146927,0.055175138703213694,0.0583190863259041,0.021803259484230314,0.0010257440368581505,0.07148646964493671,0.006372958210036056,0.1965947442634515,0.00727336354251415,0.6422002906075146,0.0010257440368581505,0.17180051614297226,0.08094482421447116,0.010568991558204122,0.6302104692010453,0.03200712775397638,0.0010257440368581505
chr1:35557791:35557792:NM_014284:NCDN,0.02918464793883846,0.5420991352801763,0.0003807831340690293,0.03308161199613274,0.033067020181338946,0.5133014966341531,0.10040974126911661,0.037380613661057216,0.44758717712447277,0.4446022534039182,0.0028058284563970415,0.12021103886161327,0.034986352394454856,0.02918464793883846,0.057760655254604346,0.011584673158443137,0.03556855024909772,0.5560903908667804,0.37329014015965434,0.0003807831340690293,0.1371731007418629,0.37149005228494036,0.01269591174978607,0.41162086293052474,0.05775364278212204,0.0003807831340690293,0.06353143605870702,0.011599805810845631,0.0003807831340690293,0.3715108737995766,0.33243314524018147,0.06788620884288096,0.3247303415090295,0.44759280472776164,0.3715108737995766,0.05775364278212204,0.0003807831340690293,0.1115300947904469,0.05282101232541786,0.31460030556401836,0.06454768522746698,0.0898384795174292,0.002816832781435241,0.3923965151270983,0.4473428939181735,0.6329277006461407,0.0003807831340690293,0.01269591174978607,0.002314416684816245,0.09995222236621368,0.3058678777872044,0.05775364278212204,0.002819545731925166,0.0003807831340690293,0.04663338849292399,0.0003807831340690293,0.275726835408113,0.0033721231644971428,0.37318473217055637,0.0875958806658412,0.3084627705076846,0.010024282571720833,0.022774846319347508,0.484312667962698,0.14475282996511252,0.06040750604359427,0.0003807831340690293,0.0252194419338303,0.022774846319347508,0.002803115556617053,0.0019911532934845377,0.033067020181338946,0.06454768522746698,0.00201953407592953,0.0003807831340690293,0.061204077798976436,0.37318473217055637,0.002820569888752844,0.05649369086287853,-0.00012689007691996101,0.06353143605870702,0.025210785972338334,0.057760655254604346,0.08049797892257603,0.014593160554053408,0.06455568123849151,0.10039114820650052,0.3682506244963516,0.0003807831340690293,0.06102561617412146,0.03308161199613274,0.03609855269539869,0.00039443617704876255,0.05775364278212204,0.07094009205442511,0.060208615125544165,0.2978047040014176,0.048270021257625376,0.41162086293052474,0.29777459624170904,0.0003807831340690293,0.002803115556617053,0.08733028163600864,0.002803115556617053,0.05076059340225983,0.4475028855639215,0.03064248198235725,0.06102468234388568,0.0003807831340690293,0.0003807831340690293,0.05775364278212204,0.13716181670021133,0.05333914155058647,0.0033584539198046603,0.05775364278212204,0.005661108709660134,0.08532910573286723,0.05775364278212204,0.05775033927669372,-0.0009246405562196025,0.057760655254604346,0.052368192128860167,0.4446197381154742,0.009377148452153983,0.013161211510618331,0.44732338510265746,0.02792764454275737,0.0033584539198046603,0.026511298192890775,0.0003807831340690293,0.6347942068324952,0.06454768522746698,0.30205697692820427,0.002803115556617053,0.27354885662146333,0.2983692760924804,0.2983692760924804,0.00015700319860678658,0.26576016265338764,0.045415375379817574,0.05775364278212204,0.05648563882905164,0.05765884421418861,0.2960215485832925,0.054325279808868976,0.002992831088024006,0.002803115556617053,0.32045915647435347,0.0003807831340690293,0.03466702702431851,0.05775364278212204,0.00039443617704876255,0.0003807831340690293,0.0014729686751258075,0.41144630696769696,0.08479987505027647,0.059957154145571165,0.37003799730716064,0.05775364278212204,0.057760655254604346,0.11151126355103036,0.027445758586041924,0.0003807831340690293,0.0003807831340690293,0.0003807831340690293,0.060693558779317494,0.12086181023881609,0.15864349540992656,0.05775364278212204,0.021710481643507085,0.029198896498553284,0.3700967427223554,-0.00021216100451232345,0.0003807831340690293,0.33090803649569256,0.00039443617704876255,-0.0015115055433331803,0.2735936713843972,0.055694282573285514,0.3097346687273624,-6.52271435950258e-05,0.05775364278212204,0.5171882356843602,0.001475314755210233,0.044944969187958955,0.0003807831340690293,0.009390756421052082,0.00043027417383523225,0.05016479088184721,0.0003807831340690293,0.0355652325671173,0.002898595140192306,0.0003807831340690293,0.0003807831340690293,0.06167953194711173,0.09053244226084706,0.05775364278212204,0.048870972592629125,0.06297923847164683,0.2848701142903555,0.014053896920504905,0.0003807831340690293,0.0392684841994258,0.4071713689269091,0.024120999500771234,0.059957154145571165,0.0079926386703007,0.321881103760957,0.37003799730716064,0.5280905289453413,0.6353269651324147,0.024415993358554322,0.003008715242239224,0.045963903888042876,0.0003807831340690293,0.057760655254604346,0.013167938066784457,0.37003799730716064,0.026628434850677618,0.04578315439604204,0.4157989717883875,0.06102561617412146,0.014259996161773647,0.05907609602009961,0.44750344571948214,0.05775364278212204,0.06101872622012104,0.4037349685622976,0.0003807831340690293,0.4518815597773465,0.00039443617704876255,0.05775364278212204,0.00039443617704876255,0.34499767617978033,0.30217492536371254,0.0003807831340690293,0.11172980677088466,0.0003807831340690293,0.05744164208841124,0.06664933956033865,0.051652249486074775,0.048246551426452566,0.06454768522746698,0.05280996978323721,0.057760655254604346,0.09570099760174608,0.06496489172004165,0.0003807831340690293,0.06454768522746698,0.32423548758223975,0.05529192461378002,0.014570064624203127,0.010153867587579857,0.05788553562384714,0.056503818198904265,0.02037537908030157,0.0003807831340690293,0.05775364278212204,0.05775364278212204,0.004344403880540582,0.004344403880540582,0.022774846319347508,0.06323866071132699,0.057978127041221475,0.0003807831340690293,0.41848849022186196,0.05775364278212204,0.03982252459044405,0.572410398891673,0.30812090032475176,0.3319582934566939,0.01810846548922701,0.3731814258066289,0.05775364278212204,0.06043610438544707,0.0005531513635027019,0.0003807831340690293,0.34189586317769854,0.05458161023070446,0.0005490777048841045,0.6348197809299913,0.002214002251135494,0.045963903888042876,0.00039443617704876255,0.04195793189714275,0.0003807831340690293,0.06102561617412146,0.0003807831340690293,0.37003799730716064,0.0026458560438887835,0.4448312495226787,0.0003807831340690293,0.05775364278212204,0.0003807831340690293,0.2437885142201974,0.007893952174689689,0.02276388634847104,0.06454768522746698,0.05814865505445481,0.001388853541345103
chr1:39084166:39084167:NM_012090:MACF1,0.3219886558106159,0.05947469456793515,0.013263611746471712,0.11301841334418464,0.03303643919602822,0.0694653054763832,0.06890526709092344,0.0020388061198525487,0.08036554387749635,0.3223234121160239,0.23875221810035807,0.026027565287300533,0.07304788705025428,0.3178323070606262,0.21320658458110253,0.005457307430685163,0.22712851236372802,0.13964645305034507,0.12209503686526671,0.003957452058699497,0.06868045979964144,0.0077191668202324926,0.037020065894673854,0.059287326307078426,0.10332473022744115,0.01718704652468346,0.21320658458110253,0.002858445549619053,0.0028664110268063064,0.03166889900699237,0.09948641592299273,0.25555195249106943,0.04428712384256935,0.1160397305258937,0.0076159742835909885,0.08720901922892124,0.0028357350748731136,0.10334458368432631,0.052191281332965724,0.18353348378232875,0.10332473022744115,0.26778689009494205,0.13371654941488942,0.0055775734873471025,0.3377392464912522,0.2757605895626488,0.002771516843511561,0.05216239797536667,0.10778570449945875,0.004020528911764243,0.1532735957362595,0.11367485163676094,0.23997684772721112,0.006545896973405178,0.21320658458110253,-0.005544831313881941,0.4477601572539167,0.21320658458110253,0.3579299703460455,0.5026107608216586,0.1543690654168455,-0.002465796826575911,0.03977926152351288,0.07124586810934684,0.13840104636831657,0.0802430617178906,0.08957634267345177,0.04654457217257608,0.03975449335506678,0.03184617586549095,0.07309810072548424,0.016682051652412745,0.21320658458110253,0.028483933777288688,0.047951036370880135,0.002901131321079907,0.3579299703460455,0.3846303844717533,0.3015761030571638,0.10332473022744115,0.21320658458110253,0.02120681965792094,0.21320658458110253,0.1502686660938328,0.023455014152153238,0.21320658458110253,0.10131325304774394,0.12202629523683538,0.002771516843511561,0.1106178020737939,0.18355945028079615,0.017412282576650236,0.009037002573898945,0.10131325304774394,0.005491973381041015,0.08961369332498224,0.02314631700528759,0.11418272180163967,0.006355472279706557,0.02334230076395266,0.007110255494643267,0.02565416709053761,0.06417724850805664,0.02122868618654409,0.21618393587556461,0.35339930149952975,0.011075360037829836,-0.09954274451600684,0.10407502322656538,0.0028357350748731136,0.003869203820864704,0.06340065175278846,0.08198379805264143,0.003838339981455628,0.07430124338024702,0.04268602434038273,0.27125614552334487,0.003869203820864704,0.0058451583679244926,0.044543373251870695,0.10131325304774394,0.21320658458110253,0.33665399737916457,0.08961369332498224,0.03195871263817666,0.3448232570414461,0.008962555140034648,0.21313410160563678,0.06124875425763093,0.002747646050020598,0.22488571290250603,0.10332473022744115,0.06040479951871318,0.007654653504441028,0.4087443184283036,0.003853882990651057,0.003853882990651057,0.10331569649171789,0.08507075875892117,0.10131325304774394,0.12717425790864456,-0.0328361675485603,0.08296937463176371,0.09079406732594522,0.05866424041485835,0.002747646050020598,0.005356285453558943,-0.024565180332779588,0.017328944909819836,0.07868100635726179,0.10131325304774394,0.21313410160563678,-0.000758669500708839,0.023671740628878113,-0.025240711133590152,0.04159073013330756,0.005410602589276989,0.038863871459823014,0.1698967196352617,0.21618393587556461,0.21320658458110253,0.010968504942298965,0.007110255494643267,0.21323010689616897,0.002771516843511561,0.08961369332498224,0.6941270287053926,0.12872771422399398,0.2188823191836883,0.10581621110863339,0.05833968803335536,0.008848428303611969,0.12290072453480606,0.10126169310667857,0.12020735208489383,0.10327249656281567,0.08961876848313613,0.21618393587556461,0.044988464393946256,0.22583643351264432,0.08460351063523984,0.10332473022744115,0.03840307861816733,0.006561278341499686,0.05826304791342789,0.007173018027580656,0.09221028387728795,0.08185075296718038,0.00488122425931567,0.0028357350748731136,0.06335208904778084,0.22906209416028786,0.08964624641858415,0.0028357350748731136,0.11611417590195972,0.0595815260123237,0.10332473022744115,0.031908521519336236,-0.0473783719188821,0.4512205124591965,0.04941468999524078,0.0028357350748731136,0.008321953748310455,0.35770680705369284,0.26399701822036226,0.21313410160563678,0.1591175497331031,0.06251248226018077,0.21422929592478845,0.056674009822180786,0.21620211883178075,0.04244631072078652,0.027100269356233747,0.3047189788773962,0.007131507614343946,0.05400980774330128,0.06780684860785441,0.06109135577928336,0.29589822892014306,0.38558114325578274,0.12920053412566873,0.05821838151967119,0.017013633338583092,0.023761411312326765,0.395032465471922,0.003869203820864704,0.018303590324453667,0.22004746718211807,0.00900128970899712,0.11186843367544348,0.002747646050020598,0.003869203820864704,0.10131325304774394,0.13728427803726567,0.013992260290668614,0.002811863107018586,0.2731282980683592,0.018193400566439734,0.016470835475010638,0.40876667202194705,0.21320658458110253,0.09102318174046883,0.10332473022744115,0.05848403232728747,0.13794397978556722,0.005883712379973968,0.10598518126707043,0.0028357350748731136,0.10339005619664812,0.5267186590608544,0.01395447216260768,0.10577815848384778,0.002764619105447251,0.21320658458110253,0.19863921773548254,0.08339791294371447,0.056239613445368895,0.10332473022744115,0.18784506835363138,0.05256161365185398,0.05256161365185398,0.03870781954997485,0.13103130953461245,0.007569861264353453,0.0028357350748731136,0.027679963459051438,0.005329313311958697,0.21619775972104885,0.18472917603565417,0.10591606153020347,0.0205035123213022,0.007056818265977628,0.34824782224211437,0.21618393587556461,0.06300951429649712,0.12832075119361258,0.0028357350748731136,0.33870853181221483,0.45089881573905116,0.06950842858591244,0.22121863508436396,0.05689671311002256,0.22004088459060364,0.002747646050020598,0.26380975401488943,0.002811863107018586,0.041497086023696256,0.0028357350748731136,0.059287326307078426,0.18683727245064569,0.26257461139285565,0.002747646050020598,0.10600698219945817,0.008296030274713276,0.23644027625173025,0.11699737459075743,0.005398126687169047,0.10332473022744115,0.0060950060793668395,0.002786926933947352
chr1:46132708:46132709:NM_003629:PIK3R3,0.27614481205285046,0.2288953499953373,0.00576450121926167,0.0005593058441324683,0.00576450121926167,0.2316813896727031,0.00576450121926167,0.06614385111141191,0.2261239739718862,0.473507956993212,0.1329865474275072,0.19682939861680943,0.005767689576492818,0.07069312090011381,0.17731257692159436,-0.0001641518697683142,0.3247793873586052,0.2992503855574265,0.2276885872089614,0.1846355889206199,0.009196749231698248,0.0666806474554256,-0.0001641518697683142,0.0008491453190632992,0.1776871116161871,0.1846355889206199,0.0002231693882915886,0.00576450121926167,0.1846355889206199,0.005939808576334998,0.2590191443823937,0.21895232673091589,0.006272326769643621,-0.00013334514535445763,0.06709363981794134,0.26991737148542255,0.0003272665123962848,0.17731257692159436,0.0012367405144643462,0.21357467713147105,0.3241414098402202,0.18571670580593455,0.23192188110615666,-0.014386177798243555,0.25252691157929497,0.3421563237049036,0.006259080815139567,0.005767732471181841,0.050483011300682556,0.004731829341874189,0.2100982610808934,0.17667344953357633,0.1329865474275072,0.006259080815139567,0.1776912872827267,0.00576450121926167,0.17783598955483573,0.32614683232366326,0.25214510840783233,0.3230137423062171,0.20231329681264593,0.0003272665123962848,0.0005442224301636378,0.009867322344194657,0.1923333233748342,0.17745239783910427,-0.0001641518697683142,0.0002398390529166905,0.3240745469347852,0.007170214165732547,0.0044707819631765455,0.2607365135620465,0.3271904079902702,0.0013331897274549975,0.00576450121926167,-0.0204932891987277,0.25214510840783233,0.005867614409486355,0.2530451963780162,6.843751781993035e-05,0.0002231693882915886,0.18853371357765472,0.00013103018639565311,0.20425079382714273,0.002200668945439632,0.1776871116161871,0.0002231693882915886,0.028404139748566287,0.0003272665123962848,0.511138636935178,0.005110774193237216,0.0012367405144643462,0.17704728974259704,-0.0001641518697683142,0.1778424672501056,0.3267178476737804,0.2514014372808502,0.4631776625155361,-0.00016371571609313795,0.027342882235640603,0.006259080815139567,0.007170214165732547,0.0064583957601580255,0.000963238061240046,0.3267997748520254,0.2608961582760838,0.18561719309287383,0.17459889082116953,0.5117649763291149,0.00576450121926167,0.32818866784584355,-0.00471888940795448,0.1773152726346054,0.00022595144257786526,0.45096268967709074,0.0062527343237033794,0.27197301023375864,0.17731257692159436,0.1773309385162887,0.010001699735620095,0.0002231693882915886,0.1776871116161871,0.23171239517566952,0.0002363454238732965,0.007170214165732547,0.26077917113796023,-0.0001874031662694453,0.32614683232366326,0.24074641003857036,0.00576450121926167,0.33627307278941476,0.3241414098402202,0.27170098478026583,0.48142410269794633,0.19676522490081425,0.1967688429899351,0.1967688429899351,0.20177746222963816,-7.17434821278784e-05,-0.0001641518697683142,0.17732824274321787,0.26268993935404833,0.19676002348991958,0.006805837440110318,0.03228935956298121,-0.0001641518697683142,0.00576450121926167,0.22122218086553916,-0.0001641518697683142,0.017226908530082713,0.1779215751378149,0.32364544454500765,0.17680495451922232,0.006351035084707052,0.0021384063563513467,0.006388691415023268,0.17704728974259704,0.17668338676177192,0.17731257692159436,0.17731257692159436,0.17731257692159436,0.00574222214877132,0.006259080815139567,0.17745239783910427,0.0003272665123962848,0.00019993353588626528,0.2032316755620457,0.27859584566454526,0.3241414098402202,0.0002219899858615093,0.006259080815139567,-0.02088591418660432,0.07005377886903003,-0.0001641518697683142,0.20334558325798738,0.19706140249490245,0.002468330651661521,0.17731257692159436,0.0002774530474523029,0.4539621259669766,0.17704728974259704,0.1776871116161871,0.32846748967530903,0.0008913610454130416,0.18465410860118692,-0.0001641518697683142,0.17704998474635092,0.32299989805636803,0.3266459943278611,-0.0001641518697683142,-0.004843304929835368,0.1773038064422825,6.843751781993035e-05,0.00576450121926167,0.17655393736967756,0.0012367405144643462,0.3241414098402202,0.0005309544567281554,0.06356791433625167,0.18243540436124142,0.17771462729992765,0.006259080815139567,0.19722442197410361,0.23089106022982797,0.005868683206243869,0.1789273072022848,0.1971588677012834,0.27171210874687285,0.005846218672921816,0.21909107632030267,0.3429663392580361,0.1975298093487184,0.5142434646103008,0.20479287714727518,0.006259080815139567,0.0002231693882915886,0.16658585666087372,0.17668338676177192,0.20402960155254302,0.18045591651019394,0.016029999790255683,0.23744808607734563,0.005777740031543965,0.0012835981770335514,0.2608961582760838,0.17667344953357633,0.17731257692159436,0.005856332529220909,-0.0001641518697683142,0.2287750668238171,-0.0001641518697683142,0.19051658448573955,0.17731257692159436,0.19537546783827486,0.01091294017649258,0.00576450121926167,0.1773451555376278,0.012974167789892577,0.005770087260951712,0.32614683232366326,0.3247760033323783,0.17770547620741928,0.18252841799818778,0.19862890906074399,0.19706140249490245,0.4695150516835174,0.32874255531704366,0.00576450121926167,0.18252841799818778,0.46835250493587605,0.01137923306040517,0.12716224799889084,0.0012530847665256362,0.0002231693882915886,0.1929684109854748,0.18802277930965886,0.23172855912439969,0.17731257692159436,0.17924625790210735,0.005702251889655147,0.005702251889655147,0.000659642177958053,0.22742893964341437,0.17667344953357633,-0.0001641518697683142,0.0008804428705520007,0.17716279203699448,0.17976051500006895,0.5142924545323364,0.00023516613978377676,0.02838948635712299,0.027353076693827305,0.22819015013392874,0.32616603702530667,0.035267356661717736,0.008624920627009064,0.006259080815139567,0.21228652801144748,0.17979964558496747,0.06434735726509744,0.2075053709282998,0.1846355889206199,0.20479287714727518,-0.0001641518697683142,0.005856332529220909,0.00576450121926167,0.00576450121926167,0.006259080815139567,-0.0001641518697683142,0.00022595144257786526,0.010594767764501717,0.0004295466288641303,0.3355709043042734,0.0061525590938451,0.011725026602955047,0.02840801303677415,0.0004388053661252278,0.17731257692159436,0.33879476410516907,-0.0001641518697683142
chr1:51422121:51422122:NM_001159969:EPS15,-0.0005232038195248645,-0.05867652938560419,-0.0004896011812353107,-0.000832914647773797,-0.0008821647026180379,-0.0475989006049482,-0.0022441788572173937,0.21140283944708238,0.01893537893868613,0.02006306182408557,0.26767184810000977,-0.00016376476839530252,-0.00038007917468951824,0.14887357512701893,-0.0005420806260587607,-0.0008821647026180379,-1.6909600597747598e-05,0.08263380087022565,-0.0492105195507222,-0.0008113560353374405,-0.0020745097200702833,-0.00085839756834305,-0.0008821647026180379,0.00021276242493950548,-0.0005604159433040268,-0.0008113560353374405,0.0002842293305964638,-0.0008821647026180379,-0.0008351240324694365,-0.000535814158150294,0.21166999249737228,0.24416260792786293,-0.0008113560353374405,0.018442405458387823,-0.00085839756834305,0.0002470665458538246,-0.0008351240324694365,0.0002470665458538246,0.0036453612796399915,0.020636462570244984,-0.0005604159433040268,-2.9301584325902574e-05,-0.0008342535573950816,0.14943107864105465,0.0006147797179544279,0.015509835160477992,-0.0008821647026180379,-0.0008745493200575938,0.047644818838655456,-0.0008812942691553971,-0.0008449574693752959,0.0002470665458538246,0.26767184810000977,-0.0008351240324694365,0.0004608822868878981,-0.0008821647026180379,0.0600083252032354,-0.0006698970917234925,-0.0008701047365493597,0.0003015168167533888,-0.0008449574693752959,0.21140213347252068,0.045788226359392725,-7.635554856055826e-05,0.21214792227561474,-0.0008821647026180379,-7.635554856055826e-05,0.018089583248519614,0.11960197544413798,0.05814374880318418,0.04283173661058626,-0.0007657045542042162,0.0004608822868878981,-0.0014006683794017816,-0.0008821647026180379,-0.0008084758108056755,-0.0008701047365493597,-0.0005252959549252312,-0.0005604159433040268,-7.635554856055826e-05,-0.00032156992563570075,0.027807168808252958,0.0001186174639804527,0.060974378456810086,5.4298062612812e-06,0.0004608822868878981,-0.0008821647026180379,0.6478837855223958,-0.0008821647026180379,-0.0005083460384076588,0.058216246313173015,-7.635554856055826e-05,0.00017596305378353438,-0.0005587408672033112,0.04074963310278357,-0.0004950338199422033,1.1522923269668972e-05,-0.0004940094384875415,-0.0008821647026180379,-4.2566456800785524e-05,-0.0008351240324694365,0.05928168996111882,0.03708846552271994,0.045750344629204465,0.00018701724242908835,-0.04747878919074178,0.019795046758784296,-0.0005133695196356536,-0.0004878090007202074,-0.0008821647026180379,-0.0008821647026180379,-0.002014118666992415,0.0002470665458538246,0.059740640677774404,-7.635554856055826e-05,0.018560710170096195,0.4158078509945788,-0.0005133695196356536,-0.0005109390026267757,0.05706658865856662,-7.635554856055826e-05,0.00013701203414051566,-0.023250283527005533,-7.635554856055826e-05,0.07868760739128322,-0.001337175054766826,-0.0006882215169516925,-0.0006698970917234925,0.30820906170136264,-0.0008351240324694365,0.003960396841134584,-0.0005604159433040268,0.2355019259565524,-5.073960932011623e-05,0.0002831095405615436,-4.19779153940647e-05,-4.19779153940647e-05,0.00040789036467392403,0.05620793420772552,-0.0008821647026180379,-2.9301584325902574e-05,0.0006795840486280014,-5.0795684617854775e-05,0.11263830838751987,0.15456120905804716,-0.0008821647026180379,-0.0008351240324694365,-0.023750658291566973,-0.0008821647026180379,-0.0007281554797510248,-0.0005168901703802575,-5.7978540958236735e-05,0.24411924509707505,0.1490883791255042,0.023412152454728163,0.03694224646259381,-0.0005604159433040268,-0.0008827112616571764,0.0002470665458538246,-7.635554856055826e-05,-7.635554856055826e-05,0.0002470665458538246,-0.0008351240324694365,-0.0005113006054817681,-0.0008821647026180379,-0.0005420806260587607,0.0023157346880983143,0.14939202933443874,0.0002654721214434552,-0.0006644542545007903,0.1490740000455295,0.030602684796973034,0.10251905609785095,-0.0008638576586087465,0.036848275067062786,-5.7978540958236735e-05,0.10929057106804996,-7.635554856055826e-05,-3.887965078641642e-05,0.000399982211014116,-0.0008821647026180379,0.0003125322780065387,0.000196938285888959,0.2117263118043896,-0.0005604159433040268,-0.0008821647026180379,0.0002842293305964638,-7.473655492118425e-05,0.21781021326846806,-0.0008821647026180379,-0.002068329794702395,-0.0008638576586087465,-0.0008821647026180379,-0.0008351240324694365,-5.7978540958236735e-05,0.1545485201065009,-0.0005133695196356536,-2.0925358976797703e-05,-0.0008821647026180379,0.0600083252032354,0.05532205637450294,-0.0008351240324694365,-0.00014578584972402275,-6.429306551847258e-05,0.058866735709134144,-0.0008638576586087465,0.05972082412628654,0.014954492439538392,-0.0005878657181118685,-0.001172525464236962,0.003121054930843359,0.4805192004849511,-0.0008127603480089229,-0.0008351240324694365,-0.0008351240324694365,-0.00046839000691312194,-0.002014118666992415,-0.0008827112616571764,0.3064156834818589,0.05992095665826003,0.010565271109374441,-0.0008351240324694365,-0.0005702519162402719,-0.0008821647026180379,-0.0013221885851472104,0.0002470665458538246,-0.0008821647026180379,0.0485543975202265,-0.0009338056543503059,0.018995950941706585,-7.635554856055826e-05,0.0002941263176925446,-7.635554856055826e-05,0.00033916377284481936,0.03469279222230026,-0.0008821647026180379,0.05866291912711341,0.018541294719961687,0.019368589791884827,-0.0005234471548434261,0.00013701203414051566,0.0003125322780065387,-0.0004950338199422033,0.048861343121954004,-7.635554856055826e-05,-0.0005579856007118522,0.11993250841211434,-0.0008351240324694365,-0.0005604159433040268,0.06156244474478534,0.019429647445526332,0.053571605914071174,0.06097625725402722,-5.7978540958236735e-05,-0.0005604159433040268,0.016124116243488862,-0.04749879248053068,-0.0005133695196356536,0.016120463091675807,0.30897221567491173,0.30897221567491173,0.3843394092804414,0.0820837226873864,-7.635554856055826e-05,-0.0008821647026180379,-0.0008821647026180379,-0.000858317871703207,0.0005036777771165735,0.13919523460908856,-0.0006882215169516925,-6.8560780986937075e-06,-0.0008351240324694365,-0.0008821647026180379,0.24410486691652056,-0.0013928041117339252,0.08594418385920255,-0.0008821647026180379,0.00032907346193022935,0.08178051985166634,-0.0008336516532669869,0.005384493420273029,-0.0008682316072278207,-0.04918408758183668,-0.0008821647026180379,0.36346756685574133,-0.0005595850593015372,-0.0008351240324694365,-0.0008351240324694365,-0.0008821647026180379,0.00022329267885279336,0.05825336001205361,0.018558759629250576,-0.0005604159433040268,-6.905743304408407e-05,0.11323527431836922,0.00015243009931975582,0.045788226359392725,-0.0004950338199422033,-6.134100364030282e-05,-0.0008821647026180379
chr1:52726458:52726459:NM_024646:ZYG11B,0.2681215521169223,0.8516540883215817,0.010702709400278364,0.007962076618598234,-0.000347408094997061,0.2627416158325119,0.0004012422649333266,0.27304599545581815,0.22280594577467538,0.0027825284925379647,0.39078961555413816,0.017014051864909552,0.2322416155921517,0.2698678167700853,0.35440571195161413,0.2371645696530449,0.33598615023855477,0.27174517389077024,0.29341029577869904,0.26761942418583434,-0.0003522067724132782,0.2711408906289038,0.2352685035034604,0.016047004571023246,0.3679073929481517,0.010699051183238571,0.3544060853127608,0.2711301521245678,0.010699051183238571,0.3251519413060512,0.30153129542945967,0.38461337245493316,0.31169404764653885,0.2218087758954148,0.2711408906289038,0.3710713571149269,-0.0012139472233358845,0.21050378427092709,0.23326272776216272,0.02094522630095104,0.33572475071767977,0.9015852934916603,0.01162974618155019,0.08181115751663408,0.3959276940318772,0.35519298966449003,-0.0012139472233358845,0.32830297871317254,0.06001405713912868,0.23231798158460878,0.3415424188370377,0.3357237182904284,0.40499621993244594,0.23577421358965683,0.3679075425504652,-0.0013846466651098992,0.3851671789283895,0.3357237182904284,0.02500220303307978,0.35440571195161413,0.38951875447234713,0.23546257764665737,0.010699051183238571,0.3401419262029613,0.2720903699743174,-0.0014741328029604407,-0.0013846466651098992,0.22161164990958943,0.010699051183238571,-0.0005920357554697418,0.04306995347920529,-0.0011418005372685266,0.3357237182904284,-0.0014764967541254902,0.008533360014790301,0.23510263113405916,0.03428154601716213,-0.0014506106442440277,0.368183893899351,0.3679073929481517,0.3544060853127608,0.041706202268597836,0.369280674183619,0.33562179321629376,0.4492727970257212,0.3679073929481517,0.35440571195161413,0.0745744250804662,0.23259124179590943,0.01092681012332182,-0.00026841808583207005,-0.0013846466651098992,-0.0003522067724132782,0.3678961995503288,0.21769499664558684,0.33426208945969443,0.0225482876591971,0.3783730166672839,-0.0012362290824947508,-0.00012776164664212927,0.23577421358965683,0.2242371288783924,0.062101949568141995,0.19631447197071306,0.33580907053240605,0.3110718678226652,0.08571810424728134,0.38172054959369467,0.01092681012332182,0.2328160873574741,0.01663304427157664,0.2209275615182699,0.8339831802393222,0.34450064539068737,0.007736971929189701,0.042148586623033876,0.3081494069125606,0.3679073929481517,0.35440571195161413,0.9239964706057809,0.3679073929481517,0.3679075425504652,0.27327041969167054,0.3679073929481517,0.02453935331090687,0.3875800416157686,0.008794033220603306,0.33413452197409155,0.29225688611827394,-0.0013846466651098992,0.33434352172216486,0.3679073929481517,0.2380308666127985,-0.0011640831227689493,0.33413509140762976,0.21769499664558684,0.21769499664558684,0.9120399497396827,0.22113624852195024,0.3679073929481517,0.7238440571478858,0.3327324167640533,0.008009342667876352,0.016267215708834916,0.24334982526394922,-0.0013846466651098992,-0.0013846466651098992,0.7644148012097833,-0.0013009024838203653,0.3246149693256902,0.36790063661522565,0.35440571195161413,0.2323120673066394,0.26813368626255185,2.6994858562289642e-05,0.042146300917967464,0.36791390053198425,0.010699051183238571,0.3357242227381746,0.760831291786116,0.3679073929481517,0.008794033220603306,0.2328160873574741,-0.0013846466651098992,0.2325368411575676,0.007739531757938801,0.33223076078396796,0.30918720822923773,0.3679075425504652,0.3546817464746003,0.24737916251166026,0.28305913144152667,0.030237318242109325,0.3544060853127608,0.4065758121316243,-0.0013846466651098992,0.06492994280231777,0.3679073929481517,0.010336904109918674,0.037676332328173745,0.3355923115513864,0.33572475071767977,0.4259411188249024,0.28300426068800455,0.3679073929481517,0.2328160873574741,0.016633608382077586,0.007748432756965959,0.03036648166596128,0.2328160873574741,-0.00125216251083172,0.0009831943630566496,0.3544060853127608,-0.0013846466651098992,0.3679073929481517,0.45036238586902194,0.3679073929481517,0.010588380723016589,0.007964240265288589,0.007739531757938801,0.7387590157477482,0.2328160873574741,0.008796374774624784,0.03430727404309067,-0.0007796157330614856,0.3357237182904284,0.3665479423353684,0.25407021976231464,0.33414242209278844,0.7059440569684277,0.3338018847733253,0.010699051183238571,-0.0011640831227689493,0.22974105360459396,0.2328160873574741,0.3679075425504652,-0.0002195284385389136,0.010699051183238571,0.395966044838358,0.3851671789283895,0.02316977579335942,0.23259124179590943,0.2323120673066394,0.7208314425278239,0.32962738121653207,0.01663304427157664,0.3679073929481517,-0.0007796157330614856,0.366900175974438,0.105749128979389,-0.0013846466651098992,0.3679073929481517,0.33572475071767977,0.33505031866479557,-0.001160439829217083,-0.0013846466651098992,0.348852544651134,-0.0011640831227689493,-0.0013846466651098992,0.3357237182904284,0.3679073929481517,0.33299250761244287,0.3679073929481517,0.24302681029528866,0.33572475071767977,0.33413509140762976,0.33245585714566755,0.2325368411575676,0.3679073929481517,0.504581037678841,0.00019633282051909756,0.45015134572965254,-0.0013846466651098992,0.3679075425504652,0.34162348249692276,0.08653515475798075,0.010178829383913984,0.3679073929481517,0.336579718433463,0.0009831943630566496,0.0009831943630566496,0.010699051183238571,0.07791175694526611,0.19607040221920985,-0.0013846466651098992,0.010956805661871735,0.007739531757938801,0.3357162689510567,0.5990975933294356,0.3547054621510562,0.008635323835729763,0.23259124179590943,0.012629622416363907,0.3357237182904284,0.010948391273958585,0.01003230319239817,0.2326226447263012,0.13395465566595263,0.39778974570014086,0.2868777926115319,0.34722971559775456,0.28589614077000514,0.25360219128003697,-0.0013846466651098992,-0.0005588677594638748,0.26812621005915094,0.36929276132262107,-0.0009933397834128097,0.011600095572933086,0.3341414839132198,0.052263434450492995,0.35586391440697,0.33572475071767977,0.03732861226286726,0.10030345756675166,0.04723335843735726,0.010699051183238571,0.3679073929481517,0.2172779451962181,-0.0013846466651098992
chr1:65420651:65420652:NM_002303:LEPR,0.4841151206394563,0.27354425100703633,0.25651838096400575,-0.43606251666063095,0.24802125043981121,0.5467798336067133,0.17337493042973434,0.1730009683455737,0.27271274155672215,0.5535528676120114,0.5386585959499619,-0.4357446913113147,0.3128918440178739,0.5043620166944017,-0.4361561599785661,0.1730009683455737,-0.4359118342487393,0.4454633422097095,0.28961579605992366,0.3209754624015581,0.05662162112484692,0.5000565988733963,0.28133943483806384,0.1939548038849349,0.21079497320218812,0.26190202056658207,0.002263002526949054,0.28133943483806384,0.281848366403881,0.3161552892988233,0.40181834464744487,0.07394647334413557,0.5536978332875518,0.23679722300820927,0.5000565988733963,-0.4361561599785661,0.48406441236516135,0.21079497320218812,0.19331952846878792,0.1337858348451172,-0.4361561599785661,-0.4361561599785661,0.5402726091463379,0.1730009683455737,0.5568686803937883,0.17297161862559263,0.48406441236516135,0.2652595094058111,-0.432339668868857,0.0022870786288013423,0.27101214687326936,-0.4723387978006773,0.5386585959499619,0.4840999328555002,-0.4361561599785661,0.4906267723369943,-0.4361502117439449,-0.4361561599785661,0.5065763580728118,-0.4361561599785661,0.27139700468664363,0.002823520055152351,0.0022720354981444757,0.0029434214397905945,0.5399132738574055,-0.3156043837235677,0.002263002526949054,0.38102295991563273,0.0022720354981444757,0.419885343310761,0.002263002526949054,0.3947041330895607,-0.4361561599785661,0.17733852127019295,0.17298434819042624,0.058298881970756,0.5092703741537702,0.08456899114131167,-0.4357762755801766,-0.4361561599785661,-0.4361561599785661,0.0033508471845932197,-0.4361561599785661,-0.4367312829786917,0.21083188231082528,-0.4362933009303442,0.21079497320218812,0.22083749014144577,0.3946555207791868,-0.42605940905005046,0.234146946798791,0.21040366464068028,0.004172349341259374,0.002263002526949054,0.002264522356957843,-0.4361561599785661,0.013748684856150994,0.33727942663650956,0.21077611719714534,0.0022872605309675054,0.48406441236516135,0.5079525946451185,0.06902313021229883,-0.3136773570467979,-0.43861681008982356,0.681089716357463,0.058523414848719035,-0.29883423996957365,-0.42605940905005046,0.3946555207791868,-0.4361561599785661,0.0030748190268120035,0.21079497320218812,0.21079497320218812,-0.31104705358347307,0.06901154449805841,-0.09181264377817357,-0.4361561599785661,-0.4349854503039352,0.10826359254049756,-0.4361561599785661,-0.4361561599785661,0.5711644982249409,0.21079497320218812,0.5079525946451185,0.5572215801128366,-0.4361561599785661,-0.4361561599785661,0.008529836403725288,0.19323006544266824,0.1902301516404497,-0.4361561599785661,0.202044751390135,0.002263002526949054,-0.4361561599785661,0.12965365290250058,0.12965365290250058,-0.31376401583256075,0.002268973744137648,-0.4361561599785661,-0.4361561599785661,-0.4420140636287282,-0.43861681008982356,0.24290406714318702,0.21085775410413238,0.0022720354981444757,0.19323006544266824,0.5304357553994614,0.002263002526949054,0.2904965453670266,0.002263002526949054,-0.4361561599785661,0.17298434819042624,0.2499282533779793,0.0031271121060795215,0.06901164778460656,-0.4379817934759436,-0.23462130098215433,-0.4361561599785661,-0.4361561599785661,0.21079497320218812,0.1552990913068994,0.4840999328555002,0.00227173863456559,0.48406441236516135,-0.4361561599785661,-0.43707759729824563,0.5400904707840697,-0.4369537517012817,0.002263002526949054,0.1730009683455737,0.3200415464241651,0.24484785789441066,-0.4361561599785661,-0.3126603653779384,-0.4361561599785661,0.23288274529185848,-0.12061763383112689,0.2129047780654319,-0.4369537517012817,-0.4361561599785661,-0.4361561599785661,-0.435783200155495,0.2680594430278125,-0.4361561599785661,0.4840999328555002,-0.4371073404532675,-0.2912996579050521,-0.43668177951252884,0.48406441236516135,0.002615615646485825,0.0022720354981444757,0.002263002526949054,0.3946555207791868,-0.4361561599785661,0.2104574606215796,-0.3136773570467979,0.004171930685466785,0.009815938138737212,-0.4361546680147024,0.3752065426157887,0.48408184386380826,0.0040762801863990505,0.5065548375184421,0.18744896955207246,-0.4361561599785661,-0.40056484603275416,0.18601035518614412,0.025140105653842726,0.06802135603998924,0.1901842719317351,0.002280774194762192,0.013737207508328242,0.36490991298935865,0.48406441236516135,-0.4361561599785661,0.003092232335964118,0.1736308301572329,0.16703537774993554,-0.42561764405173597,0.2619769761685502,0.39471106809482265,0.48453312006094773,0.0689989923815682,0.5800753275649253,-0.4361561599785661,0.17299438826931068,0.17444266128282848,0.08572280012710903,-0.31351908857518873,0.21079497320218812,-0.37842484749542227,-0.4370655213594459,-0.4349854503039352,0.002301908793421459,0.19923582327461714,-0.4361561599785661,0.0022793263294388355,0.005880013657881045,-0.43036698184945904,-0.4361561599785661,-0.435783200155495,-0.4361561599785661,0.2104574606215796,-0.4361561599785661,-0.4349854503039352,-0.43672589789988575,0.3946555207791868,-0.4361561599785661,-0.4369433467744118,0.005890863670561908,0.0023069300909446255,0.04245758648205855,-0.4361561599785661,-0.434213321591225,-0.3156854123956013,0.48411654817051775,-0.4361561599785661,-0.41674586152561166,0.23412043127108,0.23412043127108,0.002263002526949054,0.5549658553120083,0.002263002526949054,0.3946555207791868,0.1747408550158887,-0.4361561599785661,-0.4361561599785661,-0.14716413809242113,0.0022777066579255933,0.0023222473652348974,0.484093929104345,0.2674649828991565,-0.4361561599785661,0.20148203430743467,0.2789986655574347,0.48406441236516135,0.4858204590346398,-0.4256236482350375,0.0049802727968765725,0.1968546205677269,0.33546823829613853,0.36490991298935865,0.002263002526949054,0.12968568139020936,0.20307186334418986,0.25350595232982015,0.48406441236516135,0.0028783316016220972,-0.4361561599785661,0.42632403974337874,0.002286911544544079,-0.4371073404532675,0.002295818724621368,0.014059254324188086,0.013764338077795368,0.002263002526949054,-0.4361561599785661,0.003515863345891046,0.002263002526949054
chr1:67833472:67833473:NM_018841:GNG12,0.08048018023741521,0.34533771182013717,0.08722000094875582,0.19405671375550004,0.04433222415329857,0.15499465072621577,0.10592779124181817,0.03192400659425526,0.023921424845319006,0.07140378221990529,0.23997976318981312,0.0011295196231499993,0.07668449517259657,0.08139576244253355,0.19766777649259595,0.0316119195866309,0.19795483648060275,0.30488894265023536,0.2897945647026584,0.08008590821690148,0.14650126134648278,0.21142428584589706,0.1352995594593242,-0.002067058266493449,0.23950068753105982,0.07057578724622365,0.19766777649259595,0.13633007281997095,0.07054112326171597,0.26520376826299075,0.10785630168461302,0.6822085808346752,0.2011068818650718,-0.004803008946247467,0.2244290818550565,0.23246826528213904,0.03663313990749373,0.23950068753105982,0.1771936229364559,0.38564478490840104,0.6563629497149726,0.7098251576657741,0.27309414492002876,0.2797928818512233,0.25554202513789787,0.012715991052867193,0.040340312199775685,0.03457754405861063,0.22928739421070746,0.010631717162466192,0.04736273818511083,0.23950068753105982,0.24015342650901178,0.03663313990749373,0.19766777649259595,0.048220022904807924,0.6548245587436751,0.19766777649259595,0.31378374738381554,0.19766777649259595,0.04811616111382516,0.06546332831703239,-0.001958099296595628,0.29099204190176897,0.10520256211776702,0.6566943957957159,0.19766777649259595,-0.0014915165999115354,-0.0025705101590491886,0.24542462758766842,0.19766777649259595,0.07140594796678895,0.19766777649259595,0.056148259016702284,0.03226311369217438,0.044501480945167315,0.31378374738381554,0.28977508122375606,0.24382247613794938,0.19766777649259595,0.19766777649259595,0.10482563028793473,0.23950068753105982,0.7145143193072527,0.08247279241506333,0.19766777649259595,-0.00257446312262144,0.2698347547678176,0.036594692061839906,0.00012090089087729572,0.03722863877212046,0.06700692110047907,0.23952233403843506,0.19766777649259595,0.25393451052280314,0.24262588826471693,0.000293032649232694,0.2856110677854866,0.07861313236471917,0.000293032649232694,0.07038822528626748,0.5095338110882879,0.08694321940748878,0.005398916600911685,0.197700451897285,0.25056225072926264,0.0784544252467389,0.2858538182811097,0.00012090089087729572,0.04037894869756059,0.20731610597668287,0.10229227340484276,0.00017617259371666139,-0.002546148369667267,0.7104504343734726,0.06365871624124958,0.09687777897943206,0.23950068753105982,0.23950068753105982,0.3357523354167882,0.23950068753105982,0.19766777649259595,0.08092762288248356,-0.00257446312262144,0.23909172812961382,0.25605409524253603,-0.0025559624416596205,0.19766777649259595,0.07430855300207401,0.03637116384926592,0.012985480625623547,0.19766777649259595,0.07276505188609528,-0.002208895984190995,0.6563629497149726,0.23950068753105982,0.23950068753105982,0.19807888290550102,0.24877232237203528,0.19766777649259595,0.29516867885637654,0.6715119138656895,0.6713810635441976,0.09357452451608361,0.23606182944349963,0.03094023662089035,0.03654577004320114,0.30450696304963976,-0.00257446312262144,0.3610605497971813,0.19766777649259595,0.19766777649259595,0.03832603505057375,0.03726808796596992,0.021042630173709387,0.043346813678778184,0.21005135308643433,-0.002449672021467675,0.23980832822592166,0.19766777649259595,-0.00257446312262144,0.03673670711569654,0.042293103693408995,0.2395348368329749,-0.0023198515788728225,0.19766777649259595,0.7184037318023673,0.20069987314372262,0.197688429215336,0.03686058445007301,0.09680491800217417,0.02482058843127183,0.0959808754303445,0.19766777649259595,0.7493543152598101,0.19766777649259595,0.007577659757354749,0.23950068753105982,0.09751169806073495,0.197688429215336,0.197688429215336,0.6563629497149726,0.30601075342192224,0.04160140884921337,0.6678563555760154,0.036594692061839906,0.21592116031143985,0.7113261277828666,-0.00039046534176234715,0.03745127040055468,-0.002575146814417173,-0.00257446312262144,-0.00257446312262144,0.03943203954224139,0.22121166413336202,0.17738356949154677,0.6575720041455704,-0.001636004621874354,0.050110101174118515,0.23757977679913203,0.25515557961519575,0.04468355418200881,-0.0025559624416596205,0.3790937010290488,0.039497269617588926,0.19766777649259595,0.21606499249375172,0.04532033202422964,0.004656762507657175,0.1791648533741047,0.01295279577758679,-0.0038335036759498675,0.027198650737832453,0.24089570224981874,0.0512976571182836,-0.00257446312262144,0.10209934579236396,-0.002449672021467675,0.10520576190328407,0.708291674071733,0.1123863004811057,0.3123663140806224,0.08783091741700055,0.29635045131316895,0.25146985133967564,0.23950068753105982,0.0423880940448787,0.03647450512197209,0.0009598754205092375,0.24648043470317768,-0.00257446312262144,0.23952233403843506,0.19766777649259595,0.19935753181543683,0.0005215296446081097,0.036349296947993326,0.02527770835620624,0.26087097546349036,-0.0022268238285383934,0.19766777649259595,0.19766777649259595,0.899987425077853,0.19772772108229475,0.1850126575010302,0.23950068753105982,0.23990351715226924,-0.002536489444448564,0.06726396020037007,0.19766777649259595,0.7087450446999138,0.019863095902933836,0.06406452425874981,-0.002522501809538058,0.19766777649259595,0.19636052375690144,0.23638756190918106,0.0322076071478955,0.19766777649259595,-0.002135080769307962,0.23951402502286429,0.23951402502286429,0.24886137164260605,0.2555956272191187,0.23950068753105982,-0.0025193638104208937,0.25618128019717895,-0.00257446312262144,0.6563629497149726,0.32998342323804397,0.03686058445007301,0.000293032649232694,0.07476917696387514,-0.002523897699848343,0.197688429215336,0.23599190694662417,0.009073508139943842,0.03663313990749373,0.31726288150846016,0.23752826978420835,0.02180502828240566,0.013409517486117462,0.4502738265728171,0.23992741979465027,0.23950068753105982,0.06679857790331029,0.03641263591343441,0.1341548021881061,0.04037894869756059,0.005436932603156808,0.23954120664143821,0.04986055914662951,-0.0018547764072219808,0.1977211052780522,0.30142552385242294,0.0450355248170326,0.24269353185750714,-0.0019960807351244725,0.19766777649259595,0.23971236806247814,-0.00257446312262144
chr1:77979157:77979158:NM_001317100:DNAJB4,0.003542457288759515,0.3043015041880837,0.02189311022750645,0.0050875529414040055,0.08605342273775968,0.9659097169868747,0.2529042698192402,0.00960615169386847,0.03418144023911096,0.009824250396114453,0.09362144490162472,0.013200581921069154,0.24124461833368632,0.025671472859626343,0.2436369681950967,0.021465857416533007,0.8835063993796618,0.35826337026359345,0.2437471255188932,0.0032433318336440586,0.01087034451410801,0.0559856098741508,0.025620556979795206,0.0555685344847775,0.43219195138119637,0.0032433318336440586,0.003189348305700057,0.2594669100279545,0.0032433318336440586,0.31927283358649383,0.056242710991353695,0.503719702231687,0.021909000711769155,0.003171042451874828,0.06190172151655071,0.8787653021846675,0.003207481059639916,0.05561308165043871,0.013090180426781395,0.06692446425632409,0.2436853361030394,0.8834779448134852,0.01897849225265469,0.32859647340197873,0.15183121347520206,0.030448696072590598,0.003189348305700057,0.34253256079376543,0.04923622232873048,0.0032227306583654802,0.05561308165043871,0.40781006672526343,0.09362144490162472,0.0032433318336440586,0.0032046263284282728,0.0032433318336440586,0.4781839888994004,0.0032046263284282728,0.8993308327753493,0.003189348305700057,0.05561053233636826,0.055601132741174064,0.003178301514772497,0.30325245685102514,0.25737821297429087,0.24368757593175133,0.003189348305700057,0.003171042451874828,0.07275345921518228,0.049041085050706756,0.003189798422430279,0.02637517492819974,0.0032046263284282728,0.003189130330982337,0.08601554546135687,0.2416433164991684,0.8993308327753493,0.003306976966849451,0.8006086935664459,0.40781006672526343,0.05561308165043871,0.12437597526556632,0.30369267255856613,0.8006268305017333,0.0263331934191256,0.003215674307322669,0.003189348305700057,0.03742071777844452,0.003189348305700057,0.8006086935664459,0.003189348305700057,0.0031899727590285476,0.2436369681950967,0.003189199133532994,0.0032526763258248215,0.800683771986451,0.005788575552357622,0.3556342696845077,0.003189348305700057,0.013572002493369262,0.0032433318336440586,0.003189285227762184,0.40802108572637563,0.055601132741174064,0.24372973730885575,0.3991918409819451,0.40786792838012487,0.3037447521210365,0.8006086935664459,0.003207481059639916,0.4765952929537852,0.014896077306437272,0.4781585637911963,0.3034802108891455,0.0045029002390705175,0.003207481059639916,0.9400200938955645,0.8834779448134852,0.40781006672526343,0.41790909802849585,0.4078203823649015,0.0032046263284282728,0.0945322268709643,0.003189348305700057,0.0032041879082773117,0.5289965618743406,0.003189348305700057,0.0032046263284282728,0.06965123998215972,0.003189348305700057,0.03428914955218887,0.30373415422713557,0.06385711235097352,0.003189348305700057,0.4078203823649015,0.8005517546606171,0.8005517546606171,0.24383449450462638,0.055601403141893546,0.003178301514772497,0.8836971682496442,0.30369267255856613,0.2476270394213372,0.09651826114850914,0.02843689890059925,0.011284697687344969,0.003207481059639916,0.33201225476700075,0.003189348305700057,0.24459231895756348,0.0031825645272865466,0.24367256501842963,0.05565833088562683,0.01965251862342693,0.060442692199626225,0.4078303842205846,0.3037862350293996,0.003189348305700057,0.4078499984357281,0.003189348305700057,0.003189348305700057,0.003207481059639916,0.003189348305700057,0.24367256501842963,0.0032251985760577973,0.003189348305700057,0.9137654938196628,0.3196526098446086,0.3036969381349841,0.003205013101530596,0.020004025841073858,0.0158629561831532,0.3123970337462779,0.003189348305700057,0.06048885814435451,0.24367256501842963,0.15769106186248705,0.003189348305700057,0.24371747111299058,0.3026959619295723,0.2436369681950967,0.30369267255856613,0.30696535953533266,0.3130022372571913,0.30369267255856613,0.0032433318336440586,0.24364576394545331,0.24615724630328834,0.02858284325026833,0.003189348305700057,0.014891700731559154,0.003189348305700057,0.0032046263284282728,0.003207481059639916,0.005817477672685756,0.026329097201880536,0.3037447521210365,0.24374070464667633,0.3236626222102583,0.003178301514772497,0.018743911230967414,0.0032433318336440586,0.003178301514772497,0.4765704285010579,0.003297615268337939,0.0032046263284282728,0.25418899662774513,0.02340448200570988,0.003189348305700057,0.11073151928347102,0.05140913711232642,0.30369267255856613,0.003189348305700057,0.3037862350293996,0.0032433318336440586,0.0032046263284282728,0.31945482606281095,0.003189348305700057,0.4782099079807727,0.055601132741174064,0.12515265748782972,0.009824250396114453,0.02191141065357044,0.8835217506787956,1.0236509693947995,0.4078203823649015,0.30373415422713557,0.006760735853074629,0.003218608445863802,0.2816836765445594,0.003178301514772497,0.9085366660298808,0.003178301514772497,0.801166014042156,0.07746091625427176,0.003214151844972424,0.2478017192551956,0.005791040565837013,0.0045291175483453405,0.0032046263284282728,0.2436369681950967,0.8834779448134852,0.30369267255856613,0.034637806781325886,0.055601132741174064,0.40781006672526343,0.30369267255856613,0.003207481059639916,0.30373415422713557,0.4783983067062281,0.004588275558158106,0.003251349353736388,0.0032462138486967773,0.0032046263284282728,0.8005592271590666,0.01654560930125687,0.43066577429756014,0.8834779448134852,1.0143196342467502,0.003189348305700057,0.003189348305700057,0.055601132741174064,0.06952799161753676,0.0032251985760577973,0.003189348305700057,0.053756590624968015,0.003178301514772497,0.24517885342298243,0.5474290656625397,0.0031758331743215185,0.005841282526250935,0.05434020920099192,0.05434607132849012,0.3036969381349841,0.8005305529457565,0.22304405224994617,0.05563233011135238,0.8005003202603718,0.003178301514772497,0.0019394289158845002,0.2898329018226595,0.24378907613424908,0.3037470004441225,0.24367256501842963,0.003297615268337939,0.24361710214338334,0.0031901770298375376,0.003207481059639916,0.03774818683383413,0.003189348305700057,0.3388837225398706,0.003276920678896067,0.2436369681950967,0.003189348305700057,0.3911821111365808,0.0490141738688219,0.003178301514772497,0.30369267255856613,0.5475825124701905,0.05561308165043871
chr1:84077974:84077975:NM_207578:PRKACB,0.20398187467817155,0.03190830260837424,0.5388405154943653,0.25314088082165254,0.20365184958820043,0.2582078097324006,0.052515554984732496,0.07189016814490391,0.0032434282365684936,0.18680822850149706,0.18282670255618924,0.0005021803470069974,0.04536884716184386,0.20398187467817155,0.4375112888908866,0.10897429357199223,1.3115432424882096,0.20695455496689058,0.20396215945451543,0.1822677747909563,0.06748948173414585,0.27785727455039827,0.23202682030817312,0.030079354321296187,1.2921835612157935,0.028290084807188393,0.25314088082165254,0.2323276180477219,0.1822677747909563,0.2323276180477219,0.3150823953811138,0.29383452097621565,0.24273279553866886,0.05355755311273652,0.20400747333785207,0.27759554146137116,0.0003502947019630859,0.0001325951077795623,0.2302353528507506,0.030305813748787006,1.2929451006433101,0.25314088082165254,0.1828185019142618,0.14499617555616837,0.22088297783415492,0.0009396954254638074,0.0001325951077795623,0.2098690741442336,0.43753856251763307,0.028223966068046752,0.07432315006247885,1.2929451006433101,0.18282685928535394,0.00037548260050507265,1.2935626064583756,0.07941592183373335,0.25181752164195703,1.2929451006433101,0.18371001876884202,0.0001762607251643289,0.028452666143205976,0.0003502947019630859,0.02830867502284798,0.027876243385044977,0.28374000842328884,1.297338032185852,0.43742026732731143,0.0018331654137774128,0.27768082084799695,0.028238424874666074,0.00018755993017295636,0.18223053651360466,1.2929451006433101,-0.0046867670100099595,0.028467128172024847,0.02823408464950783,0.18371001876884202,0.02823408464950783,0.25314088082165254,1.2935626064583756,0.25314088082165254,0.0003937048385485725,1.329299562019245,0.4735388105239157,0.30282358980121055,0.4375112888908866,0.0001325951077795623,0.15812654460464562,0.0001325951077795623,0.0001762607251643289,0.1822418448083312,0.08999690216843922,0.4375112888908866,0.25314088082165254,0.2741272250187965,0.2555100196588162,0.00010328037810133917,0.49353821918386276,0.16444284444814333,0.00011107714478296449,0.14474627561433578,0.028248544788543953,0.002147609875773726,0.43752086551160674,1.3097866490552026,0.21635211210724503,0.00013007263149410198,0.49353821918386276,0.2530926027959047,0.00036415863259013637,0.0033946368991753656,0.0675402894023652,1.2929451006433101,0.43751490417915356,1.3101502194116756,0.00014680384745277553,0.4938725946958074,0.25314088082165254,0.4735388105239157,0.03021125101167238,0.2530926027959047,1.2929451006433101,0.24949614808888199,0.0001325951077795623,0.028248544788543953,0.21790638181532956,0.0001325951077795623,1.2929451006433101,0.061068250216492856,0.02823408464950783,0.2518036764106202,0.25314088082165254,0.07749714742090981,0.00015473427313418553,0.0001762607251643289,0.253183966262017,0.253183966262017,0.4406920634300235,0.03171722549249559,0.25314088082165254,0.25314088082165254,0.2776244660736576,1.3097869180392683,0.058839687564156945,0.2521497043569958,0.016082785198712826,0.0001325951077795623,0.5260850468455972,0.00037548260050507265,0.001291496286047536,0.25314088082165254,0.4375112888908866,0.02823408464950783,0.05390772903269141,0.007599554879782075,0.0021159196524613566,0.2530950314103538,0.00011657951024414415,1.2929451006433101,0.2740875379166322,0.0001325951077795623,0.0001325951077795623,0.028248544788543953,0.0001325951077795623,0.0001325951077795623,0.2741816982639489,0.30015910079247693,0.4938725946958074,0.2530926027959047,0.7099602759507062,0.20398187467817155,0.3586147427004232,0.056421780486792264,0.0001762607251643289,0.16180955502341954,1.2929451006433101,0.04193612043630067,0.0001762607251643289,0.4386545448145916,0.00022672291254720311,1.2929451006433101,0.25314088082165254,1.309816041632085,-0.0015150811185356827,1.2929451006433101,0.0001439028163350703,1.296954194942705,0.25481434377151224,0.44403385168869836,0.0003502947019630859,0.18859422504288503,0.25335738050578627,0.43742026732731143,0.0001464561205013204,0.43740192077805906,0.2674384108440699,0.25314088082165254,0.0001325951077795623,0.2527793869159902,0.25314088082165254,0.0006278218421582188,0.0001464561205013204,0.43742026732731143,0.1461522517964845,0.05089162228037447,1.2929451006433101,0.43924435742575824,0.053304566145392154,0.0001762607251643289,0.5211329646911127,1.2926531729250703,0.47359893990641444,0.00015473427313418553,0.43927463747844364,0.18223053651360466,0.0001325951077795623,0.03195544048484483,0.00011657951024414415,1.3103674175724551,0.25181752164195703,0.002275627607800257,0.18223053651360466,0.02848829209161266,0.47071440070563153,0.3000199990184089,1.2929451006433101,0.0001464561205013204,0.03491381074150554,0.0001325951077795623,1.3517272911035219,0.2530926027959047,0.2530926027959047,1.292945318682038,0.0001167291058721126,0.00013309311534717705,0.015979550752547825,0.2532467262057073,0.0003502947019630859,0.00012883881692032917,1.2929451006433101,1.2935626064583756,0.25314088082165254,0.25314088082165254,0.2548816587655835,0.25314088082165254,0.4735388105239157,0.2743001431030836,0.0001464561205013204,0.25314088082165254,0.2518426241032931,0.0001682104831517428,0.6187577775796633,0.0001325951077795623,-0.0006014150223983133,0.2741272250187965,0.010371221484016521,0.19431387795477056,0.25314088082165254,0.2530926027959047,0.028223966068046752,0.028223966068046752,0.4736074323318097,0.02876362944335395,0.43742026732731143,0.0001325951077795623,6.573881705651541e-05,0.00019852732516903449,1.3097778421144002,0.7703381158004645,0.5207669928933258,0.05388136852170976,0.18249902318007274,0.0001325951077795623,0.2530950314103538,0.014087528256220297,0.07755705830588466,0.00036415863259013637,0.2765069307602528,0.25181752164195703,0.16337753285025114,0.43798649482515095,0.2743949236051791,0.4753892808904553,0.43742026732731143,0.05296615562454646,0.4359275750388404,0.028477264547663278,0.00037548260050507265,0.0879420947537483,0.0001325951077795623,0.028223966068046752,1.332273190890327,1.2929451006433101,0.028248544788543953,0.00013318336368925432,0.00011107714478296449,0.02830867502284798,0.25314088082165254,0.4749772571253955,0.028223966068046752
chr1:109494035:109494036:NM_001134402:CYB561D1,0.1690660235847734,0.015773407606105877,-0.0015443573462617932,0.14567108340782808,-0.0026565548241704595,0.015688493832054284,0.051002366513837244,0.11065039405857077,0.2011384966303859,-0.002336427603855412,0.2326863168605429,0.21300647751768842,0.12239294345817336,0.18933975271448378,0.48024734562977733,0.1104423560764908,0.15992302961285182,0.3754092073196214,-0.002336427603855412,-0.0026565548241704595,-0.00042891208978695916,-0.0025911966489055582,0.001408297079539711,0.20493605140870802,0.20477791938943296,-0.0026565548241704595,-0.0036565477758227494,0.001408297079539711,-0.002336427603855412,-0.0024013106621173508,0.2744480245918047,0.4768907601745727,0.051002366513837244,0.008081331775681821,0.00013321091011067598,0.4868818441448387,-0.0026565548241704595,0.09329308649517487,0.002109467761358619,0.11105234573411754,0.45570069570223815,0.23469418372605969,-0.0023217546889139073,-0.0026565548241704595,0.02458568516039103,0.10149988694854498,-0.0026565548241704595,-0.0026565548241704595,0.34490202444396645,0.20193414102073598,-0.002220181831299628,0.05308617288043388,0.7938196481416315,-0.0026565548241704595,0.4727375047751557,0.05006985395760477,0.41256149197020503,0.462850625373838,0.010566686916277962,0.24340067342968857,-0.0019160414924342117,0.0012020784208716107,0.0560822172090647,-0.0006920326374567076,0.17244411871787144,0.00010858663400967195,0.006819293500829632,-0.028433597519655462,0.0536823818940588,-0.0020042663426416973,-0.002640240467331828,-0.0008425463560311763,0.4727711955472772,0.1114513131513552,0.342343868542175,0.06079218824128274,0.010566686916277962,0.0025244022360990104,0.2556838359936967,0.34969792676990363,0.20658970095958698,-0.0024071087280067016,0.49173264695877594,0.47932391228110005,0.0020862832752796545,0.4628968235116335,0.09269849363542845,0.2158962022499526,-0.0026565548241704595,0.2591593332608908,0.05679201963471653,-0.0026565548241704595,0.05077073141013397,0.14507164829170893,0.10772744040073656,0.25161319769697343,0.2916367251449561,0.46113936878461403,-0.001928644094231352,-0.0026565548241704595,-0.0026565548241704595,-0.0026565548241704595,0.585337133423378,0.3573741870774383,0.5227436601653851,0.00040298500621455124,0.29712675716098047,0.46089977023164497,0.25526991540470695,-0.0026565548241704595,0.3488417570649332,0.00291185528125526,0.4777526309432817,0.34874759931182503,0.3665500418427656,0.47430902627500277,0.3533049062985471,0.4556763189880777,0.2869580844325204,0.008740860533250877,0.05006985395760477,0.4628152892395149,0.006914428691312452,0.09082595901172089,-0.0020042663426416973,0.02335169333882403,0.29623318303402885,0.20723189898230532,0.266571323696582,-0.0026565548241704595,0.16668366603463608,0.34874759931182503,0.002036105018292045,-0.0026565548241704595,0.30065133913972,0.20322360415348922,0.20322360415348922,0.05321981300725806,0.32884347230924105,0.04349433728282537,0.4595960509873417,0.47673933223726495,0.022489423990112528,0.0022743123984038105,0.03245427756532998,-0.002336427603855412,-0.001978255506898924,0.0018741265102425464,-0.0026565548241704595,0.014272589141333725,0.15931411280142305,0.20725208640551868,0.4812057762986395,-0.0025911966489055582,0.08782732355944647,0.33098247536009723,0.5379803418290929,-0.0026565548241704595,0.06300215313086091,0.21325624793727405,0.4556763189880777,0.29623318303402885,0.05006985395760477,0.2091417631986599,-0.0026565548241704595,0.057074252637919876,0.6191646943898137,0.5093028388272391,0.4733156537299998,0.044912344173304114,0.05006985395760477,-0.001012972772429177,-0.002204685899403258,0.03160670023530601,-0.0031787597184629868,0.462850625373838,-0.0025073663083437503,0.4556763189880777,0.01459837511464776,0.0972670953392829,0.057047640379337045,0.472795954399697,0.20103477676848522,0.2688439997978149,0.5827559412119185,-0.0026565548241704595,0.27477701894375706,0.013518657243240056,-0.03549225654182073,-0.0026565548241704595,0.055643919953275556,0.031597676980021416,0.03162249762817809,-0.0026565548241704595,0.446111339973136,0.20119547873536792,0.34874759931182503,6.766314873132839e-05,0.42570232109932443,0.3739403139937961,0.3498621029283531,-0.0026565548241704595,-0.0019628724237392703,0.010566686916277962,0.11049531142928093,0.266569056042093,0.12619341724721125,0.24349201652071445,0.04431747459698336,0.5375143635570164,0.11551594953956451,0.35237775793653014,0.08314167508526737,0.38503076192019636,-0.0026565548241704595,0.20113761680444178,0.08361897966003387,-0.0026565548241704595,0.1292800756580124,0.43781559999336217,0.08420296728376625,-0.001642533586253575,0.050333698630799284,0.3532654469962582,0.017567763226215866,0.05008594447822895,0.34753795013637373,-0.0026569676060287373,0.006139429794163487,0.8491364589726061,0.006819293500829632,0.34874759931182503,0.007501252472909392,0.20269632846795366,0.07536393522293133,-0.0026565548241704595,0.44684956827835326,-0.0026565548241704595,-0.002633747989231383,0.20725208640551868,0.4727711955472772,0.47676403690358093,0.47277132655534715,-0.002612071527068993,0.35246270242334093,0.2869580844325204,0.498036776568233,-0.0026565548241704595,0.47277132655534715,0.41311122124447525,0.0755026569360096,0.4667790412531064,-0.0026557621672625986,0.4460882147268963,0.3785004620292716,0.7042016704221735,-0.0011670080342982558,0.47277132655534715,0.3617663551261947,0.012651346832944277,0.012651346832944277,0.06081203337234847,0.06209805031466531,0.0507643065557388,-0.0026565548241704595,0.027811700094115877,-0.0358281785561016,0.4742218039962716,0.363744564354321,0.2820324820367782,0.08155130900540028,0.05006985395760477,0.010371624470359525,0.47676403690358093,0.3018614573646251,0.002311099783360915,-0.0026565548241704595,-0.024182418208921114,0.15261818280955491,0.002007264613453408,0.17096598968122245,0.354271636487532,0.17556334775758387,-0.0026478424411160995,0.22721233892198325,-0.0026069894930878523,0.6642808792789855,-0.0026565548241704595,0.05433965473567884,-0.0006119237229272878,0.3681489519368965,0.0008417289311999365,0.2870007316193992,0.05925716586317917,0.20149264710397305,0.11244823592954695,0.06033981565256366,0.472795954399697,0.3818808678794756,0.0006698940174749146
chr1:116909922:116909923:NM_020440:PTGFRN,0.007124430659537065,0.03959248511926566,0.007079698575995413,0.2152955850955968,0.005590833828236934,0.09490676019817161,0.06419042304020381,0.005633562235138237,0.05250039231761189,0.2065921390730508,0.16878843302243254,0.028504267775035196,0.07800738540133917,0.01804932470626292,0.3164878674880738,0.005633562235138237,0.32632368335185485,0.13104486443727628,0.007682760816505603,0.005590833828236934,0.06488647499469347,0.07031473903491106,0.005937786989916302,0.08986738250382997,0.005590833828236934,0.005590833828236934,0.3164878674880738,0.3192478154563076,0.005590833828236934,0.06733312978528808,0.035097881897214786,0.4836550795828093,0.0072492816839338295,0.06419042304020381,0.06947714902186061,0.022791700753914866,0.007079698575995413,0.3164878674880738,0.005714512656862909,0.021892971543588872,0.3164878674880738,0.6841645695082711,0.12036302688288575,0.0074972417362026075,0.21067205080856996,0.3050507743152396,0.007079698575995413,0.1302397557518776,0.054303521481437106,0.005590833828236934,0.11605570903489376,0.6435834167369965,0.16878843302243254,0.011648269910146544,0.3173781918923274,0.007079698575995413,0.7165510713568047,0.3164811873177605,0.40364923992318114,0.20179871665115173,0.1160787283166008,0.06419042304020381,0.02310412716624949,0.11653736687941568,0.03581658133324387,0.3358971434291969,0.005590833828236934,0.06419042304020381,0.023006698988366804,0.016474525622947975,0.008901047156322443,0.031163656170871565,0.6435834167369965,0.006657656904934105,0.005590833828236934,0.0788850673233553,0.40389513015827905,0.06871176065930024,0.029292236925026263,0.005590833828236934,0.3173781918923274,0.012651545984485812,0.2143446894164596,0.2725409752233654,0.005590833828236934,0.3173781918923274,0.3164878674880738,0.20734130845593185,0.007079698575995413,0.05180344040578903,0.06578128814249985,0.005590833828236934,0.0056674788930636474,0.005595945339702153,0.005865992933559862,0.03412916551860611,0.02197287715184921,0.40942473264171664,-0.006971370474097613,0.02429096484528047,0.011648269910146544,0.06088845094679345,0.05509809625345285,0.2853504619567655,0.33723213096585797,0.20970890578194645,0.0788151440282932,0.5312608189942202,0.34149277562171493,0.007079698575995413,0.005633562235138237,0.06647591667531763,0.3164878674880738,0.005590833828236934,0.21917882058558794,0.03788541028679119,0.016520506773857885,0.3164878674880738,0.21665850558380984,0.14098230727812447,0.3357541679059554,0.3173781918923274,0.1456119107507392,0.3164878674880738,0.016648887660136502,0.31704950766091994,0.0055512162404782045,0.3164878674880738,-0.004099389909191772,0.007079698575995413,0.671209755301184,0.3164878674880738,0.020879283226193257,0.03202078321289996,0.20179871665115173,0.005590833828236934,0.005590833828236934,0.02358263290070755,0.07183183908662652,0.3164878674880738,0.005590833828236934,0.005633562235138237,0.6577789739877644,0.058966300288123843,-0.006640616428727271,0.005590833828236934,0.007081642262296767,0.06578671306760286,0.005590833828236934,0.05214958978074989,0.3164880788588783,0.3164878674880738,0.005590833828236934,0.1427262693939343,0.112395782908527,0.05491792773753154,0.20170377964441313,0.20184199796715288,0.6435834167369965,0.3164811873177605,0.3164878674880738,0.007030702984793913,0.007079698575995413,0.005262477541108375,0.005590833828236934,0.005590833828236934,0.2336848952018196,0.04544968510445587,0.3357541679059554,0.3164878674880738,0.02173746595733321,0.024260679659130584,0.0638486580941445,0.3164878674880738,0.24055091832001624,0.3164878674880738,-0.0012015836666394164,0.3164878674880738,0.01438269726439221,0.3997132171035942,0.20179990811912887,0.3357541679059554,0.14902091542247772,0.3166486237638315,0.31654379563488083,0.007079698575995413,0.20172179280520813,0.20181634506969143,0.003129084715774673,0.007079698575995413,0.09161555461260207,0.3267108047320115,0.005590833828236934,0.007079698575995413,0.4020083571458576,0.005590833828236934,0.005590833828236934,0.0060666695771544946,0.022999468076318592,0.31384019783538253,0.39078509139850404,0.007079698575995413,0.00805308038183504,0.3477118327141933,0.13290250915728893,0.3164878674880738,0.31896826181650073,0.01922515809389041,0.2544557156052142,0.035522710721523486,0.3245667777882449,0.022847819098260995,0.08008357814201703,0.6593251890940641,0.011648269910146544,0.005590833828236934,0.064191978161123,0.20184199796715288,0.012480970311682112,0.2210657541304098,0.023096489071517692,0.03120085405771289,0.0045288384701719295,0.00559276861967669,0.31704950766091994,0.3164878674880738,0.005590833828236934,0.1145805451728873,0.00654638113141736,0.6297818125981705,0.6435834167369965,0.007079698575995413,0.3357541679059554,0.33493448780728374,0.008974536325909332,0.005590833828236934,0.025140147441495703,0.007079698575995413,0.004431762637976955,0.3164878674880738,0.3173781918923274,0.23471725849131064,0.3164878674880738,0.005590833828236934,0.02274837450209531,0.21665850558380984,0.5193035349541975,0.007079698575995413,0.3164878674880738,0.5533776794876164,0.0012338825244850513,0.3164878674880738,0.005669610257142389,0.3164878674880738,0.2270686566795703,0.6226760913139917,0.030807984325848248,0.3164878674880738,0.006664700192970281,0.014824820054402645,0.014824820054402645,0.00478147528962853,0.20176491699472598,0.3164878674880738,0.005590833828236934,0.31859032447013613,0.022699265097716047,0.3368791106063128,0.0619359057486594,0.3164878674880738,0.03381270208179688,0.01165020973815098,0.34573468301492,0.3357541679059554,0.09903221464648701,0.06419097960011443,0.007079698575995413,0.0672450202259866,0.32390689972267994,0.0013870650097540307,0.6882809962893793,0.01581067648034578,0.6592425659806862,0.005590833828236934,0.11336780843607885,0.023853100785182095,0.07572364565950004,0.007079698575995413,0.07583737649147607,0.005835141552447395,0.16003701508886642,0.010109833869718858,0.31649553232776584,0.007084817779378118,0.01058301232584817,0.025001679301763675,0.023111900704678022,0.3164878674880738,0.683016409824666,0.07368379825050105
chr1:120069703:120069704:NM_001200001:NOTCH2,0.28424254394068826,0.014020192673735443,0.2839873151442357,-0.23965331109834642,0.009498646251208664,0.015197515097658099,0.00823613326763628,0.24305636328307023,0.016168344153999703,0.2829244130773759,0.2421553548972959,0.0062831016341301504,0.008187594894533357,0.28448708800873646,0.2596659956025751,0.24319190991806783,-0.23965331109834642,0.2445563638074305,0.008208144791110428,0.24319190991806783,0.007122641151838804,0.24780596173476022,0.009503888284359663,0.008273352900665776,0.007004888021260758,0.24047611693343174,0.007004888021260758,0.24839056075065813,0.241870137579678,0.2863102277155951,0.2468681446805121,0.6101950573615789,0.2839873151442357,0.008482153357723177,0.28878277042722067,0.0374330493277667,0.008187594894533357,-0.23965331109834642,0.24047611693343174,0.006928424285086665,-0.23965331109834642,0.2596659956025751,0.008208144791110428,0.009372462848409646,0.2828751796613008,-0.25882970280207873,0.007004888021260758,0.28942054678873963,0.007004888021260758,0.006591540383952932,0.007796333774562347,-0.23965331109834642,0.24239012264224025,0.008187594894533357,0.007004888021260758,0.24047611693343174,0.26052713657328974,-0.23965331109834642,0.016437098975342845,0.007004888021260758,0.007004888021260758,0.008187594894533357,0.005391592712378768,0.007099001792878812,0.2552141785566424,-0.23965331109834642,-0.23965331109834642,0.006632275897640705,0.007004888021260758,0.0072507229755106595,0.007004888021260758,0.008407386701055675,0.007004888021260758,0.03556081899818209,0.009504295290352682,0.00448513594405664,0.25137992928607933,0.007209318816281951,0.008187594894533357,0.007004888021260758,0.007004888021260758,0.007259323816017238,-0.23965331109834642,0.007004888021260758,0.008802375319596267,-0.23965331109834642,-0.23965331109834642,0.34730785832532096,0.007004888021260758,-0.23965466817604575,0.007004888021260758,0.007004888021260758,0.007004888021260758,0.0070058837921562755,0.007004888021260758,0.007004888021260758,0.00349456803082826,0.11797937514841483,0.007014128700167044,0.00780558233098394,0.008187594894533357,0.0072507229755106595,0.24058003732396982,0.1010231729042077,0.13257920272919788,0.2826204952270325,0.007004888021260758,0.11763352657167836,0.007020254725099484,0.008187594894533357,0.008187594894533357,0.0112408158908196,-0.23965331109834642,-0.2596502680107855,-0.23965331109834642,0.24059117830907828,0.09425947694624748,-0.23958475833080084,-0.23957656063173316,0.008205693155256877,0.007004888021260758,-0.23965331109834642,0.28362578118256865,-0.23965331109834642,0.0072507229755106595,0.2828751796613008,0.007004888021260758,0.007004888021260758,0.018376587402500144,0.007004888021260758,-0.25866644648352966,-0.23965331109834642,0.022778452366606694,0.007004888021260758,-0.23965331109834642,0.007004888021260758,0.007004888021260758,-0.23965331109834642,0.009089458249039395,0.007004888021260758,0.005914557306001544,0.007203722653420619,-0.23965331109834642,0.01107693729212933,0.008114713136824436,0.007122641151838804,0.007004888021260758,0.28260888545096097,0.007004888021260758,0.019194778436106508,0.007004888021260758,0.007004888021260758,0.008187594894533357,0.007004888021260758,0.007013220368356832,0.24058003732396982,0.007004888021260758,0.007004888021260758,-0.23965331109834642,0.007004888021260758,-0.23965331109834642,0.24047611693343174,0.008187594894533357,0.007168267389807248,0.007004888021260758,0.2593101537564151,-0.23802240852042922,0.08701452579820379,-0.23965331109834642,0.10467503347023266,0.24319190991806783,0.0199711749802558,0.010833896478086635,0.007004888021260758,0.053410358140886904,0.007004888021260758,0.010978723510505328,-0.23965331109834642,0.017801107232692792,-0.24160035083864406,0.007004888021260758,0.007004888021260758,-0.23961722879397152,0.008187594894533357,-0.23965331109834642,0.008187594894533357,-0.24712547380488448,-0.23963351675941735,-0.23979463870175965,0.008187594894533357,0.011348792298964794,0.007004888021260758,0.007004888021260758,0.008187594894533357,0.007004888021260758,0.03556081899818209,-0.2394908207939761,0.008378485396243307,0.008257113458251641,0.2621118322290852,0.005514752298984571,0.008187594894533357,0.007004888021260758,0.251414590433354,0.06580354213270823,-0.23965331109834642,-0.23963351675941735,0.06479386569632661,0.00847090864913369,0.26036285944631965,-0.26318765865110594,0.00448113216469237,0.007796333774562347,-0.2399386045361085,0.008187594894533357,0.007004888021260758,0.01980637286554099,0.007004888021260758,0.0067495268296771105,-0.23865338133091551,0.024896282175556284,0.008386834714713798,0.24278872320218037,0.2420353479327818,0.2826204952270325,-0.23965331109834642,0.007004888021260758,0.06592583997918788,-0.23901085391557897,0.015841565946603575,-0.23965331109834642,-0.23965331109834642,-0.23965331109834642,0.006920777940859768,0.00780558233098394,0.008114713136824436,-0.2578777391971737,0.007014128700167044,0.00780558233098394,0.007004888021260758,-0.23965331109834642,-0.2394815437126303,-0.23824486681247325,0.007004888021260758,-0.23965331109834642,-0.23957656063173316,0.005391592712378768,0.007004888021260758,-0.23965331109834642,-0.23729162404855297,0.00780558233098394,0.101668007579641,0.0072299817613376005,-0.23965331109834642,-0.24745130133580484,0.015058574644802758,0.008392238331592528,-0.23991549596337325,-0.2583419287552817,0.007004888021260758,0.007004888021260758,0.0055944918665566945,0.008937921088299827,0.007004888021260758,0.007004888021260758,0.006930204211016533,0.007004888021260758,-0.23965331109834642,0.007527005171728995,0.101668007579641,0.00780558233098394,0.008386834714713798,0.008196846465753471,-0.23965331109834642,0.007015124521550842,0.009039464136873177,0.008187594894533357,0.007575996553331965,-0.23729162404855297,0.007219149648312828,0.08448908620654838,0.00823613326763628,-0.23965331109834642,-0.23998405595911598,0.007060725988645933,0.2427075149092115,0.24047611693343174,0.007004888021260758,0.008211410348687553,0.008114713136824436,0.24047611693343174,0.008187594894533357,-0.2398134800225612,0.007004888021260758,0.007209318816281951,0.007014128700167044,0.007209318816281951,-0.23958475833080084,0.007099001792878812,0.007004888021260758
chr1:145405778:145405779:NM_001278267:NBPF20,0.3243179595721265,-0.007843344758794113,0.3243179595721265,0.5495944619234592,-0.01122196095795136,-0.00405480207155362,-0.006539070375452427,-0.006539070375452427,-0.007200289356874445,0.3243179595721265,-0.01122196095795136,0.5503697194476469,-0.01122196095795136,0.31700709205352406,0.5434252484152684,-0.006539070375452427,1.2028509639098215,-0.008725613632222462,-0.006539070375452427,-0.01122196095795136,0.005003010211309333,0.3243179595721265,-0.01122196095795136,-0.01122196095795136,-0.01122196095795136,0.3243179595721265,-0.01122196095795136,-0.01122196095795136,-0.01122196095795136,-0.006539070375452427,-0.006365877335458459,1.2034698077886763,0.3243179595721265,-0.01122196095795136,0.3243179595721265,-0.007200289356874445,-0.006539070375452427,1.1905351158137671,-0.01122196095795136,0.037864483718501596,0.5434252484152684,0.542661478019929,-0.01122196095795136,-0.01122196095795136,0.33767600381298557,0.5495944619234592,-0.006539070375452427,-0.01122196095795136,0.5436541586397237,0.5434252484152684,-0.01122196095795136,0.5434252484152684,-0.01122196095795136,-0.006539070375452427,0.5434252484152684,-0.01122196095795136,0.5435174938841121,0.5434252484152684,1.2217877114205637,0.5434252484152684,-0.01122196095795136,-0.01122196095795136,-0.01122196095795136,0.5503697194476469,-0.006539070375452427,0.5434252484152684,-0.01122196095795136,-0.01122196095795136,0.5434252484152684,-0.01122196095795136,-0.01122196095795136,-0.01122196095795136,0.5597823033935985,-0.006539070375452427,-0.01122196095795136,0.5503697194476469,1.2217877114205637,-0.006539070375452427,0.5503697194476469,0.5434252484152684,-0.01122196095795136,-0.006539070375452427,0.5503697194476469,0.5434252484152684,-0.01122196095795136,0.5434252484152684,0.5434252484152684,-0.011094606412222152,-0.01122196095795136,0.5624041732427187,-0.006539070375452427,-0.01122196095795136,0.5434252484152684,-0.01122196095795136,0.5503697194476469,0.5503697194476469,-0.01122196095795136,-0.006539070375452427,0.31700709205352406,-0.01122196095795136,-0.006539070375452427,-0.006539070375452427,-0.007185128993908552,0.5681960871305927,0.5615707366635025,-0.006539070375452427,-0.01122196095795136,1.2034698077886763,0.5624041732427187,-0.006539070375452427,-0.007200289356874445,0.004983036569115584,1.2034698077886763,0.5434252484152684,0.5458622325658642,-0.006523889025447538,1.2034698077886763,0.5503697194476469,0.5494927972903847,-0.006539070375452427,0.5434252484152684,0.5423318297807618,0.37307339747793067,1.1905351158137671,-0.01122196095795136,0.33767600381298557,-0.01122196095795136,0.5434252484152684,-0.07765994171067436,-0.01122196095795136,-0.0052341206940006435,0.5503697194476469,-0.08634121260463468,-0.006539070375452427,0.5434252484152684,-0.01122196095795136,-0.01122196095795136,0.5434252484152684,0.5434252484152684,-0.01122196095795136,0.31700709205352406,-0.01122196095795136,0.5433291539488765,-0.06339471513032369,-0.01122196095795136,-0.006539070375452427,-0.01122196095795136,0.5503697194476469,-0.01122196095795136,-0.007822943718598596,0.5434252484152684,0.5434252484152684,0.31700709205352406,-0.01122196095795136,-0.005578559653049764,-0.006523889025447538,0.5503697194476469,-0.01122196095795136,0.5434252484152684,0.5503697194476469,1.1905351158137671,-0.01122196095795136,-0.01122196095795136,0.5434252484152684,-0.01122196095795136,-0.006360764369479965,0.5503697194476469,1.2034698077886763,-0.006539070375452427,0.3243179595721265,0.5503697194476469,-0.006539070375452427,-0.05878387305390287,-0.01122196095795136,-0.022518037961328896,0.5434252484152684,-0.006022531193276892,1.1905351158137671,-0.01122196095795136,0.5451310690245073,0.5434252484152684,0.5503697194476469,0.550889927360009,-0.007200289356874445,1.2034698077886763,-0.01122196095795136,0.5665269968267466,0.5434252484152684,-0.0008599850707813328,-0.01122196095795136,0.004983036569115584,-0.01122196095795136,0.5434252484152684,-0.01122196095795136,0.5434252484152684,-0.01122196095795136,1.2034698077886763,-0.006539070375452427,-0.00405480207155362,0.5434252484152684,-0.01122196095795136,-0.006539070375452427,-0.01122196095795136,0.33767600381298557,-0.011028769753087753,0.5434252484152684,0.5434252484152684,-0.011065143652468024,-0.01187544030865828,1.1905351158137671,-0.016018733012547526,0.5503697194476469,-0.006539070375452427,0.5442834298455372,-0.006539070375452427,-0.01122196095795136,-0.006539070375452427,-0.01122196095795136,0.5508054384359677,0.5473794799202709,-0.01122196095795136,-0.01122196095795136,-0.01122196095795136,-0.006539070375452427,0.33767600381298557,-0.01122196095795136,0.5503697194476469,-0.011028769753087753,1.2034698077886763,0.648115169926633,0.5434252484152684,1.2034698077886763,0.5685470853603236,-0.011177364615190699,-0.01122196095795136,-0.006539070375452427,0.5434252484152684,-0.01122196095795136,-0.01122196095795136,0.5615882852541212,0.542661478019929,0.5495944619234592,0.5503697194476469,-0.01122196095795136,0.5495944619234592,0.5496947449738052,0.5503697194476469,-0.006539070375452427,1.2034698077886763,0.545223447391181,-0.01122196095795136,1.2034698077886763,-0.01122196095795136,-0.01122196095795136,0.5503697194476469,0.0042348330605255224,0.3243179595721265,0.5503697194476469,0.5503697194476469,0.31700709205352406,0.31700709205352406,0.5434252484152684,-0.006539070375452427,-0.006539070375452427,-0.01122196095795136,0.5503697194476469,0.5434252484152684,0.5434252484152684,0.5504701371654452,0.5503697194476469,-0.01122196095795136,-0.006539070375452427,0.5503697194476469,0.5503697194476469,0.5503697194476469,-0.05927269704165172,-0.006539070375452427,-0.0066125609634226645,0.551966391507136,-0.01122196095795136,0.5503989692159887,0.31700709205352406,0.5442834298455372,0.5434252484152684,-0.011028769753087753,-0.006539070375452427,-0.01122196095795136,-0.01122196095795136,0.5434252484152684,-0.01122196095795136,-0.006539070375452427,-0.006461962516482123,0.5434252484152684,-0.006539070375452427,-0.011025696092631376,0.0032296153477795464,-0.01122196095795136,0.5503697194476469,-0.007200289356874445,-0.01122196095795136
chr1:149886682:149886683:NM_003528:HIST2H2BE,0.35124838915298773,0.1723430473964761,0.00407470488258227,0.3690497632099161,0.0022738281395205395,0.17232772561134663,0.05457234362752883,0.0014233553471543758,0.1631689807069696,0.0022752101725985185,0.002562262853966546,0.003699872326942577,0.003306764946452434,0.06218941646946019,0.22676070828820738,0.0014233553471543758,0.3730617992406914,0.170596875861735,0.00407804858060884,0.0022738281395205395,0.07116892851821871,0.002323003279687652,0.0014233553471543758,0.36914528426464766,0.3566395167671231,0.0022738281395205395,0.2974131416732782,0.0014233553471543758,0.00407470488258227,0.1976972304036368,0.005974171972856157,0.3809892522297069,0.00407470488258227,0.1610969568472007,0.06218941646946019,0.4266281450401273,0.0022738281395205395,0.16993676298306448,0.004022013029112037,0.05477093741725009,0.2486824289099105,2.1204152216593135,0.29881420520430463,0.5849491071112496,0.23038786882466006,0.4278249071606355,0.00407470488258227,0.19666027204584535,0.008235855343197707,0.0014233553471543758,0.0037476547288095574,0.0176555872375877,0.0043634580657831434,0.00407470488258227,0.1763690276759346,0.0022738281395205395,0.3934199544683881,0.24952683440593149,0.2953404071112067,0.002190472867432902,0.16347284414039154,0.0014233553471543758,0.0014233553471543758,0.3521032701891149,0.06295494556209125,0.16669532888361832,0.0014233553471543758,0.1610969568472007,0.0014233553471543758,0.0014233553471543758,0.001632019661554518,0.300648596656964,0.24952683440593149,0.0014236750962008937,0.0022738281395205395,0.054638760095850225,0.2670822673128266,0.0025615959704213265,0.23593786113174336,0.0068907682570005235,0.0014233447712150293,0.5835318789190912,0.05531802161014371,0.06564247861097211,0.003990900224652094,0.1821399146421377,0.0024558167691595134,0.11295200726845883,0.0022738281395205395,0.45041626655490485,0.006200663092177761,0.003990900224652094,0.05457234362752883,0.05457234362752883,0.0014233553471543758,0.05559875330623515,0.014061641086531185,0.06298579057928999,0.0014233553471543758,0.05465614349652331,0.0022738281395205395,0.0022738281395205395,0.25546842976627465,0.0563198210530364,0.23301473618288854,0.23403172920686865,0.2565443888658875,0.43217620752663866,0.44285944828979484,0.00407470488258227,0.2741285893004513,0.07253924106528192,0.06032086761136718,0.004134521341097874,0.6725380639703199,0.4406798565454664,0.06295494556209125,0.6661763970954112,0.4224051869662491,0.014502560763755334,0.23222941607070924,0.1763690276759346,0.01870145742251189,0.002504977266131858,0.0014233553471543758,0.2457132943753978,0.1966581016608912,0.01312300658322263,0.0029655496226537736,0.0022738281395205395,0.45000330884698747,0.6615502059401316,0.0017421565781017279,0.0014724867224716887,0.006620961431544836,0.3801776348093123,0.3801776348093123,0.23223250042281707,0.30057107276246586,0.013123013607254541,0.06171685841066349,0.644988148489245,0.6656631117821296,0.37209187423446954,0.003990900224652094,0.16108136995272798,0.0022738281395205395,0.379046179945982,0.0014233553471543758,0.3098877562244308,0.2322294581666825,0.16108136995272798,0.05531701680756046,0.0022738281395205395,0.002246247267722379,0.19764655139897597,0.05936581440008637,0.35054369015510617,0.23670543533414623,0.16109585087558215,0.0068917040174980015,0.25549911853935686,0.0022738281395205395,0.009790435403003672,0.0022738281395205395,0.19860411954218193,0.26583407470776077,0.06106381817442058,0.46441372899980615,0.0066421320615696056,0.00511778016607739,0.6771491750238914,0.37047301717243786,0.0014233553471543758,0.06494890490262095,0.16108136995272798,0.16252781458145749,0.17053588640220557,0.30977463581548015,0.44953589381248127,0.005852048142412303,0.6623993179111574,0.6829273624622552,0.4376933175547364,0.2395879561540491,0.0022738281395205395,0.16750506078388488,0.42729304054418604,0.4492415379198772,0.0022738281395205395,0.07140543062033872,0.0022738281395205395,0.0014233553471543758,0.0022738281395205395,0.24215138222583704,0.004006329346900539,0.36121538060190017,0.3046066580870233,0.2043158070641789,0.6783888779258882,0.0594120391647639,0.0022738281395205395,0.368455977788426,0.2928476067483045,0.0017876772139636676,0.05457234362752883,0.2373424944075173,0.0016458154448502071,0.0017675268269410904,0.26123056096702085,0.42436152569609,0.056818240658076224,0.0014861060630147471,0.3806573456608464,0.00407470488258227,0.01312300658322263,0.07142524351099178,0.35054369015510617,0.29583287562294375,0.3011350080780419,0.3705301610154422,0.42329018140943886,0.05553824359015458,0.4275156803109155,0.24577047461376633,0.019968265307557076,0.5688130464138117,0.0017741946410759213,0.0014242905912376091,0.5272057603890087,0.0024558167691595134,0.42964450393169534,0.1755397889273418,0.16200844067044684,0.2974527058530406,0.0014233553471543758,0.174782992654631,0.005852048142412303,0.056120721651055416,0.05457334853048168,0.6902139374564292,0.668079750421714,0.060623188370275194,0.008425765855245182,0.0021578035047638555,0.05941666090560427,0.42327619602812516,0.004123976930606843,0.23586502751667926,0.6926929941630364,0.37052519381470184,0.010149028292635753,0.0014233553471543758,0.01312300658322263,0.357066914109966,0.529480764360975,0.05822541813094401,0.6725169447879971,0.393492429398439,0.00251316766590326,0.00251316766590326,0.0035386969445653227,0.3005390239366922,0.16108136995272798,0.0022738281395205395,0.0033843410666755114,0.25442433896325317,0.6933327001094184,0.689352256468318,0.00999942991066477,0.055459140587109934,0.057433487480452794,0.2621072498180337,0.23052244001663214,0.16356392955719762,0.003390652124220128,0.0022738281395205395,0.23551269959271637,0.2991941433117427,0.06840150237465703,0.43153162768822206,0.05767050736526125,0.37724471848282554,0.0014233447712150293,0.0017876772139636676,0.0014233553471543758,0.002562262853966546,0.0022738281395205395,0.05593258626260933,0.19964251920752257,0.3585486029801612,0.16452205765354116,0.44573643129933516,0.002323003279687652,0.1992725836200937,0.369529664230678,0.0014233553471543758,0.6615502059401316,0.2997900320079369,0.0019491445786307682
chr1:154325559:154325560:NM_001005855:ATP8B2,0.13995552189487778,0.19741123631791507,0.02528356340995412,0.2716683912123082,0.0035338452579281587,0.04995026038072739,0.17992152947307005,0.004306928954543668,0.1963777210669473,0.23013957397331983,0.25586363997729006,0.09450476930290751,0.23986657040611542,0.18244997294823787,0.23141041859935835,0.004277982999825999,0.1474649585039779,0.07449268090753651,0.051449903575705405,0.003563143534839594,0.08807175875922399,0.015126396021484259,0.003405053021778251,0.03724938479701603,0.23658153675862692,0.0034343487411780116,0.4308777194906164,0.094473322043799,0.003405053021778251,0.13038428235118607,0.13683573344971783,0.5440428241696439,0.1699531477518259,0.007144057313504301,0.04068023782199447,0.18530630578511093,0.003744413519683479,0.006925189880809646,0.07132713396331843,0.0492748051352995,0.006925189880809646,0.5469180773702985,0.19355141692303118,0.13021894097426295,0.08653549077630635,0.22031841511792188,0.0034264663902098674,0.09461180820884166,0.2329320512773775,0.012555156310053314,0.003668787746528193,0.003405053021778251,0.25586363997729006,0.0035552605774311907,0.23504495514998533,0.0035941848199985416,0.7141157642457185,0.26860379384422667,0.007352830324063753,0.3869601175388089,0.003668787746528193,0.04918054593346559,0.03971262854169026,0.0408488805339004,0.22491020517331226,0.0037125542356918756,0.003405053021778251,0.007144057313504301,0.03971262854169026,0.17858009456671842,0.05244390034098144,0.18187655131959016,0.28028591513606416,0.0034425113357661047,0.003405053021778251,0.18210454252112335,0.007352830324063753,0.11231620700785255,0.13978217181666103,0.23639101534975382,0.23134434510048732,0.0034339868573133314,0.05616316576375954,0.17586791632869644,0.06967281298625229,0.5719354708748416,0.003405053021778251,0.37735831936911796,0.0036155995822364645,0.36676639437167996,0.2885140668176457,0.03698539272042847,0.003405053021778251,0.037116902149068196,0.03701555458260078,0.2691913601478425,0.2501539039956051,0.10382204470347109,0.003485317316585884,0.051954185356615196,0.003744413519683479,0.12759441410302141,0.23709920628135644,0.07487416037268188,0.703113008614737,0.18864502794735152,0.17849320755332695,0.05642504475302826,0.3669418854756948,0.0035552605774311907,0.1362811012514102,0.045788047394729914,0.006925189880809646,0.003405053021778251,0.05626218011934769,0.23396565820659504,0.10391659375403649,0.26860379384422667,0.09995458152563624,0.040639011811799616,0.003405053021778251,0.4308777194906164,0.2360843447170344,0.15968893316821178,0.27091247377913086,0.3093812864812524,0.19582234184009517,0.19582234184009517,0.0034817231896122347,0.0034264663902098674,0.16103961354131502,0.23658153675862692,0.05314367543572299,0.005996404560253785,0.3078431901737097,0.14461418247293234,0.14461418247293234,0.0068034626872812975,0.042332854642308945,0.23141041859935835,0.4355310851615303,0.060788109612483196,0.1364083601339684,0.005935478928123364,0.08645619875587156,0.0034343487411780116,0.04918054593346559,0.040853498314562184,0.003405053021778251,0.07197930668479999,0.16437969013237141,0.4308777194906164,0.007676129032891221,0.13232162540103737,0.2548238867907002,0.19587990438727773,0.22010668360679625,-0.0006605366384921374,0.006795771213954874,0.18958599731694234,0.0035338452579281587,0.03703740854920051,0.0035552605774311907,0.22898922415656423,0.0034264663902098674,0.1302427147973188,0.13418117624934967,0.28781147034027266,0.2738966941836809,0.04060531737662658,0.09847829662513365,0.006992496547302857,0.052596929109879204,0.003405053021778251,0.3181895621402144,0.4308777194906164,0.0061449022268504905,0.0035338452579281587,0.05956897766441538,0.43345331669653475,0.0035338452579281587,0.2738966941836809,0.09692123578909659,0.15656610045789826,0.2873555219902527,0.0036155995822364645,0.0035338452579281587,0.003600227374968637,0.17181188625334692,0.0034264663902098674,0.05126222012850609,0.15971763629239477,0.006795771213954874,0.0035552605774311907,0.24756404968144632,0.05188168358908306,0.006925189880809646,0.35341503325346846,0.3393932124241629,0.6314691402500883,0.059898253669113416,0.003744413519683479,0.0034063766953237318,0.013074840304286212,0.08195815277007937,0.23141041859935835,0.0068218873876262215,0.05328774124537858,0.1599536065153531,0.29943741383979605,0.1603662953815723,0.08847822307882572,0.17629095183381757,0.24271564292904613,0.0037737164786337124,0.23141041859935835,0.05684678987183611,-0.0006605366384921374,0.18217560376590394,0.3854429264305137,0.05565027385642579,0.18481964485633043,0.006954575960079493,0.09830688566804237,0.2961714587309057,0.003405053021778251,0.003405053021778251,0.04744440115277514,0.04686939312587554,0.3396456430950644,0.003405053021778251,0.007115030901067632,0.0035338452579281587,0.24587708236232164,0.05195831778779343,0.004125481104201342,0.1895397892740364,0.013001820425630722,0.051954185356615196,0.4788808614129906,0.20003949416926117,0.352973735937542,0.07938576701066268,0.08757800840680763,0.09467547227414805,0.1057014754559352,0.5026856081044595,0.0034264663902098674,0.006925189880809646,0.7266204203945026,0.05195831778779343,0.048485568738090026,0.04245264888857467,0.0035338452579281587,0.007144057313504301,0.40882715885216325,0.04656222547219721,0.006987724452689359,0.5136967990232215,0.07747772522360892,0.07747772522360892,0.08847822307882572,0.1590089252239006,0.006925189880809646,0.0034554010136234464,0.007331090452721928,0.003618453794486984,0.6305482255246829,0.6333827653428872,0.006925189880809646,0.051965510738132034,0.08281484462022175,0.012654969530910817,0.40003156644914445,0.3070232461580974,0.005540149132706479,0.0036155995822364645,0.09315961974534259,0.3855681556276762,0.047561494127473194,0.2172504368136412,0.28257678016664567,0.10426582439428284,0.006795771213954874,0.10107319036222631,0.03698539272042847,0.011642288188032063,0.0036155995822364645,0.03355000424870157,0.053709391039637885,0.16433997598072758,0.015304593432516916,0.04065780124651529,0.18199151300568311,0.09594317912029439,0.05204017715804467,0.03701555458260078,0.07938576701066268,0.08545219955634137,0.003405053021778251
chr1:155192915:155192916:NM_001044391:MUC1,0.2876207919150618,0.052722683058029296,0.014628494683076587,0.6148092824964932,-0.003983923625699215,0.2734551376374318,0.00966942351196276,0.012448914701121083,0.3423994993522343,0.018111713514068595,0.04945187848720001,0.4808230337695826,0.013895188643362477,0.2944258124637426,0.28733373917917715,0.01199775638498557,0.6157741669581086,0.27853980354520524,0.01881487106219093,0.011763050048939128,-0.00169267264479378,0.24960326600647312,0.00966942351196276,0.3392189993418008,0.15504977286418198,0.012529139406019851,0.2084097729331485,0.012531266787297879,0.00966942351196276,0.14854462800879692,0.3207244402794751,0.6142254321861845,0.014628494683076587,-0.0019007193731548355,0.2863881846780686,0.6139135902645555,0.00966942351196276,0.3590045034038531,0.009995795156419907,0.28385559351956435,0.5952549110800818,0.7678615180695277,0.23380375713278015,0.012448914701121083,0.3102564829032574,0.061155960541770915,-0.003983923625699215,0.24705508821055555,0.46583517234180194,0.3501206480332302,0.2514250514772477,0.2858996587887574,0.04988703275954637,0.012293795743168856,0.5691479570492093,-0.003983923625699215,0.8654658579648132,0.4709814952585597,0.40942423006110407,0.4856647341823257,0.361657046158239,-0.0018914277157016657,0.1110760275300286,0.06579156696841643,0.23686430666216987,0.019562340863791272,0.0436872991333373,-0.0008642600114303067,0.08666865578223232,0.00966942351196276,0.2289360558008114,0.017351117704930696,0.41742912834673757,-0.0024899675007690747,-0.0016652663505216658,0.3264596444226153,0.4117683493330741,0.013829307988632689,0.702073286060144,0.15504977286418198,0.21226307662065783,-0.0016817286040716195,0.3495744598953647,0.643975399895213,0.03447223183067599,0.8203045556279615,0.18830543932809707,0.192446725821738,-0.003983923625699215,0.5278305521563464,0.06749285107423264,0.010342389958796994,-0.0007365150688606881,0.04429681798764612,0.07712342537414973,0.5829897580020269,0.25026141319729384,0.9374908256021132,0.032883250867391633,0.22537716955159368,0.01409654599401089,0.0345402344436751,0.30731903376886116,0.3877551161501095,0.6387685303472247,0.32925784381226453,0.3191473506053232,0.609835403145452,0.5281886163130247,0.00966942351196276,0.5412993185295809,0.028711588346455208,0.6511207492603436,0.032942285838372165,0.3480798832147677,0.2711197300358703,0.3957667299142268,0.2788344364273776,0.28112277425349896,0.06368578892563476,0.28199978282527516,0.2753366294751488,0.0180427491511837,0.05232221613684346,0.010065304117794327,0.4698437197969032,0.030999226983996375,0.2253997279399746,0.29544148120268315,-0.0019188392163784762,0.3010451893816883,0.5952549110800818,0.23754442889596367,0.00042729290014059673,0.47144229642597474,0.26348568912278353,0.26348568912278353,0.06458537337607573,0.128937065792756,0.2869234944817442,0.3389882516048831,0.4014324568463419,0.3897274461746193,0.020533502694443484,0.16963994501562019,-0.003539871349747814,0.012293795743168856,0.2918727166424123,-0.003983923625699215,0.3545980644725847,0.020062133343087374,0.586002820083207,0.2684246869773529,0.013051896126889173,0.08523608041210867,0.23015548401951497,0.028014516043216864,0.07099753316634888,0.31642322836948156,0.24420052608420598,0.2356390879466056,0.35287839520351094,0.010199606359424018,0.3824080874128081,-0.003983923625699215,0.29481538524311335,0.38688390265537054,0.18252143049402086,0.6683548840699441,0.43909862285372914,0.26514375832765524,0.17517614917818064,0.03470943330569415,-0.0036766378484692774,0.33091571012425325,0.586002820083207,-0.001977677666486821,0.35554172895697955,0.16129525055066246,0.4266562063178039,-0.0016003693166622979,0.5952549110800818,0.5630491313275026,0.6572474483481586,0.4251150604895013,0.00966942351196276,0.008142358151826623,0.33313674285953737,0.1465756427476918,-0.003983923625699215,0.22500504928779105,-0.003588811061040975,-0.003956559416421868,0.00966942351196276,0.11317349447759484,0.0348260009104559,0.3369249664577622,0.2777122385581484,0.4737401591569258,0.7279334027135282,0.3398412616586993,0.01199775638498557,-0.003891812583540266,0.4514573197248175,0.007837036206669812,0.28682282940775217,0.06904557480788359,0.28688570250346446,0.017587912306993747,0.38819758236682256,0.061240368672657364,0.11605093724423732,0.2525244978556167,0.3498786339201547,0.011763050048939128,0.26518903664004306,0.0315367899820615,0.07099753316634888,0.5680252296143329,0.48501028630325155,0.03579685679010597,0.10425525323909957,0.09444593609897212,0.6823561233246471,0.46972607011629547,0.2879093013676082,-0.0006711335213884784,0.005874031472563324,0.2871748564297445,0.7596608979832186,-0.0031456014677094246,0.6028077334039642,-0.003983923625699215,0.5176283356061173,0.2558242077699631,0.2462743774378761,0.43395063674493783,0.23026276678819665,-0.003983923625699215,0.24825509517605956,0.605202560087295,0.6139936754767504,0.05520869463901168,0.010088823061912666,0.3781709484414625,0.3388274591770599,0.4523109551799145,-0.003983923625699215,0.05520869463901168,0.5642164715099147,-0.001171342068942982,0.18738487555690453,0.02973965519953864,0.2656951122854,0.13943468674642429,0.45606952412855906,0.33543345146345815,0.614268375809571,0.6229761840026896,0.24355257234177752,0.24355257234177752,0.11374098351668815,0.32243779993861277,0.0315367899820615,-0.003983923625699215,0.13351820371817535,0.0009459422325290845,0.6068542357946746,0.8145393286457406,0.07520109682454035,0.25706168197697965,0.03078639475335765,0.36606237980692213,0.2839929566874463,0.5442922569684362,-0.003120634387773935,-0.00169267264479378,0.20412291804301558,0.4673017516356871,-0.003900735055815563,0.07265319653913344,0.3193961549312928,0.35309793943654477,-0.0016786730477796885,0.02202668390982454,0.009751485001708915,0.27616801969368654,0.00966942351196276,0.08181732881364384,0.33190886973566774,0.048717780246884945,0.007642504440086462,0.699655975750424,0.058287936458516876,0.24423493561420795,0.2653736877736356,0.07959155327841672,0.6272932401711558,0.5945942251642556,-0.003983923625699215
chr1:180632009:180632010:NM_004736:XPR1,-0.0015491503768270687,0.08001599986978172,0.0013189967563071447,0.6060240029947128,0.004056880336571256,0.21112074433917197,0.008667440010560634,0.0012677947791682742,0.037265635702073724,0.05894406841332375,-0.00078918946293699,0.01655022154507188,0.0013187482457939215,0.003617555284940538,0.6060240029947128,0.002975771973358743,0.6060607692638305,0.24651827720755512,0.058242357272303535,0.0015640573232012234,0.057563492760079715,0.0031992458935121704,0.001095609652886076,0.17359701811637923,0.6060240029947128,0.0013197169740263859,0.6060501890063141,0.0021199977673059256,0.0013197169740263859,0.006527218148313557,0.3424608965685831,0.8159088249538899,0.0015647777384209527,0.03120736879794403,0.004452473932354706,0.661434347179849,0.009657432231738067,0.6060240029947128,0.01151410806667666,0.6435488263257654,0.6060240029947128,0.7074118247622763,-0.0010713045847498548,0.005507081446728235,0.1311517628956432,0.6272373843810153,0.004452473932354706,0.003371244017515068,0.036695682849083394,0.0009238540648016103,0.10180188347975805,0.6060240029947128,-0.00078918946293699,0.012736099216478003,0.6060240029947128,0.0011688650325493155,0.6687846807863402,0.6060240029947128,0.34669685855904847,0.7074118247622763,0.2499326748265564,0.05429545825463544,0.1686795287491899,0.07310093090870351,0.008698851661919638,0.6060246469899795,0.0009238540648016103,0.03133498031619811,0.15685949855519427,0.0010849131312768434,0.036695682849083394,0.0011688650325493155,0.6060240029947128,0.0012656324020899057,0.1531102598404587,0.0010147129817338618,0.34669685855904847,0.019792442018392448,0.0010423017601234041,0.6060240029947128,0.6060240029947128,0.01857526799855458,0.6082401000426273,0.6063084911051038,0.0071273473169619905,0.6060498614792392,0.6060240029947128,0.12857298194002645,0.01296010091507338,0.0070285534305535025,0.08605669919441081,0.00092482192817267,0.6060240029947128,0.6072511877443743,0.15685949855519427,0.6071130570571954,0.05828613602087099,0.6100613946741611,0.002335507950951221,0.0011071192260951601,0.01920619042646482,-0.0018781842675336669,0.07778244011296306,0.5942306639401147,0.6060236755155377,0.10522154579902915,0.006043002808160808,0.6060269138867784,0.0070285534305535025,0.01296010091507338,0.6060240029947128,0.008374963569360155,0.6060240029947128,0.6060240029947128,0.6176843853351474,0.05901039190083329,0.15080090741348065,0.6060240029947128,0.0010798572363353576,0.045617010702055955,0.0009238540648016103,0.6060240029947128,0.07035325336112777,0.6060240029947128,0.0010849131312768434,0.12793446515835444,0.0009238540648016103,0.6060240029947128,0.14842634310701125,0.0009238540648016103,0.6555323029623782,0.6060240029947128,0.23956849696268273,0.002496783377089945,0.1483179352360862,0.0009238540648016103,0.0009238540648016103,0.6120895420814605,0.17380014111219436,0.6060240029947128,0.8155911049531115,0.6833364120967726,0.6019078963626501,0.7786117527490881,0.025212692397330788,0.004056880336571256,0.0025807393128500222,-0.007387520489467558,0.0009238540648016103,0.057664543319821376,0.6060236755155377,0.0009238540648016103,-0.0016099311655688453,0.03215973069505504,0.015498298453277937,0.07554618444284597,0.0009238540648016103,0.6060240029947128,0.6060240029947128,0.6097044015226839,0.6060240029947128,0.0009238540648016103,0.012736099216478003,0.1483179352360862,0.014615386913097161,0.0009238540648016103,0.6174979634077727,0.153393506097874,0.6060269138867784,0.6060240029947128,0.0013423614817930918,0.00699782440642735,0.26591984300944227,0.0009238540648016103,0.6211970318893405,0.0009238540648016103,0.2618600822506413,0.6060240029947128,0.05266339119695099,0.6056309567024307,0.0009238540648016103,0.7074118247622763,0.7077300645834075,0.002547378270946199,0.6060240029947128,0.011472202904399986,0.6060240029947128,0.602742384649948,0.1196824021900681,0.012563459471597038,0.006955656967319784,0.000950810456229717,0.6060240029947128,0.012563459471597038,0.6128063880890369,0.007797847086460641,0.6060240029947128,0.06506915122169776,0.6530148533660772,0.6060240029947128,0.14843460106078046,0.017554192652669637,0.0009238540648016103,0.1642380052786572,0.12453633358461841,0.6060240029947128,0.6197278473564625,0.2329368128324501,0.02051185526579824,-0.0006248630382867937,0.607784369411339,0.20135448182691584,0.002498767427380061,0.6060269138867784,0.013206486729260003,0.6060240029947128,0.0083776246730847,0.6060240029947128,0.017522329818562138,0.6060240029947128,0.7094810797807607,0.001329947499946943,0.056694093272066426,0.2244201663125768,0.12885562902627376,0.6060240029947128,0.6060240029947128,0.12484764462148201,0.018243512520333793,0.2833383260286997,0.6060240029947128,0.6060240029947128,0.6060240029947128,0.6257189175786937,0.0227070150729351,0.0013187482457939215,0.6946053101753138,0.007779863292150663,0.0227070150729351,0.6060240029947128,0.6060240029947128,0.7074199347962016,0.6060240029947128,0.007797847086460641,0.6060240029947128,0.0009238540648016103,0.6280903277844874,0.012563459471597038,0.6060240029947128,0.6098726423615412,0.02588025926094581,0.6141615470330094,0.034391971735786564,0.6060468381151703,0.6503740676274872,0.2657693608988193,0.001095609652886076,0.6060240029947128,0.7074118247622763,0.14372746115317195,0.14372746115317195,0.16188970496189306,0.059111120360149844,0.6077145771697716,0.009411501903446834,-0.00248251616730108,0.6060270701437278,0.6055347998973869,1.0421655226139952,0.6060249779945097,0.009067363486051083,0.016661727236319285,0.10342907655455666,0.6060240029947128,0.03125873470089313,0.2759375857932912,0.009411501903446834,0.049640550517549786,0.6060240029947128,0.011550900511489937,0.6381627645516417,0.05411892381085978,0.6060636802682793,0.0009238540648016103,0.12453633358461841,0.6064847311208073,0.0009238540648016103,0.017778982505607027,0.1599968558351101,0.005015976019956986,0.06647423559878274,0.003122314052508207,0.6060240029947128,0.010248039063218944,-0.007584493681346616,0.001086892187815519,0.03883570610237211,0.6060240029947128,0.6060240029947128,0.0009238540648016103
chr1:183023459:183023460:NM_002293:LAMC1,0.35417627482118663,0.25350907695234437,0.13843871430311688,0.12445954956150707,0.16712472717172466,0.25568410203879094,0.12812477606588668,0.12768653539928754,0.13148460665592648,0.3499328950938939,0.49363341155328133,0.2263240393075296,0.5584242831879832,0.5178722429506957,0.05060522889075009,0.22064681071208603,0.12543298450562568,0.5139121245113587,0.5207615225667039,0.13415751351113747,0.12440308482037793,0.1594603854886652,0.15928328374158246,0.111150063820532,0.18795272116560952,0.1340525246728992,0.05060522889075009,0.15982307924062472,0.12384892290352678,0.3973258505538961,0.06433849946653308,0.18529233667584194,0.37377526693865554,0.14877233351185798,0.35175099434451185,0.15209053109830445,0.12007930004767581,0.18795272116560952,0.0700793900323134,0.09415253924368938,0.06805987670320102,0.06805987670320102,0.48345490025239485,0.10818862082655684,0.5230936177232333,0.05410771197213571,0.12007930004767581,0.39348883677790686,0.21063326776502395,0.05350015193818014,0.13110034257248582,0.3524483239468986,0.4843779732620741,0.13069911616192326,0.4673740622325933,0.1340525246728992,0.053967887105154155,0.06805655258747834,0.35479480963032484,0.06805987670320102,0.25265400108316566,0.15530867341171312,0.08576661147961095,0.16953769176480887,0.5072384196559997,0.34485553580807454,0.05060522889075009,0.04464105630061288,0.0860175278820911,0.16113349518113956,0.0007942643333146981,0.14052664837261863,0.06805655258747834,0.0011970740719235984,0.1593667730128711,0.13295688902094988,0.35479480963032484,0.09198628916818385,0.0482455748966486,0.05060522889075009,0.05060522889075009,0.1600110401368846,0.12440045771413605,0.0676420891306241,0.0685410869274678,0.05060177038940872,0.0011843695341369198,0.07635684334671738,0.12007930004767581,0.0516051219314792,0.13524870194326694,0.0046714863314301636,0.3194009445636161,0.05060522889075009,0.4308104053687639,0.06814063639152942,0.12378893910448391,0.6319139534390146,0.0014246175384494686,0.003956805074732117,0.12022832501930475,0.5025204082687429,0.02048075418155415,0.12521422515576314,0.06801688602133654,0.5553438926261003,0.18857527598460172,0.5223516114857171,0.05170560134430202,0.12007930004767581,0.05177277248169193,0.12438855356669365,0.12436135215317046,0.18796363942258293,0.3526287934854871,0.0025682252896314095,0.49927594653643326,0.322536039105639,0.23953344324236736,0.0240543463964471,0.05060522889075009,0.06803609604989197,0.3978476126398811,0.0012621074440812285,0.2803051218651881,0.523964026138203,0.0011811305035138164,0.06805987670320102,0.19213623769534843,0.12007930004767581,0.06271775230262339,0.12436135215317046,0.029975790679019232,0.19112071994948332,0.06805987670320102,0.18796145900161448,0.18796145900161448,0.4692856361473979,0.2844766145302597,0.05060522889075009,0.41794515445493885,0.6123225744993708,0.35054527100936034,0.06596857199606293,0.10782462969462248,0.15979033195444403,0.12006967725668183,0.39933899335693906,0.008902027981301963,0.5024688496300191,0.05060522889075009,0.05060477865675289,0.1633533158805726,0.02973582902492683,0.00610437004805453,0.00215075823431804,0.0550950574408578,0.0022825186993761792,0.3524412111618244,0.0011843695341369198,0.18804985799264617,0.0011843695341369198,0.12027888597077219,0.051243411672756645,0.12007930004767581,0.05060522889075009,0.07509502073620533,0.4934244065578181,0.46739598800587734,0.004003452261504337,0.352511366034078,0.5128071992315518,0.12612390938367063,0.0011843695341369198,0.037088866260374165,0.06805655258747834,0.06889804058041793,0.05060522889075009,0.24431051158093664,0.31951805407653366,0.18795272116560952,0.06805987670320102,0.2312191447931377,0.0037092968115888247,0.18813984174152187,0.12007930004767581,0.31941221818682985,0.3529796090064674,0.014745541363840764,0.13053218447195092,0.12442765977211195,0.05633616003241676,0.0011843695341369198,0.12007930004767581,0.050702745292386664,0.0254404267169015,0.12436135215317046,0.12746559233139182,0.18860184783026435,0.0516148051253123,0.3776264321703154,0.12007930004767581,0.18807297343473595,0.340499357574036,0.04030132641673756,0.05060522889075009,0.4699871360868184,0.0871261745074533,0.05414052206091613,0.46425673673286194,0.05856707279817924,0.3011923785298164,0.19117123879031317,0.05662335653930567,0.12022832501930475,0.0011843695341369198,0.135026318155882,0.0022825186993761792,0.5771213432211285,0.053967887105154155,0.15065268980512442,0.3451298016579172,0.12770342754163516,0.24009586393668192,0.5022743942331349,0.3524412111618244,0.1557305021835383,0.04030132641673756,0.004968739643718967,0.5140300010605359,0.18795294132407614,0.12436135215317046,0.06805987670320102,0.266064770986051,0.08365261383562461,0.004479111852544848,0.16005089108572002,0.12308195958841367,0.0026454194087548455,0.0680343259114837,0.4673951531493711,0.06169782714945521,0.05062108743798266,0.025245188366311955,0.1351950547575932,0.23953344324236736,0.06904260506481527,0.12007930004767581,0.05062108743798266,0.07641816103416682,0.09625447889073385,0.06541492626247697,0.001229508910403132,0.05060477865675289,0.039196083195389864,0.057372908651996846,0.1952166919897989,0.05060522889075009,0.020203855690605232,0.0011843695341369198,0.0011843695341369198,0.10597328248852189,0.2880838953389184,0.0011843695341369198,0.12007930004767581,0.1073764522047102,0.05060522889075009,0.06805598261528117,0.3973505855859082,0.0007942643333146981,0.001240562080760843,0.36588610686249157,0.34453931699739676,0.07121932293521835,0.04393040750185234,0.11640354974791162,0.1200766405342123,0.1264738494540284,0.054220830897133254,0.001308373465105761,0.059885605222863236,0.12341047211624534,0.060331102100410455,0.05060522889075009,0.16058140378400065,0.15617653226296052,0.4763174700595555,0.13064002923207568,0.13238395095755517,0.0011925405760272456,0.12803884921245245,0.016636711385367653,0.05114474444544165,0.1310176077757596,0.0311096468382579,0.06501904109014639,0.08811147457343677,0.05062108743798266,0.18829928665883605,0.13152918583031759
chr1:198156977:198156978:NM_133494:NEK7,0.2451361247087071,0.2661404585556281,0.20045360614344265,0.013843759960938395,0.20137620234071196,0.24041418306480222,0.005045781696329132,0.0015946405062464142,0.2263526670357614,0.20549598153075938,0.2128503594905793,0.00039125252857730164,0.19409164682224994,0.40104588610671704,0.19859972332432138,0.001715978030510601,0.00837847429801103,0.1308074733184848,0.006586572632401921,-0.0033289308597161393,0.03300901105322401,0.20612528986179512,0.1958641024980629,0.12057483406262776,0.5761871956874277,-0.0029876216302548997,0.19859972332432138,0.1958641024980629,-0.0033289308597161393,0.08724926856908621,0.011721310493416182,0.2445254908634893,0.2027656955182393,0.09080919024863765,0.3559739528200192,0.21412956470078132,-0.0033289308597161393,0.19859972332432138,0.024806480780018014,0.3592340977550969,0.19859972332432138,0.20097865236898635,0.4014365815612082,-0.003320027069119158,0.2605875867355266,0.21743639154798552,-0.0033289308597161393,0.106151655787735,0.0019687103868420985,0.28886025958484024,0.10257530942074994,0.5761874412697865,0.21333583770424036,-0.0033289308597161393,0.19859972332432138,-0.0033289308597161393,0.19861409446310466,-0.0033289308597161393,0.009700285920677176,0.19859972332432138,0.14671890962848577,-0.0033289308597161393,-0.0017779720405061705,0.14638977782250284,0.4888255948564266,0.590818703062675,0.19859972332432138,0.08728351277090668,-0.0017779720405061705,0.12007245623343787,-0.002797015376258205,0.21018041922111513,0.19859972332432138,0.2773370614251967,0.005160375766158853,0.02943778335753927,0.009700285920677176,0.039214938437030056,0.007430896771630391,0.19859972332432138,0.19859972332432138,0.023946422465055628,0.013843759960938395,0.20099057549860735,-0.0009832833006017117,0.19859972332432138,-0.0033289308597161393,0.38480696493106087,-0.0033289308597161393,0.1989758202834745,0.04737865922533108,-0.0025263281726188302,-0.0033289308597161393,-0.0033289308597161393,0.2773373544063642,-0.0034486475275699036,0.27734849192430433,0.3287635281862508,-0.0033289308597161393,0.2773370614251967,-0.0033289308597161393,0.16769698764928526,0.01819557272259742,0.005507670263142028,0.20037870196695684,0.4159909078035724,0.21273878990695502,0.2342479213781285,0.2777738270147477,-0.0033289308597161393,0.19831477136547923,0.030905897695049367,0.20097865236898635,-0.003327346620842664,0.31561237878460624,0.005979973927101423,0.2613739046753574,0.20097865236898635,-0.0033289308597161393,0.25579155590128416,0.19859972332432138,0.19859972332432138,0.24931463477195215,-0.0033289308597161393,0.12144272496310499,0.2687628081793131,-0.0033289308597161393,-0.0033289308597161393,-0.007026050314496879,-0.0033289308597161393,0.21716374671582256,0.3154379169058372,0.04063444529893012,-0.0032988089808204113,0.3154379169058372,0.19859972332432138,0.19859972332432138,0.19928832583388312,-0.0032601247170656045,-0.0033289308597161393,0.21208326068389285,0.20864637327587665,0.6972060028358926,-0.011459261728636594,0.011636878216049806,0.27776055072844014,-0.0033289308597161393,0.20048580713943454,-0.0033289308597161393,0.19643230593886846,0.19859972332432138,0.19859972332432138,0.11739957432298986,-0.0025163803883659353,-0.01053057759333681,0.007552701384297145,-0.0033154227732952735,-0.00332748406865524,0.19859958960543828,0.19859972332432138,0.19859972332432138,0.20982735795008986,-0.0033289308597161393,0.3154379169058372,-0.0033289308597161393,0.19859972332432138,0.22461550533907867,0.4535571299824029,0.19859972332432138,-0.0033289308597161393,0.0011799474045707248,0.05457212463559541,0.28410956223180794,-0.0033289308597161393,0.05255766075035745,0.19859972332432138,0.0027006923652685977,0.19859972332432138,0.04586435921052762,0.6344934124148144,0.19859972332432138,0.20097865236898635,0.211568155317494,0.005093548626544486,0.19859972332432138,-0.0033289308597161393,-0.0033289308597161393,0.3149080510668968,-2.9746360619975487e-05,-0.0033289308597161393,0.03300901105322401,-0.0033289308597161393,-0.0033289308597161393,-0.0033289308597161393,0.19861025953125247,0.011113194473338806,0.6406274483486578,0.031216138698726303,0.28742732158287604,0.19861409446310466,0.25823322424008,-0.0033289308597161393,0.005160615770072707,0.010483064531200625,0.04186514230564142,0.19859972332432138,0.2013210757097923,0.0013478842614341735,0.19862637813413453,0.29926530599940243,0.21824498639628082,0.0027039592010048574,0.0013094466994521547,0.19215433026250842,-0.0033289308597161393,0.19859972332432138,-0.0015619869151834442,-0.00332748406865524,0.35057769697977925,0.32648329998197506,0.4121066179906758,0.2198072018459642,0.007450794303157815,0.007446762217302505,0.40829446037966893,-0.003328605561762399,0.013843759960938395,0.041786369802932044,0.21374784502022084,0.34868406435597277,-0.0033289308597161393,0.21159301333363084,0.19859972332432138,0.4576407436395974,0.34721400281488,-0.0033289308597161393,0.08390503217120937,-0.0033289308597161393,0.22406350045280546,0.20064326972590824,0.20097865236898635,0.6271534481916267,0.20097865236898635,0.006065656429460109,0.3154379169058372,-0.0033289308597161393,0.31741036239106774,-0.0033289308597161393,0.20097865236898635,0.1903548024772589,0.30519297636962894,-0.002203196434343857,0.025945409047153922,0.19859972332432138,0.5989188010022453,0.34857775913458694,0.20739331089214602,0.20097865236898635,0.2788971386824266,0.023601147787445487,0.023601147787445487,-0.0005177092030776986,0.45478193684066787,0.19859972332432138,-0.0033289308597161393,-0.0032066163282484794,0.19859972332432138,0.20097865236898635,0.9089221215514284,-0.0009275649050722867,0.27737207073224407,0.20045360614344265,0.0171908894932159,0.6271534481916267,-0.0006661360515161641,0.27741055227535155,-0.0033289308597161393,0.24515022240938494,0.19861409446310466,-0.0027588235734512523,0.2171978540085467,0.0036519974915372733,-0.006054015502354626,0.19859972332432138,0.041786369802932044,-0.0033289308597161393,0.13874765639703757,-0.0033289308597161393,0.12118441410157121,0.08601311473066264,0.0538696622672129,0.005970222125144087,0.19860001506081723,0.030128901358833116,0.21097922693648347,0.5762153383330973,0.2791702913463406,0.20097865236898635,0.08601143040047265,-0.0033289308597161393
chr1:203351429:203351430:NM_002023:FMOD,0.0009819469776310152,0.10131319622675344,0.023848765674895772,0.18929768376864914,0.10825561604609163,0.17371128057140134,0.008830435544705806,0.0026453325658635785,0.11744677198083772,0.10722780618313377,0.025965399341899453,0.2717503095006553,-0.007255949288130864,0.10835919328130258,0.17193224512677485,0.002632201214227553,0.18929768376864914,0.30575199189618535,0.1704046128742664,0.0012849165375757865,0.010600026670942592,-0.013642854103800034,0.004721909368196525,0.04541916634074619,0.023712620362853987,0.023712620362853987,0.0012849165375757865,0.004809355125304393,0.023712620362853987,0.04856268381359252,0.2644086005990217,0.19053691250509353,0.0015624774130195973,0.12155988476701371,0.13798905001017653,0.19935149731117463,0.0012849165375757865,0.025052609607202486,0.013257906666518132,0.11992791241818898,0.17193224512677485,0.27871406316234265,0.03980446310444383,0.0012929700501649044,0.1619176460101846,0.24653118789650325,0.0012849165375757865,0.0485548550478338,0.01464296958538669,0.10825561604609163,0.10678023448000379,0.02488263899307261,0.01729528823603424,0.0012849165375757865,0.22829313208262542,0.0012849165375757865,0.30406160122915954,0.14257387644767602,0.17602793226255825,0.1797344102996591,0.04413872469897351,0.014034695877844644,0.31264269140730366,0.1729523824452025,0.09148902139236509,0.1961135021708436,0.0012849165375757865,0.09718709295871394,0.16355268593096806,0.02575471034342211,0.006028827540577264,0.002632201214227553,0.17342205364328867,0.13246625327501677,0.0012849165375757865,0.024999248646078276,0.17602793226255825,0.02506948229291847,0.14272433158708742,0.0012849165375757865,0.0012849165375757865,0.01409317397745885,0.024739033312595082,0.24054048813468099,0.0043634766841030015,0.17193196455028947,0.025052609607202486,0.3795156943204885,0.0012849165375757865,0.02279176295822713,0.0029074930171275604,0.013257906666518132,0.0012937260920141969,0.0012849165375757865,0.13912677918420466,0.1395174061372526,0.07979168535846157,0.17565485963033384,0.001540014718011018,0.014717073996205587,0.0012849165375757865,0.02430436631480587,0.25429450296909195,0.19610568026458985,0.22929698683676086,0.1723645053362704,0.16671148247573925,0.19573447686555295,0.0740479523694057,0.0012849165375757865,0.1704046128742664,0.025638068386682644,0.17193224512677485,0.0017493592957739945,0.23242084275247293,0.22379217018981734,0.0390253359141125,0.17193224512677485,0.223657126432529,0.23307387661499762,0.17193224512677485,0.2268191599912694,0.11269003261663205,0.17366199833628848,0.02430436631480587,0.1728856129717612,0.16670615762118723,0.14257387644767602,0.04732657210647051,0.0012849165375757865,0.25580181564396726,0.1720542701419147,0.02765950008714979,0.013896577135602078,0.1742620814061006,0.005900086482839129,0.005900086482839129,0.14536782622353697,0.473472530294785,0.02488263899307261,0.05044548728409534,0.08662967268065874,0.22713786724449025,0.02335233935567274,0.01427792572734779,0.0012849165375757865,0.0011240386893191234,0.02353097307169172,0.0012849165375757865,0.21604636444801462,0.17193224512677485,0.023712620362853987,-4.52785141739076e-05,0.0012849165375757865,0.10829970676543318,0.22291609886421426,0.05410612340461618,0.005887294040309965,0.17330015886112876,0.003240895777499503,0.17193224512677485,0.24138323625925334,0.0012849165375757865,0.03769401855712884,0.0012849165375757865,0.171957940134287,0.4547159448191995,0.1173455914991248,0.17342233323084671,0.0013823181339458757,0.0014437409387675904,0.1412611194683559,0.026699903689744148,0.14245852822700672,0.103776876567968,0.023712620362853987,0.02335233935567274,0.023712620362853987,0.18881238067520972,0.18325985008588158,0.00589611151524197,0.17325391923672612,0.27186211196055665,0.024960848818985193,0.18902130515189441,0.0012849165375757865,0.1894688557393528,0.17922720136319342,0.27725480926891244,0.0012849165375757865,0.012344453012638701,0.0012849165375757865,0.0012849165375757865,0.0012849165375757865,0.21780557779229526,0.01427482350424411,0.023712620362853987,0.14304161711354524,0.21554805762054097,0.15723446359473342,0.29407708795277343,0.0012849165375757865,0.13534718365344972,0.17695226142470827,0.02443615584523129,0.17193224512677485,0.03314963074195351,0.028683881858498128,0.0023001719281717237,0.09051758860536394,0.22921875835794764,0.16557424651752428,0.014296969754119121,0.20928068000483352,0.0012849165375757865,0.023712620362853987,0.013371725102397897,0.005887294040309965,0.5497104650818074,0.29505031424725925,0.12341828188863105,0.17652612277076984,0.013237537912620556,0.023813713517771812,0.16202704517571442,0.02385937251934489,0.023712620362853987,0.024439307408581246,0.0015271709510673581,0.179309961064889,0.0012849165375757865,0.17193224512677485,0.14245852822700672,0.05468687860124685,0.06334985552443806,0.0012849165375757865,0.34634854557439526,0.1712530813901043,0.0238987641627732,0.14257387644767602,0.17330015886112876,0.24156906652319932,0.1720542701419147,0.01547088886098516,0.17313176270352676,0.187789632737621,0.39238944713856727,0.0012849165375757865,0.17313176270352676,0.3893391921479817,0.05189061723203908,0.1720542701419147,0.029525150912205894,0.023712620362853987,0.31681412915098306,0.05536962331106379,0.021870398374237432,0.17193224512677485,0.3680403021368517,0.005922697599146098,0.005922697599146098,0.16381175142421575,0.09090173438493576,0.02372158260471563,0.0012849165375757865,0.07252069927023128,0.02473567627354753,0.23696613339889994,0.3599965744808903,0.1720542701419147,0.03327956043806232,0.001267291988775704,0.023567046616050136,0.17944955073260044,0.0485409824498641,0.014951431201746579,0.0012849165375757865,0.44151770547555313,0.17891112855700989,0.0012951816931608129,0.2510752976771062,0.000702212639335259,0.23588983807234576,0.0012849165375757865,0.024439307408581246,0.0012849165375757865,0.17289837757120363,0.0012849165375757865,0.045414090395624496,0.2628274555546779,0.06528356295902643,-0.0001900580369437188,0.0014297570281094907,0.018990575221202927,0.17366010724404402,0.046511586381357634,0.16642590731542786,0.1720542701419147,0.023666689713117944,0.0012849165375757865
chr1:203626786:203626787:NM_001684:ATP2B4,0.13320336490083437,0.332817995068397,0.05681233604666558,0.0018660924941860113,0.13036052368407372,0.4509368080298167,0.01744310916613384,0.05766000347858674,0.11576894575296684,0.14282241197271062,0.2600533598594039,0.12234231054509992,0.1328263159577278,0.13542851020328617,0.0030619825105379084,0.05817596576954165,0.015397543863060137,0.5444147933659409,0.2511203658529612,0.06031963399962248,-0.06792118944278877,0.10257950717643291,0.024982602399785336,0.010484960090256845,0.0030619825105379084,0.05729400771621462,0.0030619825105379084,0.12987625255120178,0.05957463886885006,0.3774486581574691,0.18428419587166467,0.7600008013687279,0.13721963747572785,0.04646034991286263,0.17150628988911462,0.12547298330467982,0.005308553407927297,0.0030619825105379084,0.11054226422404703,0.18094002302740833,0.0681859413012593,0.6410193221432214,-0.020675914808720913,0.3790643743573925,0.23179743405526643,0.29493733408465694,0.03526552568666169,0.058193731234356505,0.010831230886534204,0.1283758104118421,0.025973273704342936,0.003364339265187366,0.17009973249113997,0.035297258272219634,0.06812028289856686,0.05766000347858674,0.10551870982152628,0.06675375583169713,0.3187843286979607,0.15155578619192306,0.02597286092492912,0.030488688449515966,0.023276674750563275,0.20749488755525705,0.050095927217072844,0.002303740358430284,0.0030619825105379084,0.09081118735898444,0.022175515159295334,0.06933447612603938,-0.0017646090704205863,0.06259583321916501,0.06823312157813921,0.15434203269737862,0.12817878798108895,0.011926703720333054,0.3096944853168968,0.12597419125028958,0.41905771960271554,0.27905463074291637,0.0017837081495670204,0.003295554565573622,-0.10306426299646124,0.1928953636469458,0.07907725582393554,0.06675375583169713,0.0030619825105379084,0.31012897085752383,0.02640140178736361,0.13299342636676298,0.03747813175718656,0.012900868008976107,0.0030625025160637143,0.0030619825105379084,0.023487408281689992,0.27966132815212325,0.1964839492075405,0.3574456450820077,0.06854161130603462,0.18774346950337661,0.036417077198301895,0.13726704771211545,0.035972134555318835,0.03247379687504226,0.2917545628837257,0.44945908498941134,0.06946849695480939,0.3777862400499993,0.13284849649155128,0.02640140178736361,0.0042490136604366735,0.04672857377037121,0.0033342399914859655,0.06812028289856686,0.0018161739995410375,0.02690638126382383,-0.03642110244948066,-0.08196192676958541,0.020826479654268593,-0.030934933653540275,0.0030619825105379084,0.06675375583169713,0.23405741875435726,0.0030619825105379084,0.06943461565634657,0.21810435132037262,0.0030619825105379084,0.0030619825105379084,0.05488651129650152,0.03637102924551083,0.33717167804695297,0.0031400582883109873,0.08042680534540428,0.0032423748918659623,0.6410193221432214,0.0017837081495670204,0.0017837081495670204,0.01605512325242675,0.007507378157852629,0.0030619825105379084,-0.07298863778372056,0.1917651858476936,0.010736915564466876,0.05625843465694866,0.11844154088865552,0.00395068515139213,0.014129210687639615,0.059767057182255307,0.0030619825105379084,0.02891650871824819,0.0030619825105379084,0.0030619825105379084,0.026487522014956022,0.06975763006129726,0.05923789387419598,0.010162661994537858,-0.13174800067021608,0.003539500166187315,0.0017837081495670204,0.06679609176807808,0.0030619825105379084,0.07898225342832282,0.026474334689644163,-0.09446016000901217,0.005308553407927297,0.02928054207278369,0.4278845112884827,0.06032266038843298,0.0017837081495670204,0.12164643208566203,0.04802138967676281,0.044468029009820775,-0.06661421069477585,0.0030619825105379084,0.34781332830769895,0.0030619825105379084,0.05546359868391376,0.0030619825105379084,0.03568367926087451,0.0042793868529225065,0.0030619825105379084,0.0017837081495670204,-0.06613330413587126,-0.06567328902489536,0.19693860433904894,0.005308553407927297,0.0017837081495670204,0.0018405272319534371,-0.05406199035019621,0.035297258272219634,0.049782138443227014,0.0030619825105379084,0.0681859413012593,0.005308553407927297,0.0017837081495670204,0.08785559349736921,-0.09219794044005292,0.0017837081495670204,0.3958906808577537,0.24651038053318272,0.15686832072389614,0.005338539349349303,0.00395068515139213,0.31067867550133066,0.195064219818825,0.0030619825105379084,0.01723038945287625,0.034967420312608355,0.28010249649556745,0.13001774625690488,0.3336212865641727,0.023726069816992323,0.015413272223149088,-0.13936170951712212,0.015059388972980536,0.0030619825105379084,0.04671885860632863,0.003522274792756852,-0.006781659435023929,0.08365041650617586,0.06839256662290144,0.08394947131147748,0.15456956580387943,0.05491388869415584,0.47206410225706,0.0030619825105379084,-0.09334240432520552,0.1951908239495873,-0.09428658705979084,0.28299557838763234,0.0030619825105379084,-0.06548628200146536,0.0030619825105379084,-0.08786600666964178,0.013049257986135598,0.024070991330750247,-0.03510458523869786,0.00395068515139213,0.0033765939162033187,0.0030619825105379084,0.06675375583169713,-0.10329723516022654,-0.0947535638203035,0.08785559349736921,0.20681743932931398,0.0017837081495670204,-0.12347898799783558,0.005308553407927297,-0.0947535638203035,0.38674232402849085,0.02425610769371711,0.12804359231213813,0.0018113071763750654,0.0985729411171381,0.008414161599819225,0.10210227671234437,-0.0650710957856237,0.0031400582883109873,0.03982526435598993,0.06161270732657298,0.06161270732657298,0.02225377374104126,0.3140280995338479,0.0030619825105379084,0.005308553407927297,0.03334854569675677,0.0017837081495670204,0.06889836456097204,0.3943128061880763,0.09994890441523438,0.1895581623345659,0.05178368204543149,0.24342281491923762,0.19682827231616268,0.19949613095512111,-0.06661421069477585,0.036340073341794954,-0.03169174605094244,-0.07800388540902495,0.0030814819657311032,0.3294835634003034,0.17370310616415488,-0.15038800452823026,0.0030619825105379084,0.1955097484207907,0.028006966318784632,0.15818239646181043,0.026432025730801056,0.012257494421437587,0.2668060969818659,0.16884695000178707,0.022967462975829467,0.06675375583169713,0.01745934934024057,0.06307494205243128,0.1754509734865454,0.022175515159295334,-0.09454144452569185,0.07590148780306041,0.0030619825105379084
chr1:205813196:205813197:NM_173854:SLC41A1,0.11955653534115276,0.009201653807901916,0.0009545138210098336,0.2818014915288113,-0.00019060098212880794,0.007570340377069135,-0.0003493734076419064,0.0026205877341918538,0.0074215250783076225,0.007565982529918164,0.008583181559032038,0.007488795770948964,0.29723274414216977,0.0002008259413464608,0.2957398138136337,0.0026256952819442014,0.29319088602017473,0.0170698793748775,-0.00010802615890281864,-0.00020183371629936553,0.17342817743407962,-0.0007605321641399321,0.002508147454978127,0.015971841981528262,0.007817892509726476,-0.00020183371629936553,0.6808832285482116,0.0026205877341918538,-0.0003140985261190221,0.28905942061255674,0.37825354389027493,0.29811108680541354,0.0014720652135511159,0.0074215250783076225,0.0005148834943983494,0.28816831257763764,-0.00020183371629936553,0.2957085808805001,0.021965844222285175,0.02194950188287262,0.29375801074931995,0.6938826567478439,0.008434312259672172,0.06965641498499972,0.2952977418312115,0.016292392610877504,-0.00020183371629936553,-0.00018551379599990314,0.0010020896476581054,-0.00019060098212880794,0.33557325707114605,0.00741305445613108,0.008583181559032038,0.007609526199272576,0.2957398138136337,-0.00020183371629936553,0.808256106611235,0.7267771254971922,0.35716281612053213,0.7305862955634602,0.28702207960177867,0.28414612191219873,0.1033486176021717,0.010879302813757458,0.4570428770618,0.2957398138136337,-0.0003381376525268265,0.0074177312819318775,0.10322259894708519,-0.0003493734076419064,0.0007899412436014608,0.007609526199272576,0.733281289680181,0.014130111420918023,0.007966835927127214,0.0024728216985396845,0.35716281612053213,0.006884085744039176,0.2957398138136337,0.1662031802200334,0.28434253906060114,-0.000334502161152439,0.32044280114080154,0.7500212770916428,0.01852906818359265,0.3016855734979927,0.007817892509726476,0.3061976420832816,-0.0003381376525268265,0.02250347853785961,-0.0003493734076419064,0.018520902490872848,0.0034155688883011626,0.2957398138136337,0.10322259894708519,0.10804870556160046,0.044711818433557676,0.32183532005116433,-0.0009082532819861822,-0.005520495263594077,-0.00020183371629936553,-0.0003493734076419064,0.04977941024662494,0.00731355993518476,0.733281289680181,0.30497718290203524,0.00010344041154658479,0.29594354549595386,0.28235968951497764,-0.00019060098212880794,-0.0005606356386247957,0.006269556346689853,0.29375801074931995,0.16584489565342064,0.29351065670593,0.04698836668361886,0.46911305626342503,0.2957398138136337,0.29554649029298996,0.3101231017765403,0.17572897254125452,0.2957398138136337,0.014170355330075102,0.007467148422175468,-0.0003493734076419064,0.2952977418312115,0.007325706639078833,0.29554649029298996,0.22287317116002475,-0.0003381376525268265,0.05138908838744696,0.28434253906060114,0.04698431117280444,-0.0003381376525268265,0.6789835592014456,0.29015178079166803,0.29015178079166803,0.29717138316883673,0.2929617412124171,1.2339471130579094e-05,0.2957398138136337,0.29375801074931995,0.3045282421209379,-0.0005458907291570614,0.01852906818359265,-0.0003381376525268265,-0.0003381376525268265,0.2890350261841026,-0.00019060098212880794,0.02834910665755369,0.28434253906060114,0.28434253906060114,0.0003622382302143623,-0.00019060098212880794,0.003173632127607018,0.04158910894245543,0.28434253906060114,1.2339471130579094e-05,0.2935782292127778,0.16587039713264554,0.17018238717590914,0.03899640196175044,-0.00020183371629936553,0.007817892509726476,-0.0003381376525268265,0.28434253906060114,0.3985945339433675,0.12884279744551985,0.2824262724294976,0.17528111047873773,0.28437289938232146,0.09374902827080644,-0.0005424277362764407,0.17572897254125452,0.26345804106550563,1.2339471130579094e-05,-0.0004127549800295449,0.007905613302915199,0.0029323577094673703,0.3645250165078586,1.2339471130579094e-05,0.28434253906060114,0.23723783317559602,0.007038117723180498,0.31944183492114403,-0.00020183371629936553,0.3157121014645066,0.2957801519341058,0.2840739675912278,-0.00020183371629936553,0.006269556346689853,1.2339471130579094e-05,1.2339471130579094e-05,-0.0003493734076419064,0.284311065494088,0.01852906818359265,0.2935782292127778,0.0628383526668978,0.01938518394511579,0.11906182489231079,0.28414612191219873,0.007604428958065151,-0.0003381376525268265,0.3896938804362928,1.2339471130579094e-05,0.0034155688883011626,0.3775246294302088,0.32916490163587925,0.004035098279499633,0.32811806296687857,0.009680976098060484,0.1033486176021717,0.0023839267989947954,0.17693637602757606,-0.00020183371629936553,0.283715176256361,0.01219023179135914,1.2339471130579094e-05,0.06128294143350152,0.3508945520007197,0.05297602524574804,0.30784528837541647,0.019046744746580108,0.007381020052333542,0.01104228299679813,0.28434253906060114,-0.0003381376525268265,0.007817892509726476,-0.00019060098212880794,0.4083109894096858,-0.0003381376525268265,0.28224275199498505,0.00019411065524438387,0.30325192201501017,0.006124754277547995,-0.0003028634712115841,0.4899180526762216,0.01072412850045304,0.01940511876739473,0.7482222084973309,0.2956251453743533,0.29375801074931995,0.2957398138136337,-0.0003414589998198825,0.175085610689991,0.2955111859138472,0.4284947887724829,-0.00020183371629936553,0.2957398138136337,0.3465521678709498,0.0033374387398500682,0.17528111047873773,0.17120534092524448,0.28434253906060114,0.4744305380298398,0.0828124435281308,0.007609526199272576,0.2957398138136337,0.3442851386120328,0.17942992652941395,0.17942992652941395,0.10378723723260949,0.38334523414400185,0.01090355520102343,-0.0003381376525268265,0.001981877349691352,0.007817892509726476,0.2953327196267121,0.31884617436684526,0.17022101347912683,0.32843913623739635,0.007604428958065151,0.3557781853541925,0.29149884513221286,0.01019171586384754,-0.00035765374218638124,-0.00020183371629936553,0.31432342071563046,0.35087841802057224,0.12104874250807232,0.054664950012940944,0.29597316328896717,0.1771019902098243,1.2339471130579094e-05,0.007817892509726476,-0.00019060098212880794,-0.0005720245984493222,-0.00020183371629936553,0.015971841981528262,1.2339471130579094e-05,0.02174613559485894,0.17020404946474424,0.2957398138136337,-0.000648947389114668,0.03816769546157914,0.2886120963699855,0.10322259894708519,0.2957398138136337,0.3016861776810432,-0.0003381376525268265
chr1:207051077:207051078:NM_018566:YOD1,0.09730472514856064,0.010779899860081099,0.4664544486370534,0.42053383883162526,0.45619615663829916,0.13268243375207384,-0.006717188465436563,0.004660832547852878,0.04810894359631335,0.062095593228917445,-0.006714848683322394,-0.006704115305150804,0.8068221186064876,0.5784155343956023,0.16162518160968617,0.05881998949933864,0.6407479112636131,0.1223304186450559,0.5240459224258219,0.00789693842769601,0.0004966219267393823,0.5336604597306176,0.008110767601363311,0.4282625309666854,0.16162518160968617,0.00789693842769601,-0.006717188465436563,0.028613402865277582,0.00789693842769601,0.5290836039244218,0.12062030736226664,0.5460643186480141,0.5361177804542834,0.04840426056516328,0.848491681738563,0.17397840529878686,0.019403639081635837,0.16162518160968617,0.02032338240176812,0.2323932316216987,0.17938252345160408,-0.018786591775947187,-0.006717188465436563,0.004660832547852878,0.5490291660980151,0.0321227012641257,0.019403639081635837,0.5290772167516326,-0.006717188465436563,0.4357655817350756,0.046781071927906204,0.16162518160968617,-0.006714610233014395,0.044320884779033065,0.17938252345160408,0.00789693842769601,-0.022029596287795133,-0.027545414160283194,0.606816394539099,0.0007387492969485043,0.4995367804464498,-0.006717188465436563,-0.006717188465436563,-0.02842962920951314,0.5023963759399765,0.1868548775035934,-0.006717188465436563,0.0483845022347576,-0.006717188465436563,0.16162802345648308,-0.006717188465436563,0.07477266221631795,0.17938252345160408,0.004660073562508138,0.4358145344736052,0.2203027347822521,0.606816394539099,0.02108365712406146,0.1680141301924046,0.16162518160968617,-0.027545414160283194,-0.006717188465436563,0.00789693842769601,0.008063832622059619,0.008380773682108045,-0.004210061168039597,-0.006717188465436563,0.09001006980742748,0.00789693842769601,0.01257046153075475,-0.00018340962570873032,0.00089831951855468,-0.027545414160283194,-0.006717188465436563,-0.027545414160283194,0.16162518160968617,0.21331736289169026,0.5387985067877448,0.004660832547852878,0.19187250135472914,0.05163627532673676,0.16162802345648308,0.5539777139120868,0.005692232700007238,0.20107157118253124,0.10205051376992394,0.008357641753362177,0.5387985067877448,-0.008776419307136463,0.019403639081635837,0.17397840529878686,0.001451580433811328,0.4582839171698105,-0.006717188465436563,0.20304090843316625,0.4863657109528655,0.5376884204415415,0.19345150536639558,-0.006717188465436563,0.46028630445587365,0.16162518160968617,0.16162518160968617,0.5546868135022492,-0.006717188465436563,0.16162802345648308,0.5529966631614597,-0.0068124723013532895,-0.027545414160283194,0.03771494587525409,0.01504262178353144,0.22738055508634467,0.17938252345160408,0.11702073881425051,-0.0026583564362022694,-0.027545414160283194,0.16162518160968617,0.16162518160968617,0.18946829159839154,-0.006713787094522694,-0.027545414160283194,0.003934886309705676,0.17480491473079696,0.5014445589717413,0.05273038156546994,0.027763138174050184,0.004660832547852878,-0.006717188465436563,0.5986111336481523,0.004660832547852878,0.06880869784820098,-0.027545414160283194,-0.006717188465436563,0.0400539069698535,0.057726187633069304,0.043007835681793505,0.014814935627754378,0.031767353558268596,-0.006703158749274962,0.16162518160968617,-0.0004334376168141363,0.16162518160968617,-0.018987732884950315,0.041620468806997823,-0.006717188465436563,0.00789693842769601,-0.027545414160283194,0.16086919344359343,0.08979594570504684,0.17938252345160408,-0.006717188465436563,0.08979594570504684,0.3160331739951777,0.1163234697401947,-0.027545414160283194,0.018607911663828608,-0.006717188465436563,0.09097969615738283,0.16162518160968617,0.013597932310985883,0.21358451098165687,-0.006717188465436563,0.17938252345160408,0.7231421978537592,0.015447827938825875,0.19322361125227103,0.019403639081635837,-0.022029596287795133,0.19732671173986832,0.030381487296017973,0.019403639081635837,0.002523533522990895,-0.006717188465436563,-0.006717188465436563,0.019403639081635837,-0.004210061168039597,0.020637024888080613,0.42053383883162526,0.00791322196511679,0.18085554178317648,-0.022029596287795133,0.4279204786534822,0.044320884779033065,-0.006511247228361605,0.6447416886611868,0.05213997058140085,-0.006717188465436563,0.21790991973305068,0.059134931464366935,0.012157546184154489,0.5865145317400179,0.024234368539192308,-0.006717188465436563,0.021021589225983073,0.1849777663530621,0.022071418529924502,-0.0004334376168141363,0.4353715485599893,-0.006703158749274962,0.42063349806962824,-0.022029596287795133,0.23997975767098034,0.0340690832136869,0.02666059889480893,0.4606017467978195,0.5418326909824545,0.16162518160968617,0.4357655817350756,0.05213997058140085,-0.006693225690040883,0.5321914678447403,-0.006717188465436563,0.5140721111621156,0.16162518160968617,0.2078687259894264,0.04030910700994084,0.02556904499523638,0.002942749291133917,0.010686340097762814,0.0016443100095217544,-0.027545414160283194,-0.027545414160283194,0.4442345269703658,0.21583215788552781,0.007886405922419376,-0.027545414160283194,-0.006717188465436563,0.21813338245174693,0.019403639081635837,0.18916669037025857,-0.009284697352370475,0.20163731987683836,-0.005617873771897708,0.014977441653278467,-0.006717188465436563,0.18760010313382608,0.015358737062466127,0.03363461237531201,0.18997267556924927,0.16162663142199557,0.007338791635099817,0.007338791635099817,-0.006717188465436563,0.018172901060269364,-0.006717188465436563,0.00789693842769601,0.16170355613728635,-0.027545414160283194,0.20087247134616948,0.9883944376598796,-0.006708335852874836,0.2218651728631879,0.02647837020057947,0.01674642330381798,0.4689128223096576,0.04830022538732226,0.030091026657129316,0.019403639081635837,0.47394576764633845,-0.022029596287795133,0.43586240001086163,0.2659288244054005,0.05993191466245362,0.162372121134781,-0.006717188465436563,0.05223270839043109,0.07326648471476066,-0.006717188465436563,0.041620468806997823,-0.0006649556681573299,-0.00306586688683802,0.4939654191144217,-0.0067160228022136725,0.19724537874759923,0.01223431981992279,-0.006717188465436563,0.19831357160677707,-0.006717231863127615,0.18916669037025857,0.0007387492969485043,-0.006717188465436563
chr1:207053274:207053275:NM_006212:PFKFB2,0.08698562139788174,0.021403363247007312,0.4561021687912794,0.4184877507001301,0.44785668990210437,0.12098858863653272,-0.0010185888326653125,0.008396282437079794,0.04935650049700219,0.060543644618453796,-0.0010152760872971789,-0.001007741046965105,0.7449739833601672,0.5587491451228714,0.15910520805506803,0.05706465383223397,0.6278693715814194,0.11291764136356752,0.50522868570032,0.011266690836310045,0.005431310503762166,0.5152327263043571,0.012994834221608187,0.4250428218809918,0.15910520805506803,0.011266690836310045,-0.0010185888326653125,0.03325550144415068,0.011266690836310045,0.5116571130489174,0.12378086194187665,0.5321175267797509,0.5173658032502856,0.04961360957285721,0.7807041830803537,0.1692658161146435,0.020770664374303804,0.15910520805506803,0.02450952865477707,0.23918437192394623,0.20619506334529542,0.0023975062632496935,-0.0010185888326653125,0.008396282437079794,0.5336444440934702,0.038843024181840324,0.020770664374303804,0.5116546014565466,-0.0010185888326653125,0.43087379752543725,0.04549169709184264,0.15910520805506803,-0.0010149302054246467,0.041697583680036066,0.20619506334529542,0.011266690836310045,0.002101599101108992,-0.005645544037818195,0.6283000287925857,0.005460832007887884,0.48575208580269197,-0.0010185888326653125,-0.0010185888326653125,-0.00635822997846508,0.49897712841270603,0.18121861343563447,-0.0010185888326653125,0.049595573919164304,-0.0010185888326653125,0.1591092486128742,-0.0010185888326653125,0.07124609367766754,0.20619506334529542,0.008395793952344466,0.4310268923878321,0.19511301211016058,0.6283000287925857,0.030209437099395775,0.16636610314751663,0.15910520805506803,-0.005645544037818195,-0.0010185888326653125,0.011266690836310045,0.014625782095724293,0.013566096705571684,0.014398972764584989,-0.0010185888326653125,0.08859024169220492,0.011266690836310045,0.022195289228844395,0.004404255706756899,0.007720736352952562,-0.005645544037818195,-0.0010185888326653125,-0.005645544037818195,0.15910520805506803,0.2392506583269763,0.5261035135843061,0.008396282437079794,0.18759070406893735,0.04783015774981231,0.1591092486128742,0.5855235577318889,0.015444395879605777,0.22662992355519368,0.11408811678765815,0.02772125822895735,0.5261035840099003,0.00413511801400912,0.020770664374303804,0.1692658161146435,0.005947827213333146,0.48906498577684665,-0.0010185888326653125,0.2285642007248096,0.5245673621239636,0.5208427033520853,0.218080602714832,-0.0010185888326653125,0.4913292375417665,0.15910520805506803,0.15910520805506803,0.5353391473750385,-0.0010185888326653125,0.1591092486128742,0.5368917414942971,-0.0010787524778374524,-0.005645544037818195,0.044113039709660684,0.017281980665413088,0.24438745760017697,0.20619506334529542,0.11907079305017049,0.003266547975866285,-0.005645544037818195,0.15910520805506803,0.15910520805506803,0.21935112838118276,-0.0010185888326653125,-0.005645544037818195,0.013941362154049397,0.17669328111069965,0.4904810595905912,0.0595894527119859,0.03212231982213343,0.008396282437079794,-0.0010185888326653125,0.6114273780501134,0.008396282437079794,0.07011894141211855,-0.005645544037818195,-0.0010185888326653125,0.03930263296991543,0.05626392046400924,0.04366875466769993,0.024862233573033854,0.040491025059664176,-0.0010062513978439935,0.15910520805506803,0.004165067273622924,0.15910520805506803,0.0022427907955552273,0.039390801582250445,-0.0010185888326653125,0.011266690836310045,-0.005645544037818195,0.1582291335835054,0.08071667919235032,0.20619506334529542,-0.0010185888326653125,0.08071667919235032,0.2747606520512592,0.1176863050004287,-0.005645544037818195,0.03542712831405875,-0.0010185888326653125,0.09058465288573958,0.15910520805506803,0.023260952970456272,0.23884043600883878,-0.0010185888326653125,0.20619506334529542,0.7684484298506908,0.023506426314273854,0.22647235213299297,0.020770664374303804,0.002101599101108992,0.221534989471625,0.034626952138252454,0.020770664374303804,0.00735640398885723,-0.0010185888326653125,-0.0010185888326653125,0.020770664374303804,0.014398972764584989,0.024797919288919668,0.4184877507001301,0.011282085605721581,0.18506907171119483,0.002101599101108992,0.38793260491555237,0.041697583680036066,-0.0008103959982820319,0.6620923806381169,0.0590150186774373,-0.0010185888326653125,0.2561041845631177,0.06769764909663861,0.018137360431475513,0.5781287635012522,0.032253724423248586,-0.0010185888326653125,0.02332795422930728,0.21416231205017094,0.02305427296758772,0.004165067273622924,0.44410696075652395,-0.0010062513978439935,0.41857096605305977,0.002101599101108992,0.23901314442828342,0.035557367581231514,0.026864174056737133,0.45351170004640023,0.5277129122682422,0.15910520805506803,0.43087379752543725,0.0590150186774373,-0.0009805352036056925,0.5633266472776066,-0.0010185888326653125,0.5393095141074596,0.15910520805506803,0.23060394611659327,0.042185426497138245,0.02770584133869347,0.012107166761090471,0.014917880037914832,0.006572512790391727,-0.005645544037818195,-0.005645544037818195,0.48819459885161237,0.24035786086862126,0.027653775331248187,-0.005645544037818195,-0.0010185888326653125,0.2561945064116895,0.020770664374303804,0.21718311591653816,0.013115639463938261,0.1925916666767571,0.0005192325440809831,0.02094033942738671,-0.0010185888326653125,0.21842616999456388,0.03548812844627247,0.03927675151592386,0.21820501655636018,0.15910645238470641,0.014451749708740191,0.014451749708740191,-0.0010185888326653125,0.02430839338125418,-0.0010185888326653125,0.011266690836310045,0.15917236373556523,-0.005645544037818195,0.22473816056612644,1.0637125784812635,-0.0010111418427998786,0.2520332536362747,0.026671016767495948,0.024120545252965253,0.4989399382454398,0.048842812506764866,0.031555027115828194,0.020770664374303804,0.5102513667905728,0.002101599101108992,0.4309635533094764,0.2569776346624949,0.06918491954985756,0.16022064546903605,-0.0010185888326653125,0.059072834375290595,0.06873400103904576,-0.0010185888326653125,0.039390801582250445,0.00462127593005629,0.00381153684378549,0.48149219676150645,-0.0010201920671009113,0.2215865600405703,0.014951659220927838,-0.0010185888326653125,0.19429533925163436,-0.0010185867384220892,0.21718311591653816,0.005460832007887884,-0.0010185888326653125
chr1:212432886:212432887:NM_013349:NENF,0.021443614674789696,0.010204169856513096,0.011564812175236888,0.5001996846331408,0.01172520131789187,0.013950514145556814,0.02969370004058164,0.01118558186121446,0.00623462723586235,0.017610245812010983,0.014607073052341851,0.21274024488441992,0.01727029999644189,0.02380981206448221,0.4256931266525071,0.01812673596653752,0.4543058640523857,0.1591308489068144,0.022025586633996813,0.01827209372796948,0.00715009763874308,0.017625661397461106,0.014037259893425719,0.22885578482093918,0.4256931266525071,0.011408253862039003,0.4257787594857456,0.018070383222324515,0.021235858856277018,0.013621996310819562,0.26385660107781694,0.24431556796791426,0.018508505196497577,0.004357033681912231,0.02164456800805989,0.5297935546286158,0.010333438660772909,0.4256931266525071,0.019979905068580356,0.016865213645251897,0.2270478028520397,0.8071092391010247,0.05529205123670941,0.0079490790623242,0.02483336961470181,0.4361526543489296,0.011571690492069436,0.012559404373092525,0.08661935368447192,0.00885414782281188,0.08426190623131674,0.2636542891075364,0.014607073052341851,0.010333438660772909,0.7693428971292007,0.011571690492069436,0.8342352346072786,0.4256931266525071,0.02291470203781293,0.7694532820086819,0.08435245098188254,0.005541265434249876,0.04436020486842243,0.04396874050875274,0.19219127467844985,0.0077181029817659785,0.2636542891075364,0.004361529728531516,0.04436426088931247,0.013564788588494109,0.04224228962876225,0.021202927221278395,0.7758953209242316,0.018324204268260286,0.18697763148425664,0.006202520577616749,0.02291470203781293,0.19319682129078694,0.18701207033187286,0.4256931266525071,0.4256931266525071,0.0036739812547220974,0.048508899124472885,0.4334175687216066,0.01153459263016307,0.4277741499647206,0.4256931266525071,0.45760901883636484,0.003675901266478654,0.18884351230346944,0.007516533117443047,0.003675901266478654,0.04835028459741644,0.43181173687906715,0.007684028969529799,0.024588887206370313,0.023793092542880978,0.2937823006403874,0.012545591379377219,0.015963607441222355,0.014258234927215035,0.041848538763125526,0.09330957216949695,0.048356321114330914,0.26265956865777945,0.021790072472280292,0.10017612698039086,0.24906758944491775,0.23176908811153313,0.014258234927215035,0.1910427793388814,0.0069735142539782136,0.048508899124472885,0.42980676844564986,0.2722896435575809,0.09150223175791598,0.4126173157863863,0.2270478028520397,0.2270478028520397,0.03364043820735646,0.2636542891075364,0.4257787594857456,0.019374428757324813,0.428301037479362,0.006696448266181321,0.06778114012048939,0.05018363612997272,0.4256931266525071,0.18686735767025778,0.01010940109723496,0.46074024307280176,0.4256931266525071,0.22836243742134754,0.009324724684624641,0.1821976704872951,0.4256931266525071,0.4256931266525071,0.1841262304707175,0.2588740398806354,0.2270478028520397,0.26710984857676023,0.27394921587283116,0.013055820753957142,0.12454075323763429,0.016716020478861587,0.003675901266478654,0.011571690492069436,0.024657915595126922,0.003675901266478654,0.05371373351418671,0.4256931266525071,0.2270478028520397,0.011084402251885311,0.01430984177941022,0.049284945402045185,0.09084683684699323,0.023018096144939937,0.04030058980107107,0.4257787594857456,0.19333195592597358,0.4256931266525071,0.05150612939402613,0.007872892627679262,0.1821976704872951,0.003675901266478654,0.003912269262501461,0.7139397064581763,0.5209492444931356,0.2270478028520397,0.43780347937288033,0.19141357917630852,0.10966933807667992,0.0032614171663199465,0.4256931266525071,0.07360933205011974,0.2270478028520397,0.00262311434054327,0.4256931266525071,0.029438925989771325,0.23125400133936302,0.04835028459741644,0.2270478028520397,0.22677450024684,0.01865907448645246,0.09462569273757905,0.010333438660772909,0.438692367878359,0.004238419477594346,0.23939106099301777,0.007720044121715036,0.0069712957183146185,0.005447634010475821,0.0036931753944788592,0.01441524427227886,0.4277508721091208,0.01913114258730847,0.22604262497705985,0.02717636093536696,0.27864566363319776,0.5902565353417327,0.051992188167110834,0.007720044121715036,0.003675901266478654,0.053126841248289786,0.01070602068888482,0.4256931266525071,0.4327080748481592,0.009760960514811762,0.2678865362677802,0.2434732911363161,0.43615877668737046,0.048391476092824626,0.012480256504709492,0.23183019545860276,0.011116927794675407,0.4971517504196805,0.00751045652896995,0.04030058980107107,0.2622548398228174,0.7951392710404963,0.048805168290637885,0.02108007520190469,0.008570313698007342,0.18237912739701037,0.09572797040386583,0.003675901266478654,0.003675901266478654,0.01125390057917855,0.013293538794494103,0.10867276812600253,0.4256931266525071,0.23438534665679944,0.2636542891075364,0.2808023185288695,0.015869186650342565,0.005014347961970644,0.03406668090207443,0.04203587914961118,0.003675901266478654,0.4257787594857456,0.7692329035214277,0.2874220272570659,0.22604262497705985,0.015328131550485485,0.048508899124472885,0.2270478028520397,0.3655813074661418,0.009677113217525207,0.2270478028520397,0.9670921794921848,0.009818230081044654,0.4404501848251202,0.04530533668754683,0.7692329035214277,0.23410111327762761,0.10656138052830588,0.006323965018513428,0.2270478028520397,0.771031207822971,0.01803602485771766,0.01803602485771766,0.05118287079728884,0.12428756898020817,0.4256931266525071,0.003675901266478654,0.003922754746646218,0.22416276952604347,0.43061612597013055,0.30402728523021916,0.4391877093944591,0.009843733242881125,0.016809922964366758,0.03489711011562355,0.2270478028520397,0.00751045652896995,0.0032644551988376125,0.003675901266478654,0.1742655061958425,0.4760744982107245,0.040987332311058194,0.4653622091254582,0.03400647334648199,0.43280590693453974,0.003675901266478654,0.015372052236269335,0.009611222172367956,0.003675901266478654,0.011571690492069436,0.27603452328877465,0.020607527117672192,0.01971836099502397,0.437130842145424,0.43432537166018126,0.00803691258557776,0.02219570807283927,0.054708194002774324,0.0036925891191016413,0.22604262497705985,0.003675901266478654,0.003675901266478654
chr1:224434299:224434300:NM_025160:WDR26,0.0013213380934521401,-0.01926976330242519,0.002746018171835285,0.19870307707895662,0.0010782284093724392,0.20658284302227248,0.1997229759793356,-0.06676004766378746,0.01637432440302028,-0.0656239729542214,0.04333162746180208,0.22861244758628857,-0.06245149174436149,0.052256063519110885,0.2081215105028632,0.10439999395550648,0.22578884502965935,0.20587897648424897,0.0020395257013362533,0.0026216956516942336,0.3152153020876556,-0.006691771313771133,-0.06711853181706845,0.5376333630886988,0.525514900195555,0.002620697161843155,0.20794202782102744,-0.06711853181706845,0.002620697161843155,0.0098417002884012,0.008879340160465488,0.274650010357925,0.08186867184449392,0.0013167206959864286,-0.07227100357646421,0.4375410985189889,0.0010782284093724392,0.525514900195555,0.11770890835224357,0.23162633629050583,0.2081215105028632,0.5066395979970648,0.0008435925237970099,0.0011675327640754407,-0.003995947159877389,0.2125888153990554,0.0010782284093724392,-0.0661326777520519,0.013937049496429543,0.0011600775063708157,0.003159056200752519,0.4357036012704056,0.04333162746180208,0.0010782284093724392,0.2080393204106089,0.0020395257013362533,0.26471352181790153,0.001133779832456716,-0.028836279048877256,0.2080352251556375,0.00923002512308968,0.000996409323585079,0.20928504952346316,-0.0002504173489272232,0.011598868882385038,0.22537353205351543,0.20794202782102744,0.0012128679582007473,0.0022033282008540045,0.11136894890842114,0.01339640647592244,0.0010782284093724392,0.4355399969247493,0.0010016724393588916,0.0010782284093724392,-0.06661073523176936,-0.028836279048877256,0.0018398871392786287,-0.0002311675975536498,0.2081215105028632,0.2081215105028632,0.33964662734692963,0.1985382512696378,0.47076120968572865,0.11118639039462874,0.20815070223069382,0.0012128679582007473,0.24251655546765505,0.0010782284093724392,0.03268432689251494,0.010853678495167551,0.11118264181869297,0.22671454052557483,0.0011007847258186487,0.20906546578970836,0.0011205553353014763,0.25738992074228123,-0.028913018468948892,0.0010845247341277342,0.2312185427965741,0.0010782284093724392,0.15123556720321704,0.1228356596423184,0.22139400884397578,0.20548428508337058,0.07498838627226612,0.21539284440437148,0.2638768490681159,0.001274610710445545,0.0010782284093724392,0.2078557285191866,0.22011709557466128,0.19877838190499292,0.19894606438461873,0.4842356342072722,0.09427977961139505,0.2932087056588969,0.20805076169960013,0.19871823866820726,0.2286706403477548,0.42633263362969015,0.2081222298746151,-0.010212999693415326,0.0012326483319189951,-0.0670794602860918,0.18514177982752608,0.007135593224436132,0.0012128679582007473,0.14389447390193594,0.0010782284093724392,0.21694772163652182,0.20805076169960013,0.007782933355165833,0.027477775739011834,0.20814397823681502,0.1986298555475674,0.1986298555475674,0.21159390488800933,0.20785505012659894,0.476834469249655,0.1261455699289836,0.43689133415095316,0.501454126918084,0.6316770294005433,0.13140861148499805,0.002038521601380794,0.00316006216039183,0.28733529994115903,0.0010782284093724392,0.13771792527664656,0.22567825603731861,0.19869199430122944,0.0011310930440709965,0.003189346332331311,0.019145983370353614,0.01825125621853796,0.001098005805643676,0.0011610905504026436,0.4355071539577138,0.20814397823681502,0.0012128679582007473,0.0040419402701691864,0.0010782284093724392,0.05023875896936364,0.0010782284093724392,0.2078557285191866,0.2080377735088872,0.2582688905537217,0.20919671121735334,0.003046022736502507,-0.07528108291036772,0.1077641242758603,0.6363650313425103,0.0012128679582007473,0.01178497922502636,0.20814397823681502,0.5253474740363426,0.2081215105028632,0.00011097261447429174,0.21428267144662594,0.22661469892189012,0.20796445218212695,0.21812190515008967,0.0016674971967112207,0.20798867292892437,0.0010782284093724392,0.22558851553003761,0.48278288624345067,0.34988787671874455,0.0010782284093724392,0.31760098114871826,0.20796712069909956,0.0011610905504026436,0.0010782284093724392,0.20797500731947383,0.1469867211728973,0.1996612340691291,0.0022447499752342726,-0.07630075497274588,0.26732874448074373,0.0006870809746733486,0.0010782284093724392,0.20910302125199776,-0.029002473305217824,0.0011385156845775124,0.0012128679582007473,0.2202887676165729,0.012373192367715113,0.0012128679582007473,0.17654370025801774,0.22161054131170158,0.20941499713519224,0.04456604995146057,0.4770267814838163,0.0010782284093724392,0.0011345366344498453,0.3171395771820956,0.0011638188414250794,0.4852175493650988,0.26471352181790153,-0.0451202936389174,-0.0763799749328129,0.0015427518005482477,0.20936409105406678,0.0024861263126627065,0.43559779532154075,0.0011610905504026436,0.0011385156845775124,0.000996409323585079,0.995968754097906,0.0012128679582007473,0.209388284744717,0.47683012058031393,0.43719488162842923,0.5287922001162717,0.0011610905504026436,0.005350701466787566,0.000996409323585079,0.0031571833014400474,0.1986952663799648,0.20803860118414463,0.20800573026810693,0.20507465948159298,0.1313385875990446,0.198387243710505,0.1987392902904042,0.20942399670981043,0.0010782284093724392,0.20559120334436687,0.9618607816562001,0.14893330832992122,2.5218180514097188e-05,0.002475346706503123,0.001131051429364316,0.20540399863838354,0.47918213672913473,-0.00014808495692086865,0.20559120334436687,0.20965558480076374,0.0015483059707499525,0.0015483059707499525,0.20928504952346316,0.054518694385109034,0.0012128679582007473,0.0010782284093724392,0.0010886680942747695,-3.3240877228335464e-05,0.5318190271000671,0.45381826380340684,0.002474483334919897,0.030063736048237977,-0.00023445669629656996,-0.06616931380943525,0.20921195232405315,0.22515016034822527,0.3403722486232642,0.0010782284093724392,0.20646347613721777,0.5260525552700792,0.2930207210599874,0.23429535610866323,0.4367763033448322,0.47700182243671607,0.0010782284093724392,0.003175965409148218,0.0011675327640754407,0.3507512082617593,0.0010782284093724392,0.2904602783946383,0.209003256698087,0.2674466986556887,0.0033015381411247158,0.21545003490599912,0.003724314302012921,0.22187534329789338,0.2280521445382897,0.20928504952346316,0.21430992030890544,0.47393719793560485,0.0010782284093724392
chr1:230856036:230856037:NM_001136495:C1orf198,0.11370362597668685,0.12858606013817442,0.17340814951777592,0.04630377182358872,0.07340883434564754,0.18520483932740536,0.11732209409341937,0.009973042727977263,0.07256994787226138,0.12162001513223192,0.12435222460054134,0.22448543753901407,0.09662237935464073,0.28349449378645636,0.2279974111221233,0.009973042727977263,0.04630460039229625,0.16716297283149267,-0.001533054704716208,0.043766832349369525,0.20134070736665022,0.2930263225837155,0.10466643236301656,0.010577280363183603,0.2279974111221233,-0.0015365401421443825,0.2279974111221233,0.3195455089008043,0.029387348933248472,0.04565771938071658,0.01979017073180142,0.41527333528276567,0.19255490469766412,0.07913894576875126,0.08206892358898821,0.3555101568534916,-0.0015365401421443825,0.2279974111221233,0.0214725740832869,0.03609309111725459,0.2279974111221233,0.2279974111221233,0.04411094706971254,0.10773626935406952,0.06588587805803994,0.22804669772742495,0.01270907355019904,0.08280482054541115,0.0687379208617778,0.01270907355019904,-0.049815532615441305,0.2868709270453189,0.04409620621118358,0.01270907355019904,0.2891363977857315,0.13179540091239886,0.3317800126194697,0.2868709270453189,0.33241612046704694,0.2352741968367425,-0.03763225757977569,0.2844832347093444,0.06122000606714317,0.08396371151958432,0.369884731678245,-0.0015281548256478594,-0.0015365401421443825,0.0008031650262944057,0.12560296631265822,-0.0015365401421443825,0.046260279915851354,0.04833810475377065,0.2279974111221233,0.03612538951305831,-0.0015365401421443825,0.1927661501989245,0.33241612046704694,0.024086566008499177,0.22878537747300332,0.2279974111221233,0.2279974111221233,-0.06751163157630789,0.2279974111221233,0.16608199164743084,0.019668134141210408,0.2944223368204153,0.2279974111221233,0.16687438235605262,-0.0015365401421443825,0.24166888533488973,-0.0015365401421443825,0.01734875226595442,-0.0015365401421443825,0.2279974111221233,0.024192255166159776,0.4733510884934576,0.01266994186850029,0.13401453177406153,0.0005110457675220059,-0.0014549572404335132,0.01270907355019904,0.029627806094679687,0.08036682728296407,-0.0015363078327486068,0.37676984618162546,0.12909577317609588,0.07097592993031995,0.3992952902696645,0.06129731034214239,0.01270907355019904,0.2279974111221233,0.20936280142202612,0.2279974111221233,0.2279974111221233,0.04633260092944244,0.036749022264587206,0.3352478636416936,0.2279974111221233,0.22802367388189432,-0.010726465887958489,0.04630377182358872,0.2279974111221233,0.1752332793848191,0.2279974111221233,0.029627806094679687,0.28412109028320714,0.036743766704864206,0.2868709270453189,0.07857264938288078,0.029387348933248472,0.2950400860925878,0.2279974111221233,0.029081771762558606,-0.0015316918121514589,0.23527017127353655,0.2279974111221233,0.2279974111221233,-0.0015871924106973523,0.02719434675771551,0.2279974111221233,0.3639097989707059,0.16009251033687427,0.12624396722529257,-0.05886431669951592,0.021426735852610956,0.0005110457675220059,0.01270907355019904,0.07159823122324963,-0.0015365401421443825,0.02308513289548539,0.2888024712998098,0.2279974111221233,-0.06811965485500096,0.168902069475007,0.08378201437672224,0.0629134230352501,-0.001546939122389429,-0.001546939122389429,0.2868709270453189,-0.0015365401421443825,0.2279974111221233,0.03676520981964149,0.01270907355019904,-0.0015365401421443825,-0.0015365401421443825,0.4136138823951877,0.4411631481672752,0.5157979294339852,0.2868709270453189,0.17618839257035276,0.36168283278978286,0.1754796427771168,-0.059061017190562864,0.2279974111221233,0.12264212615011705,0.2279974111221233,-0.05886550350722233,0.2279974111221233,0.006839850705405853,0.1285903614516997,-0.0015365401421443825,0.2279974111221233,0.3279870492077389,-0.055638056428745475,0.22788038806589828,0.01270907355019904,0.22773310261701252,0.08578633256375547,0.08191423818032512,-0.0015365401421443825,0.20936245320540256,-0.0015365401421443825,-0.0015365401421443825,-0.0015365401421443825,0.2868720867506306,0.017342179863711255,0.2279974111221233,0.009448895849762856,0.07058674224262279,0.3334041413557092,0.12716606251545073,0.01270907355019904,-0.0015365401421443825,0.3322231696160802,0.007319165642941106,0.2868709270453189,0.40598470869636527,0.013525349397190911,0.2279974111221233,0.08433182103156621,0.2706607987298326,0.00011454604990354667,0.012714981749687548,0.08280482054541115,0.01270907355019904,-0.0015365401421443825,0.12741983476954874,-0.001546939122389429,-0.023548479526449922,0.2770482958451103,0.0907315525936523,0.043766832349369525,0.029387348933248472,-0.0015365401421443825,0.3070889777305509,0.04630377182358872,0.029387348933248472,0.004816560697460115,-0.0015365401421443825,0.4037832685468677,-0.0015365401421443825,0.2279974111221233,0.22804050293197692,0.1739835239845734,0.03648529866815875,0.029387348933248472,-0.001549455587083609,0.056819519424657364,0.03400617636129953,0.2868709270453189,0.2891363977857315,0.1618660968788857,0.2279974111221233,0.0214725740832869,-0.0015365401421443825,0.22802367388189432,0.22633176414841003,0.01270907355019904,0.2279974111221233,0.4874703038805317,0.07395917226272038,0.2616173616781782,0.01735088803594803,0.2868709270453189,0.4553792871444382,0.30824163079406064,0.04356821195527466,0.2279974111221233,0.00249650187997133,-0.0015365401421443825,-0.0015365401421443825,0.056943382095852826,0.10037155404958656,0.2279974111221233,-0.0015365401421443825,0.04855635153903498,0.03674482870816126,0.5634143905336235,0.3845821339049204,0.4120115518817598,0.01266994186850029,0.01270907355019904,0.08385834604775534,0.22799075780860378,0.051506342319953075,-0.05886464143678827,0.01270907355019904,0.051332046566163456,0.23527603129651717,-0.001530539888695115,0.27418416896878234,0.16004170696531403,0.08280482054541115,-0.0015365401421443825,0.007319165642941106,0.04630377182358872,0.26186243255313624,0.01270907355019904,0.12579166647296028,-0.0015365401421443825,0.1279955322516558,0.01270907355019904,0.23463946249790496,0.012581819117467169,0.03635750912780544,0.012586808364609847,0.06122000606714317,0.2279974111221233,0.024044170655785596,0.012737661994162458
chr1:235866927:235866928:NM_000081:LYST,0.22506174542696916,0.3304439061275207,0.2220389601721633,0.8760405103724662,0.03415425863534183,0.2582524268303735,0.25493261310627946,0.22013367450948682,0.06461068975792456,0.2784447764341582,0.03695195870803458,0.8742291967470273,0.22888333053905047,0.2313242250834803,0.37845725109367495,0.181517639439439,0.8898235286346576,0.2304809143717602,0.1942139717544839,0.20015969499785807,0.09631509575005742,0.22210679052644292,0.03444901043600879,0.019930887331339853,0.37845725109367495,0.22209263454434322,0.37845725109367495,0.03273187024136415,0.20021231825664496,0.19412299771254843,0.050358780388139346,1.1501577525768498,0.2093729958892145,0.19157693801606931,0.22220022504834466,0.9709245773477899,0.03826009530896729,0.37845725109367495,0.04050857852153539,0.03571526169307648,0.8437436288980409,0.8685361228434011,0.23123773429114958,-0.0003083630967550821,0.3440043843880379,0.9502600922731179,0.03826009530896729,0.0043140361875518285,0.019948260493590553,0.022602613772900182,0.03770285301056153,0.8437436288980409,0.03695195870803458,0.049218219481143854,0.8437436288980409,0.022609194738485494,0.4009570955244081,0.37845725109367495,0.25153753429377473,0.8437436288980409,0.019223736384208656,0.03214033116318549,0.1603234839398423,0.007054139189333841,0.37763335066464654,0.37848529235624895,0.37845725109367495,0.1684494712370314,0.5787370387379096,0.025344334274606417,-0.0003083630967550821,0.22202379429941055,0.37845725109367495,0.02394782334801976,0.15858436082799757,0.20035296710771422,0.25153753429377473,0.03219810365133796,0.6013329344827374,0.37845725109367495,0.37845725109367495,0.00631812348561972,0.14289173065972,0.9787325521882175,0.06362203173731906,0.37845725109367495,0.37845725109367495,0.3121257759979285,0.040281318972821334,0.37839370959413804,0.017895420172057253,0.04852019246899522,0.38079750285619574,0.37845725109367495,0.5906412926864864,0.3800461448045186,0.03158849679982895,0.23759758971468534,0.12877503549764946,-0.0002097546106118453,0.049218219481143854,0.025344334274606417,0.18781175770384112,0.03211397727059645,0.37850942983358987,0.24698942645629413,0.19539748032096615,0.3053773901048739,0.3785090873641574,0.049218219481143854,0.5981939054166159,0.09023779052639308,0.1224880009579837,0.37849288832796313,0.40029893707332925,0.1903221804514618,0.24341130366255984,0.2745377222817782,0.3993837516935356,0.01109635327113262,0.8651816863038893,0.8437436288980409,0.2785005307870506,0.38398524132443845,0.025344334274606417,0.3352268860157962,0.018092594586701483,-0.0003083630967550821,0.06840987873696094,0.0042648670797381105,0.9353542208047024,0.1224880009579837,0.03486956663722546,-0.0003083630967550821,0.1224880009579837,0.8437436288980409,0.8437436288980409,0.3776115002373396,0.39492506138429917,0.8437436288980409,0.38398488626576915,0.21900213140093197,0.3949261532978637,0.05833169771516866,0.06401448909283097,0.02340380096382516,0.017895420172057253,0.27875924264330876,0.1814072399523836,0.10754721047113863,0.3796315872367457,0.37845725109367495,0.19405053394557434,-0.0003083630967550821,-0.00030792040464205916,0.1878103029087966,0.37845725109367495,0.0016506037051460254,0.37845725109367495,0.37845725109367495,0.37845725109367495,0.024604516657572184,0.04718898868485927,0.01918752013390479,0.034150950850660944,-0.0001131155891418989,0.8708107448120304,0.22919246229912982,0.1224880009579837,-0.00023696830768099586,0.03784988103427117,0.22489691874056364,0.21213693626768615,-0.0003083630967550821,0.040168733870142304,0.37845725109367495,0.03829612603809476,0.37845725109367495,0.04049185511311798,0.3994354993922401,0.0016515140820584362,0.1224880009579837,0.30467282851906785,0.15631763199077864,0.17449913064903788,0.049218219481143854,0.37845620514317935,0.4029090509179556,0.28044363275889517,0.049218219481143854,0.10930578176441902,0.00904535847366772,0.37845725109367495,0.03826009530896729,0.37845725109367495,0.3129619006265413,0.1224880009579837,0.011736332393461002,0.6364107568407807,0.4177567357769344,0.2318633568248785,0.04718898868485927,0.38079750285619574,0.27198914358087,0.029503836013056617,0.37845725109367495,0.4312329279291554,0.08473068164854308,0.1281079636110312,0.3029128522164426,0.9543238413176532,0.6091140124751688,-0.0003083630967550821,0.8883180979942014,0.040281318972821334,0.38351603560828845,0.024099646875721747,0.019879981599706942,0.19377262045528573,0.403017289095379,0.15991263676756734,0.20015059587820377,0.22244594671754186,0.2220532412944151,0.3405039238752647,0.8437436288980409,0.1475946656796806,0.011073449682008352,0.0005243724416165163,0.8849875692564957,0.37845725109367495,0.2686173631405697,0.37845795698972545,0.3889939328039196,0.015237926810776736,0.017905610322445642,0.5954725972649398,0.013679608377880625,0.17492910680352255,0.37845725109367495,0.37845725109367495,0.8821899528010697,0.21937063012395186,0.29312664034629343,0.14289173065972,0.3993837516935356,0.8568709604657353,0.040281318972821334,0.8437436288980409,0.46429735399863714,0.015237659310436302,0.5975014462900136,0.03231776308837808,0.37845725109367495,0.8510494473775865,0.8540561727455549,0.21978927253529779,0.1224880009579837,0.9930719004659954,-0.0003083630967550821,-0.0003083630967550821,0.6062863861986784,0.0339767077967571,0.0040715346812118525,0.03214033116318549,0.019879981599706942,0.3993837516935356,0.8653130917429517,0.36544276166049056,0.5606362718739758,0.015358892923884648,0.034150950850660944,0.24196104977045355,0.1224880009579837,0.391126667244555,0.043579552289777945,0.04718898868485927,0.14757010319561714,0.40093414876824085,0.00477456077592503,0.9540066099876516,0.2624321311206023,0.8883180979942014,-0.0003083630967550821,0.03151910597140628,-0.0003083630967550821,0.022649256383648286,0.040281318972821334,0.18398193629254195,0.8573581088351812,0.18772671356271542,0.027404190445147636,0.399434168680077,0.43801106901149056,0.07848691277721392,-0.0003083630967550821,0.15633872001312296,0.14289173065972,0.3993837516935356,-0.0003083630967550821
chr1:241357230:241357231:NM_001282773:RGS7,0.0038470826958533766,0.09230619495931358,0.002435832458979603,0.7896496495301388,0.10036091859690227,0.09999063745886239,0.002435832458979603,0.0032293086156240935,0.08507237617924662,0.09248163508960683,0.6397534343979894,0.18379292025838123,0.0910430378395099,0.0038470826958533766,0.4208447172442821,0.0028956511908596605,0.1711540302674346,0.14870869338728232,0.011158560487733837,0.0038470826958533766,0.004829972873403643,0.01001201320080658,0.004179920032314488,0.0030037355926705867,0.0038470826958533766,0.0038470826958533766,0.171033746924159,0.004179920032314488,0.0038470826958533766,0.4541960782091715,0.031522169374335385,0.43152561240081566,0.09884305484391703,0.006229964918202435,0.01001201320080658,0.0038470826958533766,0.0038470826958533766,0.0038470826958533766,0.0038711889108793973,0.02729936414261891,0.0038470826958533766,0.791949935862262,0.09230619495931358,0.09230619495931358,0.10897973728349242,0.007741721780406996,0.0038470826958533766,0.0038470826958533766,0.0038470826958533766,0.0038657532881654633,0.0038470826958533766,0.4208447172442821,0.6157406501246213,0.0038470826958533766,0.7906397330601365,0.0096774869875898,0.7896496495301388,0.4208447172442821,0.019471595795188368,0.7896496495301388,0.09188632887127612,0.0038470826958533766,0.09132603838639536,0.0038470826958533766,0.007872658378090258,0.0038390831857010865,0.42069241530149115,0.0038470826958533766,0.2805101100979803,0.005272332629817744,0.0038470826958533766,0.0038470826958533766,0.4208447172442821,0.0038470826958533766,0.00419859337513645,0.008804671370176875,0.019471595795188368,0.0038470826958533766,0.0038470826958533766,0.0038470976592959727,0.7892583841818982,0.005644795379162182,0.17094148658792807,0.44316121367873573,0.0038470826958533766,0.4208447172442821,0.0038470826958533766,0.0055256286179346525,0.0038470826958533766,0.027285325381132153,0.0038470826958533766,0.0038470826958533766,0.00449568403064754,0.0038470826958533766,0.2540242353983523,0.004622950142390336,0.015281896064872125,0.01223673110391671,0.0038470826958533766,0.0167411262162937,0.0038470826958533766,0.005272332629817744,-0.0064798011866675775,0.0024994993079355265,0.7896496495301388,0.19661200729563072,0.0038470826958533766,0.01223673110391671,0.025104619363079395,0.0038470826958533766,0.17094148658792807,0.0038470826958533766,0.0038470826958533766,0.4208447172442821,0.003904664381308154,-0.0064798011866675775,0.002435832458979603,0.0038470826958533766,0.4208447172442821,0.0038470826958533766,0.0038470826958533766,0.4208447172442821,0.1006044437880152,0.0038470826958533766,0.005291026774537577,0.257740807659503,0.0038470826958533766,0.4208447172442821,0.03160170388575578,0.002435832458979603,0.007741721780406996,0.0038470826958533766,0.031101730946054895,0.021309506163496528,0.7896355490043745,0.0038470826958533766,0.0038470826958533766,0.17702660694677158,0.187775108350425,0.4208447172442821,0.17094148658792807,0.002435832458979603,0.004298377849724255,0.004036291197027531,0.0038470826958533766,0.003906799351806434,0.0038470826958533766,0.002435832458979603,0.0038470826958533766,0.0038470826958533766,0.0038470826958533766,0.42069241530149115,0.17363045893544804,0.004196612335317373,0.02909989652442424,-0.0064798011866675775,0.0038470826958533766,0.0038470826958533766,0.4208447172442821,0.0038470826958533766,0.0038470826958533766,0.42069241530149115,0.0038470826958533766,0.171033746924159,0.0038470826958533766,0.0038470826958533766,0.7969985127349538,0.007871048100841993,0.171033746924159,0.0038470826958533766,0.0038470826958533766,0.002465224476316308,0.0038470826958533766,0.0038470826958533766,0.10130562784676994,0.42069241530149115,0.0038894803581671633,0.0038470826958533766,0.0038470826958533766,0.010287101780871999,0.004306385031543181,0.4208447172442821,0.42369947383631923,0.002435832458979603,0.0038470826958533766,0.0038470826958533766,0.7896496495301388,0.004055062923976227,0.014059798512939314,0.0038470826958533766,0.0038470826958533766,0.42069241530149115,0.0038470826958533766,0.0038470826958533766,0.02740594346050612,0.0038470826958533766,0.0038470826958533766,0.004469263398553469,0.005652694023038918,0.7906397330601365,0.09248321409773536,0.0038470826958533766,0.17096296144080975,0.015362006088249336,0.0038470826958533766,0.003911239786151655,0.42301747831377867,0.0224595154445828,0.003911239786151655,0.005900043087883444,0.003911239786151655,0.2595269855066722,0.02738902287449957,0.7896496495301388,0.0038470826958533766,0.0038470826958533766,0.003838975490501384,0.0038470826958533766,0.5552789749764845,0.4208447172442821,0.005181966086039824,0.0038470826958533766,0.0038470826958533766,0.002769304727025357,0.10840351470043674,0.4208447172442821,0.0038470826958533766,0.0038470826958533766,0.0038470826958533766,0.003942880913917979,0.004306385031543181,0.0038470826958533766,0.4167390326611077,0.7907582576234078,0.0038470826958533766,0.0038470826958533766,0.5361616519822131,0.010268272305701098,0.0038470826958533766,0.4208447172442821,0.42141473041555433,0.42156723190016987,0.0038470826958533766,0.0038470826958533766,0.003911239786151655,0.4208447172442821,0.5237347509132726,0.0038470826958533766,0.0038470826958533766,0.43242275940973485,0.008895907075866849,0.0038470826958533766,0.0038487467237204864,0.003911239786151655,0.0038470826958533766,0.0038470826958533766,0.0038470826958533766,0.0038470826958533766,0.42321891143207013,0.0038470826958533766,0.0038470826958533766,0.17036119795142834,0.03712450224124331,0.0038470826958533766,0.0038470826958533766,0.011232741729421347,0.0038470826958533766,0.1715598874057186,0.0037842369710657797,0.41905751886628173,0.01920337465335009,0.0038470826958533766,0.006229964918202435,0.42156723190016987,0.002435832458979603,0.028178254787191603,0.0038470826958533766,0.007280074490622235,0.791949935862262,0.01309421298640534,0.007741721780406996,0.4190986144412505,0.7962534498408507,0.0038470826958533766,0.0038470826958533766,0.0038470826958533766,0.0025347087673083246,0.0038470826958533766,0.002435832458979603,0.0038470826958533766,0.0037842369710657797,0.0038470826958533766,0.17094148658792807,-0.0064798011866675775,0.42298940080470926,0.02082235640513086,0.10736891804989818,0.0038470826958533766,0.003911239786151655,0.0038470826958533766
chr1:246417412:246417413:NM_022743:SMYD3,0.30715590367778867,0.14891737517849885,0.23788916306322078,-0.008383188374843198,0.31028006883164605,0.4026089832897932,0.3073293020050052,0.20664068596089397,0.20066107554102713,0.16132728029514332,0.16206291330595568,0.010669843239851373,0.2928118006172613,0.45414652632681796,-0.007912306204745756,0.1995442539191853,-0.008383188374843198,0.22250819490339852,-0.008383188374843198,0.1365703874342623,0.15809797111205376,0.30528095752448825,0.03567622757159861,0.14992966712721462,-0.007531977562820202,0.1365703874342623,-0.007911250713129092,0.1995698221267227,0.30690444100200565,0.1995357549201358,0.312469227296602,0.3077132355558815,0.2379238557204002,-0.007649203602064225,0.30528095752448825,0.13680918900387767,-0.008383188374843198,-0.007912306204745756,0.257899667831229,0.26343177674780627,-0.007912306204745756,-0.008383188374843198,0.16202913257450402,0.03556647579568856,0.06963740466232765,0.05095585357073962,-0.008383188374843198,0.39155159620483615,-0.008383188374843198,0.39155159620483615,0.03652656755946149,-0.008383188374843198,0.16206811232597107,-0.008383188374843198,-0.0075270684016514045,-0.008355549460441092,-0.007421750873462085,-0.007912306204745756,-0.00031763225419212393,-0.008383188374843198,-0.007513352127674289,-0.008383188374843198,0.0555404151228977,-0.008044614935852734,0.5150876629829482,0.07882764821578409,-0.008383188374843198,-0.007649203602064225,0.05534463709764054,0.16113552869875336,-0.008383188374843198,-0.008355549460441092,-0.00800393355087159,0.013646067573637455,0.31554801787345454,0.17226214259017936,-0.00031763225419212393,0.16796493496535603,-0.007912306204745756,-0.007912306204745756,-0.008383188374843198,-0.014310329894082152,-0.007912306204745756,-0.007912306204745756,0.2581323644022418,-0.007530921506924193,-0.008383188374843198,0.775901449970361,-0.008383188374843198,-0.007879488457700756,0.1365703874342623,0.2611419857117332,-0.008383188374843198,-0.008383188374843198,0.11313088022212542,-0.008383188374843198,0.09747112502177363,0.45290164764437946,0.01508683763918961,-0.008350379200460056,-0.008383188374843198,0.16217694329102783,0.000989958367194732,-0.008383188374843198,-0.007631479979954503,-0.006601087161664632,0.19232726146824752,0.559936136721992,-0.007879488457700756,-0.008378276332440537,0.1365703874342623,0.16461133059266042,-0.007912306204745756,0.13708046673147795,-0.0001616695543650848,-0.003954020038561823,0.47235976266445423,-0.007912306204745756,-0.007912306204745756,-0.0011283098761735721,-0.007911250713129092,-0.007531977562820202,0.16100495293985395,-0.007676271662012402,0.16217694329102783,0.475297338493341,-0.008383188374843198,-0.007912306204745756,0.21469279696427152,-0.008383188374843198,0.054256386370794885,-0.007912306204745756,0.2165381111283612,-0.005498516210192539,-0.008383188374843198,-0.007912306204745756,-0.007912306204745756,0.047672593705706534,-0.008355296001379853,-0.008383188374843198,0.13722589296176518,0.13731927814240297,0.07727715617235903,0.25610907874783934,0.33362613908440764,-0.008383188374843198,-0.008350637242665493,-0.007912306204745756,-0.008383188374843198,-0.008350739155184972,0.02176952693709766,-0.007912306204745756,-0.0036018200144040113,0.0356480529382055,-0.007619396632691233,-0.008355549460441092,0.03613649609940406,-0.008383188374843198,-0.007631479979954503,-0.007912306204745756,-0.00800393355087159,0.01622463963555465,-0.008383188374843198,-0.008383188374843198,-0.008383188374843198,-0.008380196293256592,0.015563863684635193,0.5609579267943169,-0.007912306204745756,0.1365703874342623,0.3889827947741171,0.32846919495327365,0.3907833042842762,-0.007912306204745756,0.05300648368080385,-0.007912306204745756,0.4396781921568972,-0.008383188374843198,0.0065310124796519875,0.04283540312435258,-0.0073300858467316155,-0.007912306204745756,-0.006971141943557302,0.19978494335083757,-0.008383188374843198,-0.008383188374843198,-0.007912306204745756,0.020195761479071428,0.030389102520664513,-0.008383188374843198,0.15104741248276732,-0.007786608030156239,-0.008383188374843198,-0.008355549460441092,0.15883432205955422,0.45779047386897664,0.16707767864077533,-0.008383188374843198,0.14605484654245,-0.007801100621780355,0.009908100156326538,-0.008378276332440537,-0.007801100621780355,-0.007881346128797762,0.01907293521323622,-0.007912306204745756,0.16894411301480022,0.10643630970869272,0.023074290656276475,0.24019457875455574,0.09450162733222461,0.2598775010872433,0.15919465700956226,-0.007912306204745756,-0.008378276332440537,-0.00787984070699288,0.023747248146621436,-0.008383188374843198,-0.00779441149924226,-0.0073300858467316155,0.20314424344061116,-0.008355549460441092,0.1365703874342623,0.3889827947741171,0.0769390419270618,-0.008383188374843198,-0.008383188374843198,0.018630335583120106,0.1365703874342623,0.056930850473797534,-0.008383188374843198,-0.007912306204745756,-0.008383188374843198,-0.00419349520740786,0.18785452318652318,0.1995357549201358,0.13736691559301045,-0.000906255030983738,0.10552029686715358,-0.00800393355087159,-0.007910783558403689,-0.007912306204745756,-0.007912306204745756,0.4570184036141277,-0.008383188374843198,-0.007912306204745756,0.05609160394779661,-0.008383188374843198,-0.007912306204745756,-0.007421750873462085,0.18179069931193503,0.31721272707630443,0.016768404963430406,-0.007531977562820202,-0.008383188374843198,0.019966938194581063,-0.0005604388477157829,-0.007912306204745756,0.0003810628202788324,0.15484922433350073,0.15484922433350073,0.05534463709764054,0.15748149422878766,-0.007912306204745756,-0.008383188374843198,-0.007912306204745756,-0.008383188374843198,0.047696986553891596,0.36438163951585,0.1369870863120904,0.31340680122860837,0.15890656039969464,-0.008383188374843198,-0.007912306204745756,0.017884473149968327,0.23564875908023397,-0.008383188374843198,-0.014517319081838509,-0.008383188374843198,-0.007091863449026015,0.0550100804458466,0.3895818894300348,-0.007912306204745756,-0.008383188374843198,0.018952863984507906,0.1995357549201358,-0.008383188374843198,-0.008383188374843198,0.14992966712721462,-0.008383188374843198,0.23788916306322078,-0.003976813198187601,0.1370729070595208,-0.008383188374843198,-0.007471208674418306,-0.008350379200460056,0.055336144703993284,-0.007912306204745756,-0.008383188374843198,-0.008383188374843198
chr2:1744547:1744548:NM_012293:PXDN,0.3074498406766237,0.2694174614916711,0.051227657561170314,0.18048253008361798,0.31030909406582236,0.1731758795054143,-0.0019638375085977433,0.05689156066958001,0.27283945012575833,0.1954756360320667,0.01762306794568086,0.1664895341013981,0.35073795940127056,0.37612102216768345,0.22003106466780065,0.0518738131167934,0.18152832684892475,0.44630402321996543,0.035389055930697855,0.06194034270470239,-0.0008102940330195207,0.28086223197695226,0.12057728598659573,0.16578569177052843,0.14972254244200808,0.06194034270470239,0.14972254244200808,0.28199229535978126,0.061658079305648816,0.11001724913107414,0.42551520297059975,0.028517540973259203,0.09733025086091107,0.1904438033623021,0.23817367349812127,0.22905478400346646,0.03986864629969128,-0.0009324822670815913,-0.0009324822670815913,0.05713716639315025,0.14972254244200808,0.0671911945384302,0.1681696168856534,0.2594901086872722,0.11320542077055917,0.029679683247350708,0.03986864629969128,-0.046123266479350056,0.01994920131290273,0.5295311555299247,0.29973246926468355,0.14972254244200808,0.05500902701513788,0.03986864629969128,0.15834211525707134,0.04053233211106544,0.5945147053301516,0.14972341758860827,0.32627817112663193,0.22827861474235608,0.22374651061874,0.24447104334489028,0.17952167585380963,0.08116039055771818,0.6447199349543447,-0.0009324822670815913,0.14972254244200808,0.11753748759236715,0.33571957095849086,-0.0009324822670815913,-0.0009324822670815913,0.10879591108504649,-0.00012381523910709458,0.29949815068859764,0.2087371387070966,0.18604259574617626,0.32627817112663193,6.48387259738481e-06,0.0004399197569988633,0.5845017797816254,0.14972254244200808,-0.0009324822670815913,0.018424311236351965,0.6292749936387163,-0.0009324822670815913,0.5867465158956611,-0.0009324822670815913,0.4776509751877382,-0.0008116860560101746,0.22893117612629402,-0.0009324822670815913,-0.0009324822670815913,-0.0008083523099275403,0.00012184939573461895,0.28265997772312657,0.5973648314298082,-0.007442972827516214,0.06198260857827215,0.004390938365214703,0.004390938365214703,0.10786528680873136,-0.04861932826694204,0.03707986411818048,0.00453716053968356,0.2617702785492294,0.3662964960836941,0.10230232161192226,0.16305130918531768,0.24055578953662587,0.03986864629969128,0.23709419023540104,-0.0009324822670815913,0.1509253918500531,0.22211339088873464,0.039738075551096375,0.006704114513882031,0.3133688434932158,0.16311049907054526,0.1555432327150196,0.04889139075987842,0.22003106466780065,0.15513324260615144,0.09689201087813887,-0.0009324822670815913,-0.04861932826694204,0.36580215107337466,-0.0008513335465581973,0.14972254244200808,0.17345957632256626,0.0561118593947072,0.033226896278939044,-0.0009324822670815913,0.17252092915491923,-0.0008209006419441223,0.22003106466780065,0.021931133722381535,0.021931133722381535,-0.0009324822670815913,0.5565322821263018,0.150741413619371,0.16706133067135018,0.030350802913432173,-0.0005137844004461378,0.03977898600257701,-0.0009295917710746004,0.07484786242888408,-0.0008116860560101746,0.019009946648502085,-0.0009324822670815913,0.003598275780874294,0.14972254244200808,-0.0009324822670815913,-0.04170685111983996,0.019207405946519485,0.08836559800291088,0.007809967940505869,0.002090618826978974,0.004390938365214703,0.14972254244200808,-0.0009324822670815913,-0.0009324822670815913,0.008112085822730541,0.03986864629969128,0.006876099009340997,0.03986864629969128,0.2200354685078634,0.40056765440738906,0.400107950385249,0.58464324755263,0.06658791265833625,0.40391645994158865,0.13432279545614312,0.039738075551096375,-0.0009324822670815913,0.24305420619154355,-0.0009324822670815913,0.039741010180848524,-0.0009324822670815913,0.12887906454720677,-0.0014825481666410623,-0.0009324822670815913,0.1509253918500531,0.2573472908554424,-0.044313567243444485,0.22998649803773652,0.03986864629969128,0.00453716053968356,-0.0009324822670815913,0.02108631283638146,0.03986864629969128,-0.0009324822670815913,-0.0009324822670815913,-0.0009324822670815913,0.03986864629969128,0.0010606122131800455,-0.0009324822670815913,0.13065147506029595,-0.0009324822670815913,0.33195613035181815,0.2240796647351268,0.3520609074805051,0.03986864629969128,0.0003000406135439948,0.363688825388652,0.003115842084459808,-0.0009324822670815913,-0.008547201869658627,0.2038022336478647,0.023805486775454854,0.09936617417606741,0.03336594703625906,0.29954628573478226,0.010121363633606772,0.1547963500899165,0.03986864629969128,-0.0009324822670815913,-0.0009324822670815913,0.004390938365214703,0.04578752901195221,0.00032909757501531356,0.05729166058458762,0.06412704390970836,0.3415348750902469,0.050571008753052704,0.3710029469106221,-0.0009324822670815913,-0.0009324822670815913,0.0002741198773736353,-0.0009324822670815913,0.35893845834662164,-0.0009324822670815913,0.06858670006912448,0.14972254244200808,0.15066393812581874,0.00471933177140238,0.06230447652538107,0.3855774862093357,0.02699446973952635,0.045974055040052975,0.5921652447336729,0.5847695073944863,0.15841121130512026,0.15569703777641533,-0.0009324822670815913,0.0003048058537349907,-0.0009324822670815913,0.025518727605286895,0.03986864629969128,0.15675227158714533,0.34312671639828685,0.04587464157684096,0.02129818675114209,-0.0009324822670815913,0.15060819244208642,0.1174403125709147,0.3369649996659144,0.04036857151488554,0.15569703777641533,0.08528423020946468,-0.0009324822670815913,-0.0009324822670815913,0.2984141333263717,0.2383776919826791,-0.0009324822670815913,-0.0009324822670815913,0.045626152175478996,0.00011812039525110896,0.25823715220517185,0.002775243261559257,0.11456105189454041,0.019185318581075195,0.06194034270470239,0.362362524482032,0.14972254244200808,0.23447290005463894,0.039738075551096375,0.03986864629969128,0.42740777472997127,-0.0006877926938381185,0.04489775414547004,0.03317986628226377,0.579826254709266,0.14972254244200808,-0.0007870874474128486,0.00012859358151667832,0.0008476410857541361,0.08832820348563952,-0.0008116860560101746,0.16565632845281653,-0.0009324822670815913,-0.0008116860560101746,-0.0009324822670815913,0.22003106466780065,0.03986864629969128,0.01589580310375649,0.04918130701220563,0.2791217157794423,0.1551034363282112,0.004394679050629902,0.07964885081878975
chr2:24972111:24972112:NR_034113:DNAJC27-AS1,0.3903117706292764,0.08272890712081432,0.3623383659942462,0.928035536024122,0.0028167335171331853,0.08412739414223516,0.3925730090488849,0.0018377097973232837,0.06842455883494189,0.3936296082592719,0.36266327437521306,0.39161799959176924,0.37878460901379907,0.44634109025000285,0.26779650951787426,0.0018377097973232837,0.9487586863919214,0.5206915049445923,0.36187205096946035,0.001868907527038527,0.016176876257862516,0.013667958348036607,0.013339806273970495,0.0021897794260788694,0.9257087459857393,0.36186354922494324,0.002681848984176227,0.013339806273970495,0.36186354922494324,0.02739022389993126,0.07584072750617862,0.31698938643656555,0.3925730090488849,0.016156295721718172,0.034631037993751446,0.9101871878678723,0.02273120109464205,0.9257087459857393,0.051731948649779785,0.3881320831140744,0.9243429845209423,0.26924957410520434,0.3618648557379897,0.001868907527038527,0.4040062959998589,0.38569735142401956,0.001868907527038527,0.013339806273970495,0.012099764829469783,0.9117535864957843,0.0030264637636657765,0.3622245270187233,0.36266327437521306,0.02273120109464205,0.2691279040680963,0.001868907527038527,0.3900696464163721,0.0035026817110277164,0.39209620858527916,0.36454681609595385,0.10482013402851748,0.001868907527038527,0.3652920419372422,0.3653546447245741,0.3910966211285819,0.2649909309272277,0.002117872531277737,0.015993159786794303,0.0018801753826278855,0.004545736556097968,0.0020136134798511562,0.36186320306055986,0.36319835030615466,0.0023348792380695482,0.002194100210311939,0.2662401554736822,0.39209620858527916,0.002180119998318214,0.0026836728259923004,0.2649909309272277,0.002681848984176227,0.016011465569482852,0.2662849647173069,1.041450324266888,0.009397795390064856,0.26779650951787426,0.00255044722564729,0.18099775421155379,0.001868907527038527,0.2664658265883777,0.36307902669052605,0.002180309739316405,0.3622245270187233,0.002117872531277737,0.2678702746823689,0.004975029120880714,0.5624228604514855,0.46452586514183464,0.001868907527038527,0.11593906025455372,0.02273120109464205,0.004545736556097968,0.0027022954604135896,0.3623383659942462,0.2695253339589005,0.3935833349343053,0.26499028258262247,0.9997811467059494,0.36367558540658435,0.001868907527038527,0.36186354922494324,0.018297007975580787,0.26761603559071123,0.9146384049260655,0.26629969962224115,0.008318047786681992,0.29761487988351265,0.2664650006964149,0.2664650006964149,0.044045307904096165,0.9257087459857393,0.9432499628264741,0.39254221612282353,0.002117872531277737,0.004545736556097968,0.045615608235797495,0.36186354922494324,0.0034914031169253346,0.0390313242760891,0.001868907527038527,0.9291058850718125,0.36264540903826675,0.036913576985760616,0.0027720707098643493,0.26839059975789525,0.36186354922494324,0.36186354922494324,0.29053621514073596,0.36657760260756145,0.002117872531277737,0.4326851528070264,0.3618795166251038,0.2662849647173069,0.029856108280199745,0.012834565596192143,0.001868907527038527,0.0027720707098643493,0.40194811754710913,0.001868907527038527,0.06993976355288581,0.9243429845209423,0.3631973897520725,0.3856768811446076,0.0020258152248469885,0.007223030820912718,0.0018908580298145627,0.3622245270187233,0.001868907527038527,0.2664650006964149,0.36376286890095916,0.26631723092235027,0.9101688145159558,0.02273120109464205,0.0031149804707214235,0.001868907527038527,0.36264540903826675,0.4007703774711735,0.39728060546006927,0.36300665693068157,0.023418891180181783,0.013777285485950697,0.029222807120509092,0.1973043910430333,0.002681848984176227,0.08225454866765877,0.3622245270187233,0.4101068199834164,0.26631723092235027,0.012507334106477502,0.2978289611404867,0.9118007200548409,0.9247804530199236,1.0695263547476404,0.062453664072411486,0.3618643803491113,0.02273120109464205,0.3622245270187233,0.2665430774327728,0.3337007954640663,0.001868907527038527,0.0020130186086042556,0.023301617467104768,0.002117872531277737,0.02273120109464205,0.9118007200548409,0.012654101313165411,0.2649909309272277,0.0027972035952103513,0.1386940356431177,0.3873984773337974,0.37221286618981053,0.02273120109464205,0.36186354922494324,0.3923206650784393,0.0035642253835295734,0.002693122116215557,0.9213490955134208,0.0455613127076869,0.001999767996364199,0.29490278882706455,0.9093121794259378,0.3937668336459172,0.0027949838524770065,0.36482309378139155,0.02273120109464205,0.36264540903826675,0.36509617030533836,0.001868907527038527,0.9237148796256728,0.2886174380780626,0.1383607115868046,0.001868907527038527,0.002194100210311939,0.36186354922494324,0.04478435615345722,0.3622245270187233,0.36186354922494324,0.0035642253835295734,0.0018726419458529875,0.43487575685295765,0.002117872531277737,0.36186354922494324,0.2649909309272277,0.0543630007333909,0.02273120109464205,0.001868907527038527,0.2819170404382233,0.3920436261057658,0.02273120109464205,0.3640983977914888,0.267969646806482,0.26642879400870345,0.2664650006964149,0.01308800234091495,0.2656094194305346,0.2662849647173069,0.2946170794020663,0.001868907527038527,0.2664650006964149,1.0401136081715137,0.13793535636865253,0.0030313848590265424,0.04168819751429939,0.26779650951787426,0.33989391388194573,0.273167904826731,0.016376324683705035,0.2662849647173069,0.2685462212309485,0.0022955344567975045,0.0022955344567975045,0.3703021492854843,0.004813322232020634,0.001868907527038527,0.001868907527038527,0.001868907527038527,0.36186320306055986,0.26783186123463176,1.3104025693726848,0.0036133581330971276,0.13891922290976327,0.3937580219908782,0.3618643803491113,0.2664650006964149,0.003793507233197324,0.0732878443733549,0.001868907527038527,0.43657496410636865,0.2884424254287345,0.022675264655144967,0.9271532275107847,0.3857950655978883,0.36482309378139155,0.001868907527038527,0.0035642253835295734,0.013361110626863848,0.0022056129065711194,0.02273120109464205,0.0027662098123408807,0.26500565791339487,0.4177577702416831,0.3618912147479376,0.3624180855620858,0.00255044722564729,0.4186932112878861,0.0020206924227975376,0.004282800831827666,0.2664650006964149,0.31786307848519096,0.0023876360171005417
chr2:25982574:25982575:NM_002254:KIF3C,0.5837511281389276,0.15259585684979626,0.25595824788811566,0.44786480645310045,0.40004156279966835,0.0645095420186536,0.12141866287544309,0.2266039439434745,0.04902774052445467,0.06082397018685695,0.5604844390433532,0.06275986064762348,0.4439931726520204,0.7247411944497352,0.44567869291474715,-0.009319513593402641,0.44786480645310045,0.03307090108881138,0.6025600586511247,0.1378917517035566,0.13745276685679286,0.33855755323759135,-0.008200444200455258,0.38654041110313897,0.44470059167149495,0.1389029841642506,0.4324058852962694,0.006064786339811584,0.1389029841642506,0.4014347946618672,0.5007983667774367,0.7186051937650869,0.5739761698472877,0.02309040753338313,0.19335293555648256,0.14085254783509407,0.2292549466994586,0.44470059167149495,0.0061289738436415275,0.006081929180783215,0.44567869291474715,0.5916998613434743,0.19999899619511194,0.0961913694181291,0.15591616987723847,0.44551389494412763,0.2491240897649627,0.03194654465873884,0.0029667474872061353,0.5110871599935869,0.3998147464206651,0.44470059167149495,0.5584239630342203,0.45892219941810053,0.44946575741647,0.15177547401176808,0.6249671523081937,0.44567869291474715,0.2963648029695207,0.44567869291474715,-0.013532186017146564,-0.007006912405196006,0.005995952189523361,-0.1105875710090747,0.71382161043317,-0.006223390917159385,-0.008191605071849073,0.02013822716719087,0.005991704477829055,0.017199044660386145,0.002996501954857088,0.06897647688104158,0.45046573977718896,0.3726055066945831,0.41595898459898556,-0.008291877496230608,0.14130647368898297,0.024856390076515945,0.009934312372667675,0.44470059167149495,0.4318651036805728,-0.00813232924736338,0.12074050202768298,0.6255096357685646,0.015159097835260947,0.4457077836447156,-0.006223390917159385,0.20253051579426568,0.2470321813661784,0.21827276294727646,0.14533257804869473,0.015564538894627285,-0.008191605071849073,-0.006531480606452526,0.006002737389274045,0.03890676451005352,0.619860700226943,0.8912360985998002,-0.11424902081520792,0.10401519065981704,0.5452827492023782,0.15055009534477404,0.046505138936600715,0.17102340372344788,0.4556159131813768,0.1547888792397366,0.029957331905032816,0.8912360985998002,0.7079159581029795,0.5452766740711119,-0.009444939232310004,0.13893888844086932,0.44567869291474715,0.3394506037974509,0.44919654018003063,0.05608968071801739,1.0689847570107436,0.44567869291474715,0.3264107535200381,0.013313227985847513,-0.006223390917159385,0.44568495973174244,0.08207051278715399,0.5866724294379608,0.15055009534477404,0.17240059085895135,0.1378917517035566,0.4324058852962694,0.24872452183774457,0.1225984617575169,0.6095091129569117,-0.006223390917159385,0.014726591278945454,0.0060715169540242475,0.44470059167149495,-0.006454891606217851,-0.006454891606217851,0.03627723995787549,0.01341386425206053,0.03890676451005352,0.45566435215717904,-0.0005752678687631629,0.44919654018003063,0.0077165883169488594,0.014992550768901165,-0.00815789631414255,0.13893888844086932,1.1189963901453386,0.13793162651282653,0.022676903207225936,0.4324058852962694,0.44470059167149495,0.05679548683580943,0.4016476036931819,0.07665631390084271,0.1348796323003206,0.019299846399212603,-0.008119258376206397,0.44470059167149495,0.5865444687257131,0.5865444687257131,0.14510153252174413,0.48813450094564537,0.4551250473745486,0.1389051840496598,0.44470059167149495,0.046698869356660344,0.6937889335437234,0.44567869291474715,0.03640784844786565,0.23534277278271473,0.1410018079091912,0.015282068271159674,0.4318651036805728,0.3275905970085841,0.44470059167149495,0.02506611994104148,-0.006223390917159385,0.12982001902034346,0.09476820441867924,0.44567869291474715,0.44567869291474715,0.4888957638261159,-0.08491630397941533,0.1479390815143592,0.5452827492023782,-0.006223390917159385,-0.006223390917159385,0.048887730878123155,0.24907452917965503,0.15387030985068267,0.4474961052679851,0.0060715169540242475,0.4020773987538928,0.05304145935596448,0.16036481301398023,0.44567869291474715,0.0043012689317460245,0.055637785274125225,0.477292415157188,0.4306796913941089,0.5452827492023782,-0.0018767628835775,0.31839845810625955,-0.11482283829258115,0.4324058852962694,0.44470191330170217,0.11354467728922488,0.44329575446194175,0.30389905171316894,0.45191944137412066,0.049458374138594906,0.0060715169540242475,0.46795635349283793,0.45892219941810053,0.4318651036805728,0.1389425303277177,-0.008119258376206397,0.346452528489873,0.7493611041955952,-0.052664501659805074,0.1485523896161499,0.4733438360513908,0.24486754005887137,0.16534739991025504,-0.006223390917159385,0.0027568015633893245,-0.11482283829258115,-0.008191605071849073,0.08672040144573394,-0.006223390917159385,0.042788358680155396,-0.008191605071849073,0.02406214366959092,0.013537620091528008,-0.008187314804189376,0.45267373167416297,0.007259676057616675,0.006074821425083053,0.4324058852962694,0.44470059167149495,0.4570968217551033,0.44567869291474715,0.01529062736946292,0.4309082366346451,0.3280164744255797,0.4309082366346451,0.2491240897649627,-0.006223390917159385,0.5892042816937628,0.013537620091528008,0.3476604405436736,-0.028136150633100473,0.4318698930645917,-0.0230051958839032,0.04652108465282571,0.03638968688036141,0.44567869291474715,0.4447064338741224,0.10275820193973222,0.10275820193973222,0.04935204445485493,0.13716202068939906,0.036716623585384765,0.13889893480597712,0.1380171951541504,0.4318651036805728,0.45049471358407256,0.5245263496266263,0.37716578438015713,0.3623253774501149,0.34849520721264615,-0.10626603054137013,0.5738978021700805,0.17294076467975,0.013882469821950169,0.17566389733264967,-0.012039175531710924,0.7592973681552508,0.03404789680026014,0.5923876499917239,0.4838161187398655,0.34579271922207094,0.4318651036805728,0.021615646719894827,0.13789262569492722,0.13813751970771154,0.5452800661668165,0.12993635376564558,0.43658331306596776,0.2516884147715046,-0.007198992802984978,0.4309082366346451,0.08881135132033084,-0.08830853101549763,0.3029244273694312,0.005991704477829055,0.5871634870723073,0.4324206440895597,-0.008191605071849073
chr2:27071699:27071700:NM_001134693:OST4,-0.07187356551858581,0.7758469019729136,0.0016533498779241484,0.3837117440880113,0.0015556835392060986,0.4224388341717482,0.2304474305465572,0.10450985022522696,0.23006109291266796,0.03852011549017781,0.26032147823497576,0.21997347050820873,0.61927060910085,0.08448712090264571,0.13849687689192502,0.10452955166798689,0.3352742350293507,0.38830003862720736,0.2300790323625403,0.0016594813027904776,0.17505024181726697,0.3828153987032259,0.0011928924063093205,0.6637425902015993,0.2856707635308617,0.0015182111363717943,0.5471393929433892,0.0011928924063093205,0.0015182111363717943,0.2433806444114507,0.0525181498434828,1.04361564538645,0.24154953094401194,0.0015243547438178462,0.3771104180688331,0.4723071114471105,0.0015182111363717943,0.5388743662275084,0.11755131526894996,0.0012150969286377489,0.5439367318151489,0.4565188271220908,0.3973351161168373,0.104507032880923,0.4650190699522908,0.4736740065910976,0.0015243547438178462,0.003835847036541662,0.0574492580881264,0.0802744225497109,0.16028448737499973,0.104507032880923,0.6129818737300619,0.0015182111363717943,0.8493938647168824,0.0015243547438178462,0.16865798693297757,0.22801069570482424,0.1133698254556541,0.42052117150213264,0.15972052097378597,0.0011967518549418354,0.21193910033762164,0.14318500089377723,-0.015780425293586336,0.11321611342554755,0.0011928924063093205,0.0015243547438178462,0.21194259996407686,0.5879948930817864,0.005970808073576028,0.37635177335418096,0.527253072916306,0.008710789231238025,0.3902743904895757,0.3912815951281528,0.23457215407009452,0.37555326907075287,0.17215503015551015,0.3387589360586335,0.5608116656837762,0.0012658800874053022,0.06539632315314864,0.4317581701245007,0.11777468480016795,0.7368473796717618,0.45090868818469887,0.04033201589711932,0.0015182111363717943,0.5270207155874095,0.031418659026922924,0.11358017778587937,0.3025943098298395,0.43489006200095753,0.49056722191553587,0.47591008807025725,0.0015540698226745309,1.0182134912751901,0.10490760618255168,0.0012080136026461075,0.0015182111363717943,0.5815328783517726,0.553010738642248,0.11324015219163658,0.6299244161570138,0.24596742618286704,0.5651927094860855,1.0595857091938605,0.5407133292594317,0.0015182111363717943,0.5068265618997757,0.17826652992776476,1.0117504605083887,0.14619702877872587,0.104507032880923,0.24532919679732174,0.009444421333534792,0.9440794277718432,0.1846760041164811,0.25981699005176406,0.1757672592717136,0.7594005679370464,0.15885554922248274,0.3121684143577205,0.41800097812896486,0.3845590091753953,0.1793180514603372,0.3881217070446119,0.05263476358136543,0.0015243547438178462,0.19564054381288165,0.9198915760256928,0.0017003495677742064,0.0011979976877865561,0.03977016191758265,0.5891539655952893,0.5891539655952893,0.22965396151544015,0.6449938402704807,0.4003822770827038,0.8463149763587208,0.8214582516720522,0.10488614882365566,0.00824891438241493,0.11813226509982366,0.0015182111363717943,0.0015243547438178462,0.3972814564465444,0.0015243547438178462,0.22284169662729997,0.5541571669264092,0.5608146707785255,0.6353088614342932,0.1074507279526834,0.018165781866754382,0.0052700827089670055,0.5613243422476699,0.0011928924063093205,0.5446027625387391,0.06212089452755243,0.30802448801089155,0.5679816422681205,0.10486790773656024,0.44707828327044224,0.0015182111363717943,0.3020447358002589,0.6009598562557815,0.004344485085989308,0.6012265297630125,0.5664352876240356,-0.016706952047170792,0.45190118535294427,0.14798359356942692,0.08016605226666529,0.0440840726875491,0.46767102982274444,0.3773360970270094,0.46172161865156147,0.22026611160648596,0.825459656342698,0.4638596080187503,1.1975960390391638,1.1677234445169975,0.10504752610584378,0.942955119430378,0.0015182111363717943,0.0676227865573808,0.104507032880923,0.8234044167042427,0.0015182111363717943,0.17527781744930343,0.061743210492886,0.3073531724085654,0.0015182111363717943,0.6511047219452115,0.11744914246670368,0.613951581718256,-0.013290827886929257,1.03878228658547,0.394762693833846,0.6416130328594716,0.0015182111363717943,0.0011928924063093205,0.19185081297303652,0.7806092867235562,0.6407450212058834,0.7248217983015581,0.0015656276459902196,0.01010765659589552,0.47700277900344173,0.48320092320996216,0.42880843724937123,0.11358241836141392,0.9536298372454992,0.0015182111363717943,0.7413330534716592,0.17567606368171024,0.0011928924063093205,0.14124900937615636,0.160020846119716,0.37793747653996745,0.5425031184224396,0.08359227445086531,0.33606931859424394,0.3845254762813427,0.07975712088472292,0.006589410592978018,0.38338922948696086,0.5879835296620928,0.6149246391050923,0.0011928924063093205,0.7759580182011339,0.0011928924063093205,0.07565788550546143,0.2551993955930373,0.3825381910780324,0.9034763450541985,0.30205712530268164,0.0012029082918981193,0.18075959035194927,0.8405009810027624,1.2009751603763148,0.9053747937079747,0.10870637501482933,0.1141714579361589,0.18467924342486197,1.0308032476696778,0.0015182111363717943,1.173051277326884,0.2571286585643307,0.0016919152225690626,0.5378661507512965,0.11244828626203146,0.5800861908486911,0.47354005068347593,0.3740714175511883,0.37635177335418096,0.9044823750808875,1.1574916721419877,0.24409484573308532,0.24409484573308532,0.25044887852835007,0.4202294842417894,0.23045909303818007,0.0015182111363717943,0.0017270857739122847,0.25878650406175474,0.6269757296606776,0.5889508300678634,0.5673347542034922,0.24339777694671483,0.11358066944829986,0.5415688102577471,0.926901683330306,0.37755863579574916,0.0018509007857371307,0.45039809381535084,0.09099099650648451,0.03816081545212524,0.19727231758681996,0.1959857042686347,1.0454536871712092,0.4757880177770578,0.3026597286626102,0.7823291298805624,0.0015182111363717943,0.590115576474177,0.11357764886605992,0.35628951563746064,0.4431714998418281,0.5252178870128543,0.06176459862827188,0.3959814247871474,0.002044590961135073,0.04928932243089357,0.0013794684594995443,0.3020447358002589,0.6274562827029552,0.21579912187926098,0.0011928924063093205
chr2:27771716:27771717:NM_004891:MRPL33,0.2614580288064761,0.22313552261011854,0.29740845195666044,0.18850985619594388,0.23528230623548188,0.13633536966253082,0.2414818427683156,0.2702823795682987,0.10315135164977243,0.1348102373421448,0.14861884078423412,0.1367585443751006,0.13514464411853594,0.3347424859832915,0.003981682493276573,0.22465953388720905,0.19436905128310278,0.2693652560175446,0.3182410787499869,0.2250144323243769,0.0037697594878782076,0.4957728743377251,0.14547954005420433,0.3244529907761028,0.17382175871905134,0.23600410148544257,0.002995800404409138,0.3334949178899743,0.23883773094660504,0.1720683935894476,0.45145427811290795,0.5812305405734948,0.5397610498567039,0.35039496741196696,0.4979012447201082,0.46667896144235677,0.12378192636146468,0.17382175871905134,0.12112520742663128,-0.002328701778412323,0.19388974674451454,0.23908190430177093,0.22078308854731504,0.11872151362408595,0.2389358931519766,0.5716395263580207,0.12385870838087909,0.3190213203761353,0.00422229867053428,0.2257388071581493,0.3935893713426595,0.19273673656678042,0.22665969795182797,0.1234237244054094,0.02943206255634874,0.1193787737788663,0.14052972877607767,0.19273673656678042,0.2521002410523516,0.042492271982297505,0.3935379136374321,0.3215032164227778,0.1293107694532152,0.3300141774381973,0.2683135413837687,0.18849398395711003,0.002995800404409138,0.3595437077970585,0.010472167376749233,0.023717127959346954,0.0029835190323155847,0.12444442521265156,0.24489246860492775,0.13825369259862413,0.23515758664220954,0.1475360660511527,0.24323215522766928,0.22932376987863745,0.3889152543752238,0.18849398395711003,0.007958793342862203,0.002995800404409138,0.33788818974504153,0.18964689801666382,0.12086025029179372,0.007958417717494101,0.002995800404409138,0.2695740342973449,0.12380403514836359,0.19898042823571802,0.1190383131025907,0.09897727488213541,0.18853604766239498,0.19046945079401387,0.19911600295810522,0.1907909681204905,0.12776299787808093,0.5744828595437219,0.11926297985388583,0.0032284065664757583,0.12546803372321935,0.14259260526659845,0.8076423038461664,0.3056097778107682,0.24587508059565458,0.3213778412917057,0.37441832533969266,0.5783272117969568,0.19508013205634006,0.12354245100125576,0.30980115960226645,0.0032552633077889,0.30629359129207223,0.18581628500987216,0.30629359129207223,0.3208001457504657,0.2526453259214104,0.24610309304041816,0.18785265665051046,0.10722504963582255,0.006968227728869583,0.007958793342862203,0.13360387897775974,0.17383292345914253,0.14320184940570507,0.3255663234209259,0.18849398395711003,0.18849398395711003,0.4505246775441323,0.12870929367457162,0.5842598041297049,0.2131173331297642,0.45696728050719987,0.31629633544628954,0.04351430265390409,0.6068381971153365,0.6068381971153365,0.19124151453022253,0.30976116332279124,0.002995800404409138,0.7462883553838358,0.3128028989542928,0.18910877039672536,0.25331501950005186,0.3222090338724167,0.13081655414741009,0.003255846514660099,0.35734668799549363,0.1192041610153179,0.06616825865675732,0.18849280573697544,0.003981682493276573,0.2525367877898327,0.16635406094148586,0.0032540911183970705,0.3738812289540722,0.00855123152456748,0.0030066236827527015,0.19273673656678042,0.006968227728869583,0.17383292345914253,0.3752784999738933,0.12383803352044155,0.23851496488009852,0.12380403514836359,0.005632227269858611,0.24178937228722097,0.4841165529810961,0.18969194419848587,0.13534521440762476,0.14275518780782406,0.252332953790427,0.24231569141726275,0.002995800404409138,0.027324341531629243,0.18849398395711003,0.07174731903367447,0.17382175871905134,0.06204975888361122,0.3175164350173799,0.19273673656678042,0.21430207220716918,0.5204257998115351,0.3085688195806261,0.31642539565252487,0.11937262770808679,0.19388974674451454,0.18849398395711003,0.2391236216344508,0.12354245100125576,0.0035095840288990737,0.004500569094963533,0.002995800404409138,0.1196114012329566,0.00319520463028361,0.1661135979904777,0.311170950006266,0.009805614755759445,0.135046272079243,0.06439906180677576,0.42457327062840317,0.12409834161834792,0.18849398395711003,0.2531483526102083,0.2224667508236235,0.002995800404409138,0.19743249126179968,0.460384739783387,0.3140836791494964,0.7749255910756628,0.5716404546466582,0.2025615497238199,0.4893275637752964,0.3068261413461673,0.12409834161834792,0.002995800404409138,0.003561545281406814,0.0030066236827527015,0.37103479226455005,0.1979895721961797,0.19435873258873476,0.3059549839917897,0.2505816152031898,0.7764593435600102,0.581371916978272,0.18849398395711003,0.2239369305145386,0.222443750315733,0.4631676451323523,0.014288546770704832,0.17382175871905134,0.3059652043197641,0.18849398395711003,0.003633899474957125,0.0033024095633219647,0.11865042453519975,0.30158171190266386,0.00915781532313574,0.00319520463028361,0.1943426394299892,0.217635902355514,0.21450551406305346,0.19990696363208185,0.15240327832077083,0.18849398395711003,0.2378728090817747,0.19990407862538678,0.12382470897254406,0.19273968345830267,0.386076152350565,0.00319520463028361,0.1411110011767455,0.002995800404409138,0.007958793342862203,0.19213244482782987,0.01702218025756415,0.11962452823968599,0.18969171082347006,0.19970943421964765,0.002995800404409138,0.002995800404409138,0.13694847182833517,0.5003732795517084,0.18849398395711003,0.11902519728713597,0.12080328596681032,0.19273968345830267,0.2280292712455081,0.4893013121520765,0.32028040929774443,0.004988681101710635,0.3206170509251418,0.13920220931245306,0.19014532006879103,0.3158418513868404,0.07278135886547467,0.12356311151414989,0.18895759697301082,0.07338486523773567,0.06942695113827427,0.5708431950737219,0.47660206227384766,0.3068518393849135,0.18849398395711003,0.22313470496839583,0.160264673215501,0.3219436280210949,0.12380403514836359,0.07317350474075628,0.13017368966129889,0.3058317955493215,0.13077202561998438,0.003220059226414884,0.1199658941882161,0.04541277808144001,-0.0020628672641575807,0.003289259935435662,0.19568740715582228,0.0034690341094137794,0.002995800404409138
chr2:29097675:29097676:NM_001287528:CLIP4,-0.019161891074458592,0.5220828897520564,-0.012910305826241919,0.005065485655907587,-0.05127918870556597,0.5337351917915247,-0.10171207137471383,0.11961774587780699,0.19644446320987768,0.014597951956874466,0.09127807436280802,0.22155169100620023,-0.01916119583327397,0.014593717803210893,0.20525561517995766,0.11796283383133033,0.005065485655907587,0.16971732341337753,0.22046310594243684,0.00664329272312375,0.08898117492053575,0.16445191644140067,0.262879221026996,0.15805326076138548,0.20525561517995766,0.18757307696654232,0.20525561517995766,0.2634255699218643,0.11428231413270731,0.3173437397636105,-0.03239998277026579,0.1864963880395949,0.07179692519151659,0.11845167974918919,0.3197961112011771,-0.10810732874155793,-0.019211728289209695,0.005065485655907587,0.10795122445795194,0.07110716183268725,0.20525561517995766,0.005065485655907587,0.09127807436280802,0.1068991851746261,0.12203453489962462,0.3190459524017917,-0.019211728289209695,0.4135556016620385,0.06904461061589434,0.06442625320716278,0.203607283910192,0.49507314668746955,0.09127807436280802,-0.019178671590336593,0.20526382196650578,0.15317553666713873,0.2058194334411026,0.2053059329649557,0.08560719879284495,0.20525561517995766,0.05078389876592343,0.005065485655907587,0.0047281686933796085,0.06054989375183217,0.17625390243850148,0.004756802597576104,0.20525561517995766,0.12079157584761652,0.0047449157580382595,0.03576670461399545,0.06898932419542536,-0.018635391390244838,0.2090031577906365,0.0051180428876383965,-0.053250943203888346,0.25809755970828907,0.09160620737651842,0.0175794153053197,0.0074206508341230215,0.005065485655907587,0.20529608644489472,0.005135838920743985,0.20535279989729716,0.20525561517995766,0.06667444545710716,0.20525561517995766,0.005065485655907587,0.0983922313261999,0.055480669204993505,0.18352622573316474,0.035199149278234254,0.07445997286889097,0.005065485655907587,0.009457828425679382,0.204949086408316,0.03188110405078437,0.11543734424351593,-0.014111394620410833,0.06635516986355061,0.09091136889503637,-0.02671343384009245,0.03576670461399545,0.06640618520337965,0.005135838920743985,0.22193353392364945,0.11169422015492408,0.006391185489202256,0.16434734307418752,0.1435608024957376,-0.02674578420538065,0.0915720984386944,0.013370446485575171,0.005065485655907587,0.005065485655907587,0.005085536002248758,-0.09656019682086486,0.12711853390325367,0.005065485655907587,0.005065485655907587,0.2005009105348,0.20525561517995766,0.20526382196650578,0.017200198928889354,0.005065485655907587,0.03576670461399545,0.0780229986483787,0.005065485655907587,0.20525561517995766,0.10240813670024201,0.005135838920743985,0.32824849194747263,-0.10748007268921672,0.10450024952296838,0.06955872531220372,0.005065485655907587,0.005065485655907587,0.005065485655907587,0.20525934657245437,0.3802947067078015,0.20525561517995766,-0.07327231482207952,0.005137257205326762,0.005085536002248758,-0.07188594368020546,0.10797695942771837,0.12299783020850677,0.03063668507001105,0.2217561920614896,0.030564382420848024,0.23528587110965457,0.20525561517995766,0.20525561517995766,0.005065485655907587,0.09255333571525984,0.008154704162125603,0.01554577847361166,0.2053059329649557,0.005065485655907587,0.49507314668746955,0.005065485655907587,0.005065485655907587,0.005065485655907587,-0.019211728289209695,0.14105613772476708,-0.02674578420538065,0.005065485655907587,0.05239867126025155,-0.02199089508121793,0.005065485655907587,0.040430425165607076,0.08253442199850564,0.06633846304963564,0.042275473937257,0.005065485655907587,0.05293606780427096,0.20525561517995766,-0.01560042426928121,0.005065485655907587,0.3414413753827989,0.06603632912821894,0.20525561517995766,0.20525561517995766,0.2028519202307858,-0.043725456596343526,0.004729585430592653,-0.02674578420538065,0.20525721907480649,0.005085536002248758,0.25243354418495534,-0.02674578420538065,0.014319179050419018,0.20525561517995766,0.005065485655907587,-0.02674578420538065,0.06270329699679478,0.10698610859415059,0.06301775660026926,0.0736199156622804,0.005882877555362376,0.2126272786637069,0.23662347401623607,-0.019211728289209695,0.006891921275842594,0.1696704632626668,0.025621279232912852,0.20525561517995766,0.2428080617921608,0.1039753419666383,0.043542404103109056,0.16595110046032224,0.11970594300338772,0.00807515344358184,0.06980703484360948,0.17627255334505296,-0.019178671590336593,0.20525561517995766,0.013034068256751907,0.005065485655907587,0.00515224611389381,0.22174319969550893,0.09705913089237728,0.07381160125267827,0.055482162548745995,0.12659791343049376,0.12475860003710976,0.17627255334505296,0.12298228545390294,0.015417631793534947,0.005065485655907587,0.052834484478954724,0.005065485655907587,0.11043663425808026,0.20525561517995766,0.030791456171820497,0.010742571975004389,0.05595187494052056,0.0744400378469296,0.00511301213796056,0.005135838920743985,0.20525561517995766,0.005072766147921848,0.49507314668746955,0.09159685813722773,0.26945845199556595,0.20525561517995766,0.005135838920743985,0.4395065205340811,-0.019178671590336593,0.20527984281033318,0.256182938316422,0.0301580630040183,0.03576551293362851,0.14102638583707078,0.005065485655907587,0.2942341961756545,0.023145292006694074,0.09185189114276082,0.20525561517995766,0.005244499301925054,0.005065485655907587,0.005065485655907587,0.20877624119903282,0.035768377197857526,0.005065485655907587,0.08205369745023641,0.008901403381489648,0.005304916332469323,0.23745994329994416,0.5213189376873166,0.08709843015848284,0.1922940302245587,-0.019178671590336593,0.04120491684663796,0.005065485655907587,0.24037311773214998,0.2486359588402892,-0.02674578420538065,0.2533090113104475,0.21485632653274067,0.054121979623124594,0.3198050180372868,0.21481922266256337,0.17627255334505296,0.005065485655907587,-0.09154630242148282,0.19741132842964026,0.08205369745023641,-0.02671343384009245,0.345723429034285,0.005137055622598918,-0.053158357189101946,0.055480669204993505,0.024400743028653415,0.1305296899041528,0.0712836460151717,0.15017791206599376,0.008074613709205147,0.20525561517995766,0.005065485655907587,0.07359742629348276
chr2:39120463:39120464:NM_005633:SOS1,0.284699539052725,0.1716858726518419,0.000299299795334107,0.3317863298179387,0.000299299795334107,0.2026015484901291,-0.004254685992036766,0.00031151849438970647,0.1996605264170213,0.05431627242745213,0.05408379973133565,0.08942857145893762,-0.020076000552358864,0.3342337877790914,0.20379000787812354,0.000299299795334107,0.3317863298179387,0.23640549410565917,0.058981770807833955,0.000299299795334107,0.020296685409143367,0.01937591157331653,0.000299299795334107,0.24801542203349375,0.42563551481504375,0.000299299795334107,0.20379000787812354,0.000299299795334107,0.000299299795334107,0.012581387287699308,0.27098468987991065,0.3043775354099635,0.012581387287699308,0.2763579970483443,0.011506361234271512,0.2490746533049688,0.000299299795334107,0.20379000787812354,0.24323410296311238,0.5221422056679011,0.668802740444692,0.668802740444692,0.315664189797918,0.000299299795334107,0.01399757980067351,0.7317094173122666,0.000299299795334107,0.000299299795334107,0.0018784423951067053,0.29854378715545615,0.25748037747636654,0.2668221948440752,0.0540794038360331,0.000299299795334107,0.6084922605045232,0.000299299795334107,0.29854110847425874,0.20379000787812354,-0.003745052032846752,0.5215670614003116,0.25748037747636654,0.000299299795334107,-0.03575975511141183,0.001572702490772293,0.35728505362777957,0.266826598477819,0.20379000787812354,0.2763579970483443,-0.03575975511141183,0.012581387287699308,0.000299299795334107,0.0008790853835045631,0.20379000787812354,0.000299299795334107,0.000299299795334107,0.005517576872656416,-0.003745052032846752,0.00785888210658403,0.19935460834974053,0.18465449893724678,0.20379000787812354,-0.02458579246059095,0.668802740444692,0.2762851948621734,-0.01761894187833435,0.6084992358279951,0.20379000787812354,0.07506593869769845,0.000299299795334107,0.2565740935377968,0.3342592314325966,-0.015145086440131017,0.29854110847425874,0.2668221948440752,-0.014121955960130106,0.2038276853149329,0.20815402941743927,0.30439696981544184,0.012581387287699308,0.2716211024774446,0.000299299795334107,0.2668221948440752,0.31695029396782726,0.2668550544991133,1.1260150322973335,0.028222220545258747,0.20597738007883593,0.668802740444692,0.2565729787270358,0.000299299795334107,0.2668221948440752,0.2696508773243632,0.668802740444692,0.0003002683041942733,0.5216150443016958,0.005019826610941858,0.41522888615686426,0.6084922605045232,0.6755271326828884,0.009261318150235065,0.2668221948440752,0.6084922605045232,0.059293382200464206,0.000299299795334107,0.012581387287699308,0.05574681997877129,0.20379000787812354,0.6084922605045232,0.27536387402813883,0.000299299795334107,0.346731176918054,0.2668221948440752,0.26349098024239215,0.000629378177694373,1.1260150322973335,0.18465449893724678,0.18465449893724678,1.1395714969653794,1.2503808855608123,0.000299299795334107,0.5453198389097185,0.668802740444692,0.2691248291598914,0.05369774879039324,0.04023823833378681,0.000299299795334107,0.000299299795334107,0.315664189797918,0.000299299795334107,0.006321445261648795,0.20379000787812354,0.20379000787812354,0.29855719044099,0.01448259072802116,0.05640635688457679,0.005019826610941858,0.29854110847425874,-0.00365369565990753,0.2668221948440752,0.0045812922823362245,0.000299299795334107,0.20379000787812354,0.000299299795334107,0.29854110847425874,0.000299299795334107,0.29854110847425874,0.25619119529842793,0.2992518653054463,1.1260150322973335,0.000299299795334107,0.31690289859749077,-0.024847701229694596,0.052008398662826694,0.000299299795334107,0.5515083537363876,0.20379000787812354,-0.004403144984570284,0.20379000787812354,0.0025667489114206132,0.30115795307655335,0.6084922605045232,0.668802740444692,0.6687907585830636,0.000299299795334107,0.29854110847425874,0.000299299795334107,0.20381347882826806,0.26688254745123097,0.5463740515522116,0.000299299795334107,0.2810724811760281,0.20379561258637324,0.000299299795334107,0.000299299795334107,0.3009695518464146,-0.01761894187833435,0.668802740444692,0.29367458471346375,0.6088608307978857,0.29854110847425874,-0.024911754399870256,0.000299299795334107,0.29854110847425874,0.24107204266279167,0.010869809220564963,0.20379000787812354,0.6689255359530232,0.2626318005073902,0.3157303557636456,0.35068158163616103,0.7350687247244323,-0.03575975511141183,0.0011967218924772705,0.000299299795334107,0.000299299795334107,0.20379106338033046,0.2629678133970831,-0.00365369565990753,0.28337532496803586,0.29854378715545615,0.33535083446291647,0.0003035568262485522,0.000299299795334107,0.668802740444692,0.03107538682975952,0.000299299795334107,0.000299299795334107,0.010869065910426745,0.000299299795334107,0.7966482317439957,0.20379000787812354,0.668802740444692,0.000299299795334107,0.5215670614003116,0.26711979192783764,0.000299299795334107,0.3005675476292461,0.0008711739838949129,0.000299299795334107,0.20379000787812354,1.1260150322973335,0.6720085777270337,0.6084922605045232,-0.01761894187833435,0.668802740444692,0.6755271326828884,0.6688086620898943,0.000299299795334107,0.6084922605045232,0.6085485718478749,0.0005948825940724212,0.013238761513065134,0.2684108110769684,0.20379000787812354,0.6697917456185111,0.7915192717686963,0.0008790853835045631,0.668802740444692,0.7300041191055529,0.27213344037684917,0.27213344037684917,-0.03575975511141183,0.33396681305052367,0.000299299795334107,0.000299299795334107,0.30112749694978147,0.0006287336333238858,0.6688086620898943,0.796905383353354,0.000299299795334107,0.27293689080063605,0.000299299795334107,0.0008790853835045631,0.668802740444692,0.20413143997594232,0.08104699607523397,0.000299299795334107,0.3336964013065967,0.29854378715545615,0.05889116886597895,0.35365288381255233,0.29854110847425874,0.000299299795334107,0.000299299795334107,0.010869809220564963,0.000299299795334107,0.000299299795334107,0.000299299795334107,0.23198690404585853,0.000299299795334107,0.012583462050873517,0.000299299795334107,0.29854110847425874,-0.007531638555095976,0.02592503053814954,0.2716211024774446,-0.020017358209451663,0.6084922605045232,0.0002969837222246974,0.000299299795334107
chr2:39437312:39437313:NM_001270425:MAP4K3,0.22613860899114435,0.08118740893344156,0.06681516804636772,0.000243719209870652,0.049792359240481476,0.5928904073027508,0.012098912982260124,0.20259623476982772,0.07848896773689251,0.2295202080134136,0.262859208767679,-0.0001403127211004329,0.3396175619485884,0.22958848668031104,0.01215944221668841,0.041820891316707354,0.001240093063658021,0.15323701391662525,0.232393193530429,0.03661072903491325,0.014499542212885241,0.23349039429623425,0.2364097486824054,0.002294349055684486,0.22373785325407144,0.036733297911001495,0.01215944221668841,0.24369684006381473,0.03796364717780065,0.22613205719187143,0.1338345987065681,0.06250783259932327,0.2618712831614672,0.07200953458962878,0.2571122403935157,0.0497857105038958,0.0017781418090681012,0.22373785325407144,0.09455283471775439,0.036046839827581334,0.01215944221668841,0.0767012905816161,0.22263031578823647,0.05538232252104308,0.3114522398044762,0.01258212316332788,0.0017781418090681012,0.22420140251952198,0.002054137079238738,0.013197383086736153,0.07327744147415571,0.22373785325407144,0.2633003918249973,0.0016705898588862955,0.013005091854225187,0.049584338067927614,0.02754855137114326,0.4342780528911565,0.28752079255367,-0.00024542079797390537,0.07338816271901993,0.0031355816900363598,0.047289031021768846,0.07538168489478853,0.2957019770676003,0.22374105449032464,0.01215944221668841,0.07880088364698723,0.03128538444380069,0.0029161725298220142,0.002054137079238738,0.0038156543070625992,0.01215944221668841,0.0819327524245747,0.03778536830654955,0.10340058693909032,0.28752079255367,0.03896243223489937,0.07353076420814875,0.22373785325407144,0.01215944221668841,0.293439406418027,0.2332352094986384,0.4346348549988391,0.0030284033332497184,0.012159305720299607,-0.00024542079797390537,0.18310703202889406,0.004363375484407572,0.08547625604819331,0.17303354852688901,0.0010500495619519268,0.4342780528911565,0.01215944221668841,0.2594299633605246,0.07344550538716643,0.016911033699219424,0.08779014699291507,-0.00024542079797390537,0.014685868328533025,0.040956829002825434,0.0071251713497929026,0.04222191602385822,0.0013939929472186474,0.4342780528911565,0.3188749130834115,0.0899100797118978,0.06463115207769943,0.0850426195287039,0.0012695060306340267,0.04743402817256584,0.014452630767094299,0.5983869590346058,0.22410145497428727,0.44070977935168315,0.03684695357533002,0.2772154784399202,0.01215944221668841,0.22373785325407144,0.33713045517920986,0.01215944221668841,0.01215944221668841,0.2552341788026508,-0.00024542079797390537,0.003088014416347984,0.3195814277314506,-0.00024542079797390537,0.01215944221668841,0.18841743275128509,0.17288422472502135,0.02213777150683302,0.01215944221668841,0.09254735594547236,0.010891217437340561,-0.00024542079797390537,0.22373785325407144,0.22373785325407144,0.0239883344732848,0.010622835290587496,-0.00024542079797390537,0.012766453173002651,0.013880776536251527,0.43416089157914367,0.044306564348006616,0.09878092821756462,0.17295570801648563,0.0030596901304659196,0.219374731457221,0.036537030668646886,0.02506140935066603,0.01215944221668841,0.01215944221668841,0.0049543102617883306,0.09043959690400294,0.04235311932262492,0.09955612905344663,-1.7942052781105833e-05,0.0050293448530943086,0.22373785325407144,0.22373785325407144,0.22373785325407144,0.3059595314549197,0.0038529821879947357,-0.00024542079797390537,0.0019940614879405127,0.011038307035680622,0.09570444821801766,0.07991783204020397,0.012365562609145314,0.02428140753339192,0.04399244311613909,0.2604551600705916,0.2554690423126816,-0.00024542079797390537,0.04035114176424559,0.01215944221668841,0.1426149847072793,0.22373785325407144,0.02473184477574325,0.4329124297786229,0.22391662270714757,0.01215944221668841,0.013739679223130546,0.0037670978104391017,0.43512446364848795,0.0016705898588862955,0.4345032242177248,0.43448532700688386,0.013069520949127694,0.0017781418090681012,-5.3824479034680905e-05,-0.00024542079797390537,0.01215944221668841,0.0017075189514438316,0.03869884611488575,0.1012859387225103,0.04609144522837136,0.018567463681120194,0.002006166314837299,0.01423312168933294,0.29298685925073564,0.003569721005171389,0.22411460725672147,0.29137965797356863,0.0006135545086128902,0.22373785325407144,0.019485428145077893,0.17676152606739498,0.01215944221668841,0.11787507689917776,0.0007019605004234264,0.031291573761334734,0.0241958053857384,-0.00024542079797390537,0.004078977433395581,0.01215944221668841,0.18505860662704188,0.0050293448530943086,0.23032068117856197,0.013836497444877638,0.0814805606808488,0.17224238510242185,0.04422668977607047,0.00949002856138964,0.3193845616775288,0.22373785325407144,0.0005850233962456097,0.0006135545086128902,0.0009356754806276735,0.33621690294135287,0.22373785325407144,0.0767012905816161,0.22373785325407144,0.04118084076455786,0.002690663197494836,0.0013703081499582548,0.020910722395075743,0.003847671587319912,0.000243719209870652,0.22373785325407144,0.01215944221668841,0.012892841510791314,0.01215944221668841,0.010320728992658235,0.43512446364848795,0.22373785325407144,0.012141224399050798,0.004472297138325254,0.01215944221668841,0.015858101283725806,0.004365825240975174,0.0161142464345585,0.09842564677336157,0.01215944221668841,0.01231708553407393,0.09070956445549122,0.062382907937281296,0.01215944221668841,0.033398652951022595,0.20713014557633475,0.20713014557633475,0.03131333497599359,0.18967904302617344,-0.00024542079797390537,-0.00024542079797390537,0.04774380516838603,0.01216625984324518,0.01215944221668841,1.0156326754230842,0.018788855847115316,0.01622892919203145,0.0590474742742213,0.1728282194923032,0.012365562609145314,0.006363357622233445,0.19089441506678567,0.003961928146650695,0.3356177509530772,0.013438531857765973,0.002179043951478443,0.004907753539530657,0.039363041726622305,0.0005850233962456097,0.01215944221668841,0.0006135545086128902,0.007403099996137141,0.007096845451929734,0.004078977433395581,0.001775721929901275,-0.00024542079797390537,0.23709232994282772,0.05651749038234777,0.013525908116447688,0.015338312308841306,0.0023827517671411447,0.06460043162712098,0.000581724801745287,0.01215944221668841,0.4673649665191832,-0.0001305492766762173
chr2:39917633:39917634:NR_038441:SLC8A1-AS1,0.20005837125705694,0.10652231807826218,0.020864423732166903,-0.0016287572651405569,0.020995431163602363,-0.02335758767917684,0.1322996144761287,0.003352829017633452,-0.04907293900144338,0.1608156805514449,0.1564734034451165,-0.01140327531225882,0.3061741087070309,0.2599284776152654,-0.0016287572651405569,0.02641386825481773,-0.0016287572651405569,0.1638054688558349,-0.001495751449403948,-0.001495751449403948,-0.02345174357999802,0.507002500499554,-0.0016287572651405569,0.021022312072433436,-0.0016287572651405569,-0.0016244417812109058,-0.0016287572651405569,0.020859806530488134,-0.001495751449403948,0.024603142766709496,0.13070966703941433,0.48869721804855837,0.024774929642646826,-0.04920941013772839,0.3033887090483093,0.2944332264663139,-0.0016287572651405569,-0.0016287572651405569,-0.0015757411850852998,0.002723967827429119,-0.0016287572651405569,-0.0016287572651405569,0.06568381184810257,0.21304051540679847,0.1879555442700911,0.02106379419295068,-0.0016287572651405569,0.15839021934162245,-0.0016287572651405569,0.020859806530488134,0.14796984788105227,-0.0016287572651405569,0.0472445109547609,-0.023563676402143408,-0.0016287572651405569,-0.0015951524926965943,-0.0016287572651405569,-0.0016287572651405569,0.0843033302565589,-0.0016287572651405569,0.12329132699576795,0.020859806530488134,0.021905853453920154,-0.022792002172025372,0.41453907601309375,-0.0016287572651405569,-0.0016287572651405569,-0.04920941013772839,0.02151214932233725,0.014956627501436337,-0.0016287572651405569,-0.014288707022608649,-0.0016287572651405569,0.016327429546836192,0.020995431163602363,0.16712796104890937,0.0843033302565589,0.20736450005109464,-0.0016287572651405569,-0.0016287572651405569,-0.0016287572651405569,-0.0016287572651405569,-0.0016287572651405569,-0.0015897418933853436,-0.001594364124725245,-0.0016287572651405569,-0.0016287572651405569,0.20635771740323994,-0.0016287572651405569,-0.0016287572651405569,-0.0016287572651405569,-0.0015949832312096568,-0.0016287572651405569,-0.0016287572651405569,0.021905853453920154,0.023833823067573534,-0.0010509632649758904,0.14838989214931853,-0.001495751449403948,-0.0016343146373418715,-0.023563676402143408,0.0165555889132184,0.0033274800837125307,-0.0016287572651405569,-0.00013951213161622622,0.04292962674249268,0.0027437594104537943,0.3676510866367973,-0.00014125226858119344,-0.0016287572651405569,0.21834891744673823,-0.0001657750336359065,-0.0016287572651405569,-0.0016287572651405569,-0.00014125226858119344,-0.0014356218635392937,0.10882325234372148,-0.0016287572651405569,-0.0016287572651405569,0.02871749870814222,-0.0016287572651405569,-0.0016287572651405569,0.39087993104155155,-0.0016287572651405569,0.03331177975918698,0.15649452386792106,-0.0016244417812109058,-0.0016287572651405569,0.05246030269058122,-0.0016287572651405569,0.20733223037485815,-0.0016287572651405569,0.03610533468653043,-0.0001406754331192417,-0.0016287572651405569,-0.0016287572651405569,-0.0016287572651405569,0.030589705877682727,0.20785151022742715,-0.0016287572651405569,-0.023563676402143408,0.10370194821655931,-0.00010041496318713428,0.04638061077431277,0.016475715825819526,0.08610195419698596,-0.0016328452238874025,-0.0014914344471294028,-0.001495751449403948,0.03648091840758205,-0.002603344161183796,-0.0016287572651405569,-0.02343157803476148,-0.0016287572651405569,-0.0015996411204901584,0.0033274800837125307,-0.0016287572651405569,-0.0016287572651405569,-0.0016287572651405569,-0.0016287572651405569,-0.0016287572651405569,-0.0016244417812109058,-0.023563676402143408,-0.0016287572651405569,-0.0016287572651405569,-0.0016287572651405569,-0.018068889080055328,0.281674257315044,-0.0016287572651405569,-0.0016244417812109058,0.039369237522313694,0.27055823503002563,0.04590206452448431,-0.0016287572651405569,0.03832715884426341,-0.0016287572651405569,0.000612353271619348,-0.0016287572651405569,-0.015026678259603021,-0.00014125226858119344,-0.0016287572651405569,-0.0016287572651405569,-0.0016287572651405569,0.11185522829002559,-0.0016287572651405569,-0.023563676402143408,-0.0016287572651405569,-0.00014125226858119344,0.1539325390485965,-0.0016287572651405569,-0.0016287572651405569,-0.0016287572651405569,-0.0016287572651405569,-0.0016287572651405569,-0.0016287572651405569,-0.0015949832312096568,0.020859806530488134,-0.0016287572651405569,0.13482962628233197,-0.0016153215680153599,0.17463735145819093,-0.023563676402143408,-0.0016287572651405569,0.07928660782347818,0.021139959415954923,-0.0016287572651405569,0.026275595528692186,0.04004646615721941,-0.001495751449403948,0.30567189462660305,0.02105917476538366,-0.0009956711623918535,-0.022866119530860818,-0.0016287572651405569,-0.023563676402143408,-0.0016287572651405569,-0.02446655022030464,-0.0014074259747028917,-0.0016287572651405569,-0.0016287572651405569,0.009924926343720664,-0.001495751449403948,-0.001495751449403948,0.012468614136931566,0.1658546264389964,-0.0016287572651405569,0.058959629323293794,0.021275582880314503,-0.0016287572651405569,0.003188910370036435,-0.0016287572651405569,-0.0016287572651405569,-0.0016287572651405569,0.0013364335502843439,0.01299556225221421,-0.0016287572651405569,0.367356007661533,-0.0016089394941080082,-0.0016271585669971333,-0.0016287572651405569,-0.0016287572651405569,-0.0016287572651405569,-0.0016287572651405569,-0.001594364124725245,-0.0016287572651405569,-0.0016287572651405569,-0.0010721700481070018,-0.023563676402143408,-0.0016287572651405569,0.020859806530488134,-0.0010437961554454755,-0.001495751449403948,-0.0016287572651405569,-0.0016287572651405569,-0.023563676402143408,0.0032006334316193596,-0.014288707022608649,-0.0016287572651405569,0.03294915742937288,-0.0016287572651405569,-0.0016287572651405569,0.021905853453920154,0.037719800537654,-0.0016287572651405569,-0.0016287572651405569,0.15339543169507064,-0.0016287572651405569,-0.001626635564419332,0.11581186793628984,-0.0016287572651405569,-0.014300163727962167,-0.01925082510080256,-0.023563676402143408,-0.0016287572651405569,0.0027394453369552485,0.01980940235335371,-0.023563676402143408,-0.023014153530220516,-0.0016287572651405569,0.03580002499712365,0.02090011842904893,0.17870129817206892,-0.0016287572651405569,-0.0016287572651405569,-0.0006588118464989634,-0.0016287572651405569,-0.0016287572651405569,-0.023563676402143408,-0.022992226608502975,0.021427950459835365,0.10389428516251353,-0.0016244417812109058,-0.0016287572651405569,-0.0014914344471294028,-0.0016287572651405569,0.0021857069023727416,0.20779589431816298,-0.0016287572651405569,-0.0016287572651405569,-0.0016287572651405569
chr2:44359749:44359750:NM_001042386:PREPL,0.006731531793186141,0.3048483557856654,0.00414531841587229,0.0032764348369024865,0.00414531841587229,0.3048483557856654,0.0032764348369024865,0.29994022823764954,-0.036934927582849414,0.08854534014264559,0.10952110720458114,0.0045444161751089784,0.01166624088974294,0.1884440757208399,0.0032764348369024865,0.29994022823764954,0.6048871803999665,0.3158023881458203,0.0033740321302556664,0.00414531841587229,0.0032810729106573233,0.3423346872170125,0.3699895867274343,0.10952343401505582,0.6048871803999665,0.00414531841587229,0.3689422777003881,0.004242978118218166,0.00414531841587229,-0.03562715649676104,0.004201529651921276,0.7270261272275006,0.004153329273245132,-0.0376069797410854,0.3459030415668226,-0.03738273871774145,0.00414531841587229,0.3689422777003881,0.006918205066593408,0.016990636320149688,0.6048871803999665,-0.03738273871774145,0.109020997212805,-0.03730434080216159,0.11219886556089453,0.6046178873152659,0.00414531841587229,-0.03593480998204192,0.07686751211740162,0.3689518034620513,0.0032836767412937062,-0.03738273871774145,0.10952110720458114,0.00414531841587229,0.3689422777003881,0.00414531841587229,0.00414531841587229,0.3689422777003881,0.00414531841587229,0.0032764348369024865,0.0033827147206232366,0.004242978118218166,0.0032764348369024865,0.3042579369043405,0.1701071287914347,0.3689422777003881,0.0032764348369024865,-0.0376069797410854,0.0032764348369024865,0.004157959317574067,0.0032764348369024865,0.0033238268072008914,0.36896434172835035,0.006163753367250391,0.00414531841587229,0.21862849992105776,0.00414531841587229,-0.03738273871774145,-0.03738273871774145,0.37063849224936085,0.0032764348369024865,0.3689422777003881,0.6048871803999665,-0.036011810985448284,0.009120723006636466,0.3689422777003881,0.0032764348369024865,0.11190479844136714,0.00414531841587229,-0.03738273871774145,0.0032764348369024865,0.009120723006636466,-0.03735033745105132,0.0032764348369024865,0.0032764348369024865,-0.03738273871774145,0.003379868932942953,-0.038137889517714074,0.0032764348369024865,0.001733394155581991,0.004195554136867952,0.3699497488038658,-0.03600530147061612,0.3689422777003881,-0.03738273871774145,0.11219886556089453,0.0032861066727955524,-0.03583540421870658,-0.03738273871774145,0.00414531841587229,-0.03738273871774145,0.02107668183884781,0.3689405544499156,0.3689422777003881,0.3689422777003881,-0.03600530147061612,0.6160126132857365,-0.03738273871774145,-0.03738273871774145,0.22014548717770444,0.0032764348369024865,0.3689422777003881,0.11274956327844293,0.0032764348369024865,0.004157959317574067,0.10953460884698146,0.0032764348369024865,0.3689422777003881,0.11374768941933255,0.0032764348369024865,0.5978268526506891,0.6048871803999665,0.008476200319828986,0.0032764348369024865,0.0032764348369024865,0.6048871803999665,0.6048871803999665,0.6016545784517233,0.12997846269429622,0.3689422777003881,0.6048871803999665,-0.03738273871774145,0.3689576989381115,0.07585876108402578,0.006926879662504937,0.004192740609612611,0.0032764348369024865,-0.026464956360596217,0.0032764348369024865,0.052135145104199976,0.0032695156159179284,-0.03738273871774145,-0.03738273871774145,-0.03710171050402536,0.0032952056589032885,0.0032861066727955524,-0.03738273871774145,0.003279716019334078,-0.03738273871774145,0.0032764348369024865,0.0032764348369024865,0.0032861066727955524,0.00414531841587229,0.0032764348369024865,0.00414531841587229,0.0032764348369024865,-0.03724231684945922,0.09227821017075535,-0.03738273871774145,0.00414531841587229,0.00414531841587229,0.024029081714815714,0.08913587292485714,0.3689422777003881,0.3789255522704145,-0.03738273871774145,0.0065458871419245,0.3689422777003881,0.011866741297363606,0.3689422777003881,-0.03735033745105132,0.6048871803999665,-0.03760770555497095,0.04418763197885473,-0.0360117643873447,0.00414531841587229,0.3689422777003881,0.3774179754465346,0.007106494809620834,0.00414531841587229,0.003267709498476934,0.0032764348369024865,0.0032764348369024865,0.00414531841587229,0.36894162023209304,-0.032414699057860985,0.3042467054772005,-0.03738273871774145,0.3740734033041153,0.00414531841587229,0.07898878795319303,0.00414531841587229,-0.037326335032263,-0.03738273871774145,0.003032119251133114,0.3689422777003881,-0.04135795493130491,0.005491174718108394,0.0832677889580555,0.10960813659912139,0.6040418495079194,-0.03737591530582128,0.0033238338439678383,-0.03738273871774145,0.00414531841587229,0.0032764348369024865,0.004627509528482399,0.003279716019334078,0.00414531841587229,0.00414531841587229,0.009626745280795435,-0.03585713015739232,0.00414531841587229,0.3060770174777726,0.11872659408270486,-0.03738273871774145,0.0032764348369024865,0.003032119251133114,-0.03738273871774145,0.004111159946876983,0.3689422777003881,-0.03738273871774145,0.3689422777003881,0.3689422777003881,0.002735843946790051,0.004158633691649427,-0.03735033745105132,0.003285516671323596,0.003327691405839328,0.3689422777003881,0.3689422777003881,-0.03738273871774145,0.6048475323411194,0.00693169805270949,0.3689422777003881,-0.03738273871774145,-0.03738273871774145,0.00414531841587229,0.6048871803999665,0.07709722436872835,0.002735843946790051,0.00689399765832488,0.03819550378195774,0.0032764348369024865,0.30434873484837055,-0.030172533547676836,-0.03738273871774145,0.6048871803999665,0.6127790048837378,0.006507808310876606,0.006507808310876606,-0.03737591530582128,0.003080708552531286,0.0032764348369024865,0.00414531841587229,0.009006044440594885,0.0032764348369024865,0.36896434172835035,1.3282445212345757,0.00414531841587229,0.001781447337089348,-0.048436897347668456,-0.03738273871774145,0.6048871803999665,0.36869879276880535,0.0763783854809153,0.00414531841587229,0.6219433933357851,0.00414531841587229,0.007222339146870815,0.6127446023563647,-0.0360117643873447,0.3689422777003881,0.0032764348369024865,0.0030224488872185318,-0.03600530147061612,0.10856878840694023,0.004195554136867952,0.004192740609612611,0.0032764348369024865,-0.03738273871774145,0.0032764348369024865,-0.03738273871774145,0.00414531841587229,0.0036105832571767804,0.0032969274463002796,0.0032764348369024865,0.6048871803999665,0.6048871803999665,0.0033238268072008914
chr2:46542727:46542728:NM_012249:RHOQ,0.1947793886062757,0.01619841735324859,0.19410915222445527,0.23152675834074712,0.004164832946406821,0.003970420750996934,0.02800952526311072,0.005234498501576229,0.21334573924190187,0.3360980610183381,0.19212068795703852,0.006144075068812954,0.19783687861916227,0.19478047537903725,0.46892345886243225,0.005234498501576229,0.33662303778212876,0.04251979306876416,0.3365053134644807,0.19475411097386408,0.004172526893071876,0.1516008760301984,0.005434750054881865,-0.03583213759068968,0.22932774925579522,0.19475411097386408,0.09775619638515552,0.19166036376696055,0.19302189153552685,0.19256920547575457,0.12261206015014182,0.1593320070889633,0.1947793886062757,0.19447289957514674,0.25223376631007555,0.09871240878874839,0.19166036376696055,0.004409556261433051,0.021116598178541418,0.017101249122966566,0.09775619638515552,0.656401913952299,0.1943140678243596,0.19212068795703852,0.5389177116819641,0.02466645269482587,0.004164832946406821,0.004164551562456542,0.004170859996375537,0.467067101883128,0.0037163307056332084,0.004409556261433051,0.19341417310724818,0.19212068795703852,0.09776418098503674,0.19122404503144308,0.6489520334198677,0.004409556261433051,0.17907707284682564,0.4681475333938955,0.003730882750223652,0.0037031772333343538,-0.03715787581238819,0.17299893181496534,0.19505193231393403,0.09775619638515552,0.0974308004954614,0.18197702500209878,-0.025871909679348354,0.004164832946406821,0.004172427336100931,0.19477839234307184,0.004409556261433051,0.004292274343707048,0.004164832946406821,0.25224168053086915,0.17911262349306262,0.20767799877053061,0.016807225013522942,0.22904771543941183,0.0974308004954614,0.0037031772333343538,0.22904771543941183,0.7377981584452956,0.004474676269688144,0.46894758522097046,0.004409556261433051,0.048993363714607274,0.004164832946406821,0.021112672291051543,0.005345138128274696,0.0041687110826331975,0.0044376250792345084,0.004164832946406821,-0.03517139770931388,0.2295093883238071,0.012322766492168541,0.21111404156050484,0.005806243453453486,0.00842357860194684,0.19212068795703852,0.006394726030101494,0.01957957960361803,0.10194194814662173,0.4768466620098148,0.22461605962224676,0.004542573961188789,0.33785139886832166,0.2489462398934221,0.0037031772333343538,0.005795883488899228,0.004166007582982856,0.09878948621151008,0.004409556261433051,0.09913881094425278,0.004396572177550795,0.16870937805783337,0.09761902683967531,0.13757590788999385,0.28717316733634246,0.09775619638515552,0.09776418098503674,0.35395929934826176,0.006041683768406775,0.005330383217916956,0.4401993621836662,0.004164832946406821,0.004164832946406821,0.0936448849425309,0.0037031772333343538,0.21648139553673595,0.09897840928803656,0.01232483384575983,0.00416611556090965,0.4681475333938955,0.23231364136497032,0.23231364136497032,0.0990760255907529,0.27156358836342775,0.00417233669408501,0.09810591227463512,0.028518685508878806,0.09919739356223019,0.021270984727952996,0.023791039707882322,0.0037031772333343538,0.004164832946406821,0.5339419249866543,0.004164832946406821,0.4473179605157942,0.22882809830138348,0.0974308004954614,0.005919131258984467,0.29345982451785013,0.1483763186203048,0.006014923086959029,0.0060503404552958995,0.004164832946406821,0.4754719008208028,0.004409556261433051,0.006747088146154018,0.004323973719013552,0.005795883488899228,0.09761902683967531,0.004164832946406821,0.4674336830877629,0.2407119630950063,0.006611118489863899,0.09794459232530947,0.0982014922321831,0.19503428639998097,0.18601911535593482,0.021502465858730585,0.004164832946406821,0.09950488331623972,0.0974308004954614,0.008918294186996828,0.22904771543941183,0.1168872876596049,0.6707179947019923,0.004470345822530669,0.09897840928803656,0.4739138938607668,0.19270719298620398,0.009068934718933386,0.004930544393028702,0.09855453784653445,0.10507806662994092,0.010601212346070615,0.004930544393028702,0.09236078767379538,0.09775619638515552,0.004164832946406821,0.004164832946406821,0.2290624608770284,0.005247436955095858,0.09865089085734219,0.20251276447116975,0.09492610938266402,0.5174543397955864,0.18260932427501764,0.0037031772333343538,0.0046912653047138375,0.4211489210924018,0.01840270652826037,0.09855850568888548,0.40620553686970584,0.009715163006749877,0.004164832946406821,0.18501764420462796,-0.030453707713605643,0.04342307893779085,0.005616641381206489,0.09808416203732401,0.19122404503144308,0.10179592072796459,0.004165143692803547,0.004164832946406821,0.21224760494213746,0.5234815359895733,0.008272469227736612,0.19367004600332066,0.005682835097341521,0.20588035240112063,0.43863742300945197,0.23203121875801389,0.004568786744339137,0.20722345880256082,0.004164832946406821,0.4392969029358719,0.004409556261433051,0.09442632982141627,0.004409556261433051,0.2286458018776148,0.0037052137771139138,0.004164832946406821,0.2839252461220346,0.0037043767711734676,0.0037031772333343538,0.09855850568888548,0.46894758522097046,0.3470387194310488,0.09878948621151008,0.004474676269688144,0.22856553259927134,0.13757590788999385,0.16449908306745492,0.19255686049631587,0.09775619638515552,0.5396757437901039,0.0037044592077118133,0.02303785532455424,0.004164832946406821,0.0974308004954614,0.3497874470903301,0.20080689276704172,0.19478363253065528,0.09761902683967531,0.03041263297828621,0.011749985033910698,0.011749985033910698,-0.012015449262895272,0.006624844806756958,0.004409556261433051,0.004164832946406821,0.004535334482520775,0.004518135055891853,0.6318859145408486,0.5642960243029863,0.005883100720201706,0.01366182474081959,0.1943269629219361,0.16804954131953015,0.20517448626456164,0.09828215154583719,0.020650536557866472,0.004164832946406821,0.26549908500861735,0.47374391293110063,0.02445386758735671,0.1302298430160241,0.09848392596883287,0.09808416203732401,0.004323973719013552,0.207230338748914,0.004323973719013552,0.0037031772333343538,0.19212068795703852,-0.0383625611329258,0.4732542209200569,0.1988841929557958,0.004409556261433051,0.006041683768406775,0.1935909971071706,0.31605956128995083,0.00439804297863533,-0.024788266918515572,0.09878948621151008,0.005795883488899228,0.0041753066367744285
chr2:54115272:54115273:NM_138448:ACYP2,0.9066202076597519,0.42911399533240313,0.28236933482782467,0.43466852614560425,0.003771861187657509,0.005729910895750839,0.43902223982342925,0.009521286179360024,0.4214895376442273,0.4115583150317552,0.3533388886291159,0.060541028640950345,0.2766583601809718,1.0348296556995138,0.43466852614560425,0.003788914741261487,0.5180657926111988,0.9175435597369512,0.009339079929878868,0.2759050808282636,0.49027417381648636,0.36359981097739635,0.003758451347257205,0.013089841426981455,0.0037525451154406114,0.27590035266202273,0.43466852614560425,0.2726350924788836,0.27362680267617034,0.2759676657234403,0.2811103598754555,1.0349703850612966,0.3580556491756632,0.004388959984473299,0.1944596731825809,0.4423211911390317,0.003768420548139792,0.43466852614560425,0.06593834543844618,0.021254192197472682,0.6753814075175969,0.43466852614560425,0.35112070308620347,0.2727162107691449,0.365266115111245,0.14035289073739737,0.003768420548139792,0.003771861187657509,0.003754278048589743,0.06535449122655662,0.2729448001721133,0.43466852614560425,1.0264461180543292,0.0065286677756984865,0.4358554644703726,0.2758837455468412,0.43649182212117804,0.0037525451154406114,1.032110384887211,0.0037525451154406114,0.27412266670535357,0.0037691284552247156,0.012432510840625133,0.4801369191316137,0.3946481843022863,0.43648426211978614,0.43466852614560425,0.004376829445635284,0.012432510840625133,0.0037404139191216587,0.0037525451154406114,0.2769740111217663,0.43466852614560425,0.06632447071614081,0.003771861187657509,0.2729058299759553,1.032110384887211,0.2949804872002575,0.5227783462390307,0.43466852614560425,0.434202959249909,0.0037525451154406114,0.43466852614560425,0.4342876910718783,0.06576714796219227,0.434202959249909,0.43466852614560425,0.03325938436519912,0.0037691284552247156,0.5180657926111988,0.9051432346241306,0.06554214742448972,0.43466852614560425,0.0037525451154406114,0.44533199227742054,0.5357138438031277,0.5230999982070798,1.1245488704962252,0.06533378299410501,0.003947936363373157,0.006724696472202099,0.06542380021258125,0.35730145058479923,0.43466852614560425,0.4360180680329267,0.36515048656119353,0.0075226634071903775,0.9717851366316091,0.5180657926111988,0.0065286677756984865,0.43466852614560425,0.4418900430366652,0.43466852614560425,0.43466852614560425,0.43202731395285265,0.007891610123098448,1.0283866553647873,0.43466852614560425,0.43466852614560425,0.07386929741377268,0.43466852614560425,0.43466852614560425,0.4584145354132232,0.43466852614560425,0.06542380021258125,0.4968620937107828,0.0037525451154406114,0.43466852614560425,0.28045078525626754,0.27585945878311774,0.11451797896688926,0.43466852614560425,0.9128695211736864,0.0037525451154406114,0.43466852614560425,0.43466852614560425,0.43466852614560425,0.439701159935835,0.004040564466354188,0.43466852614560425,0.9009679779924967,0.4423801296816117,0.4407522597798037,0.3958141537944909,0.7727436847895606,0.003771861187657509,0.27585945878311774,0.4036340906294149,0.00651203716855725,0.4330502027529343,0.43466852614560425,0.43466852614560425,0.4347015896952465,0.2726068841658845,0.4554407018298369,0.010787225111711166,0.10027573474435346,0.0037525451154406114,0.43466852614560425,0.4355878375822118,0.43466852614560425,0.0037525451154406114,0.0037691284552247156,0.0037525451154406114,0.0037525451154406114,0.0037525451154406114,0.6073472512643182,1.1032024432064822,0.43467576427310195,0.6530909310457123,0.9009103400352316,0.42543844672877423,0.026527171498271676,0.0037525451154406114,0.48443564740865735,0.43466852614560425,0.0095964696066492,0.43466852614560425,0.43616500840650324,0.43648428816604934,0.0037525451154406114,0.43466852614560425,0.0037525451154406114,0.9074459889383992,0.43466852614560425,0.0037691284552247156,0.4346960596903172,0.43768777381318075,0.05497357191987003,0.0037691284552247156,0.44752871152175316,0.003895200287685127,0.0037525451154406114,0.00670806169811234,0.43495809962981,0.7572986162476224,0.8902375770946549,0.5073513510213289,0.5223815539047538,0.43466852614560425,0.4349480726990157,0.0065286677756984865,0.0037525451154406114,0.5375007981379007,0.13759212335366847,0.43466852614560425,0.43709352031057896,1.1542224432823494,0.0037525451154406114,1.033302988790647,0.6831384577389286,0.4578519748886147,0.0037525451154406114,0.43467576427310195,0.006723994031200595,0.43466852614560425,0.4439211837625305,0.0037525451154406114,0.6758929867311693,0.43467607191763236,0.015670604975415857,0.27585945878311774,0.06533378299410501,0.43469104207148995,0.4950519116026004,0.43466852614560425,0.43466852614560425,0.14185606238878373,0.01264815214996827,0.4557529592295749,0.0037525451154406114,0.5180657926111988,0.43466852614560425,0.4346877190032407,0.005114164432913897,0.0037525451154406114,0.44044937396744366,0.003755099959356467,0.011202160972539524,0.43466852614560425,0.43466852614560425,0.43466852614560425,0.43466852614560425,0.07158980092008696,0.0037525451154406114,0.43466852614560425,0.4581190833164059,0.003768420548139792,0.43466852614560425,0.43649182212117804,0.005125325792203081,0.7622317723210934,0.016448257508327048,0.43466852614560425,0.45066601932014716,0.003640762542988084,0.004723317286863364,0.43466852614560425,0.4348172098089426,0.43967134391801027,0.43967134391801027,0.44534277226933766,0.520018390767609,0.43466852614560425,0.0037691284552247156,0.0030562592572689756,0.0037525451154406114,0.43466852614560425,1.1753871428772633,1.0227624246105274,0.010208770823767505,0.8963022985986915,0.5180657926111988,0.43466852614560425,0.4394327376823655,0.0013147572557814027,0.0065286677756984865,0.5359239887883553,0.43648426211978614,0.0023544339899359,0.19260096950846406,0.8902944590467026,0.4464110970836938,0.43466852614560425,0.41740380442984515,0.27262699698436355,0.5181818685706834,0.006724696472202099,0.003891863145015613,0.0037525451154406114,0.2786039262074005,0.00651203716855725,0.43466852614560425,0.00670806169811234,0.43466852614560425,0.003947936363373157,0.04169137687846738,0.43466852614560425,0.43466852614560425,0.003935805228073519
chr2:65227694:65227695:NM_005722:ACTR2,0.11221826290146111,0.7435091538429277,0.002846380119077563,0.5066960091041608,0.0018172926797934141,0.745430276103574,0.0064331500046043155,0.0018172926797934141,0.09148903716071674,0.012603517508793904,0.08981577959825954,0.01121659614098841,0.22026212119017194,0.09602213120006028,0.26073101682231653,0.0016020306863401834,0.2607153719423238,0.6602244997214739,0.001819588383183024,0.002821300005833194,0.008263703544412526,0.11442895028827632,0.22109318506184295,0.0032929927537361237,1.242022682652392,0.0024464023226481446,0.26073101682231653,0.2216332228789265,0.0023107212334571026,0.11077297013915363,0.08770042367550479,0.5341003928821981,0.002971337933673157,0.0017436226891259232,0.01467612550355507,0.5146282838368698,0.0016020306863401834,1.242022682652392,0.09481646058211829,0.005457142526298697,0.5085175067538739,1.2421519213747103,0.0020775529128709835,0.11475881694142129,0.2226700831659158,0.5385266404614496,0.0016020306863401834,0.11082336219424768,0.03192087534979193,0.0016347434443299558,0.001891256184783141,0.5066722747864228,0.09123052814006566,0.0018172926797934141,0.2628482550545368,0.0018501171195111077,0.260861573912394,0.5071980371248339,0.5252063566363476,0.26073101682231653,0.0018989358829352154,0.0022172011967802607,0.5236203762897467,0.012663620765652639,0.19639269633807468,0.2607153719423238,0.5066527613767806,0.0025193978229485214,0.5211862277587017,0.01509236506384587,0.017219886788376104,0.0016020306863401834,1.2420888612274896,0.0016291902472665432,0.0018172926797934141,0.0021189944846007336,0.5252063566363476,0.007759215951431142,0.26086564226438813,1.242022682652392,0.2620771899663333,0.08941938053735862,0.26073101682231653,0.5144760259217989,0.0953840383966938,0.2613377083076788,0.0015023542246718757,0.11547359824431763,0.0018172926797934141,0.2624744041764744,0.002344117165246351,0.08985446370374073,0.5066527613767806,0.0018827217014769637,0.5246402711351469,0.2608535258017844,0.2606193007941775,0.5391459118170744,0.26068517420256876,0.0015200900705947817,0.0018423311514134677,0.01509236506384587,0.004826117349935155,0.006439210726436162,0.5078946932970488,0.22770978356328328,0.508290327636357,0.5323476041827716,0.2611967543734928,0.0018172926797934141,0.26108782761931804,0.0071250103682565236,1.2804969198892386,0.5070008635920341,0.507521698326451,0.0014955273561591542,0.5958871483631208,0.5066960091041608,0.5066580899464552,0.021159857503214807,0.2607008186569071,0.2620727331578903,0.2381772549579578,0.0015023542246718757,0.01509236506384587,0.22992752154080495,0.0014914853426851171,0.0014914853426851171,0.11781679913588075,0.0016020306863401834,1.3119085455689026,0.5066960091041608,0.029663848106177948,0.0018960457757122295,1.2419802222639986,0.5066722747864228,0.5066722747864228,0.5200122656654003,0.2790474591206158,0.2607153719423238,0.5151779196932359,0.5151619252006633,0.5170635399841245,0.2431203275251687,0.21079104129307835,0.0016020306863401834,0.0015155179022178777,0.0026900177369348355,0.0014914853426851171,0.27085303189451004,0.2607153719423238,0.26068517420256876,0.011611822694925944,0.004781660054462844,0.00801961823113917,0.0014962689991921962,0.26305706158619424,0.0034478056223941067,0.5066722747864228,0.006184173593287712,0.0015023542246718757,0.5072412939372121,0.0018172926797934141,0.5066960091041608,0.0016020306863401834,0.2607153719423238,0.5219728072322585,0.5329222656239483,0.5066960091041608,0.012506875333224143,0.0029365266581016236,0.1341370595916502,0.25843243006079136,0.0014914853426851171,0.03143751610541018,0.0015165152054513742,0.12211329264461873,0.2608235964554865,0.26673764441767067,0.5090285412984306,0.5066960091041608,0.5066960091041608,1.2477338004164171,0.016276934997841552,1.2424594523797479,0.0016020306863401834,1.2422094829784651,0.5066527613767806,0.011103059800866955,0.0016020306863401834,0.008257408682974421,0.0014914853426851171,0.5066960091041608,0.0016020306863401834,0.5072599466513161,0.18775977207717956,0.5066960091041608,0.2610855467686538,0.02027914462764474,0.5068944301899415,0.0018481169753105098,0.0018172926797934141,0.002334541035503679,0.7004938559636452,0.021275454551024975,0.0014914853426851171,0.5195509891685827,0.004338692358129781,0.5251455966031631,0.5158052778107214,0.5367500598414553,0.521236992004839,0.011595809738903784,0.5066960091041608,0.0016020306863401834,0.2620470182898517,0.007375476281729965,0.007380505711917451,0.3642322380906642,0.5121583695982175,0.009883150357018367,0.5136046576943349,0.0016020306863401834,0.5068819881598107,0.2299250505504748,0.5067155232719862,0.5066960091041608,0.021275454551024975,0.10456403380953905,0.2616564738068143,0.26068517420256876,0.507504091530556,1.2419802222639986,0.2874912141446452,0.0019442010938747756,0.0014914853426851171,0.26675941747392123,0.001963108584745299,0.0017225761721411104,0.001696842029817014,0.50760019617113,0.5066960091041608,0.5075237252505129,0.18773112723747862,0.5066527613767806,0.5066580899464552,0.5067016656039913,0.0016020306863401834,0.507504091530556,0.2652415115307568,0.0019439855318661992,0.008127515965731469,0.0014914853426851171,0.2620470182898517,0.520464524094961,0.2633115435830027,0.011339218570152798,0.507504091530556,0.5083882074180734,0.007170860567113468,0.007170860567113468,0.5085332383457872,0.5274453938449167,0.5066527613767806,0.0016020306863401834,0.006692563140305974,0.5072417578157614,0.5086424989955319,0.42398590371200573,0.2616200396744277,0.0017355510905808225,0.0019743265278585054,0.011834208137596669,0.5080370666094786,0.2652053894160847,0.23813709104178982,0.0016020306863401834,0.5213466087894955,0.2870599465125751,0.025112092752142934,1.3018822390396876,0.5069766481275952,0.5066960091041608,0.0014914853426851171,0.001575571504302431,0.0015165152054513742,0.5086631919443235,0.0020018331749644402,0.0032929927537361237,0.005533955869268969,0.015121617553984334,0.0015155179022178777,1.2426194973295492,0.0016020306863401834,0.24256799683405367,0.007250945648251572,0.0017067267675194842,0.5132170303436931,1.2421486373105974,0.0014914853426851171
chr2:72826048:72826049:NM_015189:EXOC6B,0.01937812114745603,0.6621152944309594,0.013014741794937223,0.6863037733412461,-0.03683115372829873,0.3003170991025671,0.009463130390007804,-0.03645629584653992,0.1998653696123462,0.41803263013444647,0.3747850223805748,0.7427772250836129,0.044874201802676095,0.40699397773082896,0.688514839767984,-0.03645629584653992,0.6922681599104354,0.7226035433073731,0.3798020259796515,0.012959972354209093,0.008323671624509338,-0.05454302962159646,-0.0184796213156116,0.04918774258222649,0.6825441351327732,0.013014741794937223,0.6885059200443984,-0.0184796213156116,0.012959972354209093,0.645777032029721,0.13087718108918361,1.293081957076186,0.10916208743416236,0.1998653696123462,0.00042069941939915784,0.6961446586789994,0.08268243003673824,0.6884680183913079,0.30975602916273554,0.01673176838517064,0.6884680183913079,1.0857110492103925,0.33513819236992887,0.7070635623776911,0.7791747525728284,0.02900328348055603,0.015362207486226978,-0.014963422074675,0.6888761532183278,0.009453586002131642,0.009674852614963356,0.6902008583404755,0.3747850223805748,0.015360509678078171,0.6884680183913079,0.015360509678078171,0.2456681496916332,0.6885084949544347,0.26590243512854483,0.23706179482925316,0.3159204098851909,0.008314143481696346,0.6826627368503204,0.010941731982283168,0.09211473605226375,0.6825441351327732,0.009462273813919397,0.19671436313030305,0.6826627368503204,0.02560731517512234,0.008314143481696346,-0.012542056965731962,0.6962636223561885,0.008325141334507402,-0.03683115372829873,0.01582920141818829,0.2660547910268686,0.012069641127998451,1.1332288193295645,0.6825441351327732,0.009462273813919397,0.023199357034894286,0.6961621791215181,0.7147559616584382,0.30408594656849425,0.688523302753163,0.6825441351327732,0.34745258105786075,0.015360509678078171,0.6886277707766687,0.008320719145402,0.056158178862259586,0.6902008583404755,0.008314143481696346,0.6826627368503204,1.1083716014566365,0.025115514207643255,1.114896684076544,0.05931975511748806,0.010808150756341992,0.015362207486226978,0.07016928722110069,0.031093606981698017,0.6961446586789994,0.6961609083685613,0.41362705719028187,-0.03161602625488012,1.1764481633896908,0.2369660233742841,-0.01742189804244272,0.6902008583404755,0.009206556267532306,0.6884680183913079,0.6825441351327732,0.6929625258232005,0.043014885209983665,0.10167445202989543,0.6884680183913079,0.6945476088256086,0.011011006741488735,0.6825441351327732,0.6884968937655731,0.891965756631621,0.6890076461078589,0.06869001108738435,0.44524392412539426,0.008314143481696346,0.6884795118222213,0.056667448357372315,0.008314143481696346,-0.014529021682210486,0.6884680183913079,0.027163499160941226,0.008314143481696346,0.6963450287956106,0.009678379838949702,0.009678379838949702,0.6928920339559543,0.00954235603504712,0.6885059200443984,0.6962499618986427,0.6903054888301314,0.7048489950806389,0.13931655281111105,0.3254620984079615,0.009294122793975845,0.058120283912003204,0.5935324253050649,0.008314143481696346,0.017993118931907665,0.6884680183913079,0.6885059200443984,0.014478426401174985,0.002662247678585486,0.004916651704606728,-0.03682575246446797,0.009453586002131642,0.008340209089157627,0.6902008583404755,0.6961446586789994,0.009453586002131642,-0.03683115372829873,0.015360509678078171,0.23686531733924782,0.010705715524214121,0.00946680485070897,0.7064843981392221,0.798688441976452,0.6885059200443984,0.06068437314318831,0.0355192088057725,0.02131839254300201,0.08449337662782684,0.6825441351327732,0.07165312874058512,0.236862681976431,0.07995889304377879,0.6884680183913079,0.014286128728862119,0.6583259710377285,0.6902008583404755,0.6885059200443984,0.3401581672026023,0.015861545752462403,0.6579488295178907,0.015360509678078171,0.6961446586789994,0.6966446303415894,0.0034343217336756243,0.015360509678078171,0.00875355142940977,0.008322823039736596,0.6825441351327732,0.012959972354209093,0.6885764277551536,-0.019687521807133568,0.6887324898579754,0.015261098420635957,0.03984446128843304,0.6886948070203727,0.01585566298439188,0.015362207486226978,0.6825520975295511,0.26647868907593086,0.012069641127998451,0.6825441351327732,0.7134149774421874,0.006226967118399401,0.008450698235315829,0.345054559662499,0.02575181149969312,0.6885868292940822,0.010728915079662074,0.7049304330397921,0.015362207486226978,0.009453586002131642,0.011804344264094449,0.6825751574143659,0.3287000186272078,0.7058682305155415,0.019284459744570465,-0.02561082956501505,0.008323671624509338,-0.016756921590174043,0.5295369048376087,0.6825441351327732,0.008314143481696346,0.012069641127998451,0.2354779688607227,0.6949280245768416,0.6825528695635538,0.6884680183913079,0.6884680183913079,0.6966785099167303,0.008318670245968607,0.008640380316506824,0.6873785111169197,0.008314143481696346,0.008318670245968607,0.6884854000722478,0.6961711276747024,0.689746053704875,0.6885724792934405,-0.027384711283420488,0.6961621791215181,0.6945090964819705,0.6962817165973105,0.015360509678078171,0.6884680183913079,0.6887047196397762,0.008318670245968607,0.060681072930541216,0.008640380316506824,0.009455393743833931,0.6980456120889182,0.6921890283046868,-0.07526299915973375,0.6885724792934405,0.7555484293719825,0.008314143481696346,0.008314143481696346,0.6885868292940822,0.04678594034957727,0.008314143481696346,0.015360509678078171,0.6825751574143659,0.2354779688607227,0.6962499618986427,0.34371609589526225,0.7419498947549181,-0.018981642677190894,0.03207785454792578,-0.023391077095200552,0.6961446586789994,0.2406951725168271,0.0777494089581834,-0.01742189804244272,0.6599017539094145,0.6836185713838505,0.07554731770294922,0.6610754549052186,0.6962646877240535,0.7049197470210185,0.2354779688607227,0.01769964713393407,0.23589870225836457,0.301545002844199,0.015362207486226978,0.012959972354209093,0.008314143481696346,0.29338825022303594,0.008338020652042324,0.6961446586789994,0.008387837879159685,-0.00043223191427370355,0.01654320053214367,0.6885868292940822,0.6884680183913079,0.015352342233942148,0.008314143481696346
chr2:73113018:73113019:NM_015470:RAB11FIP5,0.04905760376554258,0.018200083039230708,0.19835151416360605,0.02908164668778898,0.039639139779331645,0.00504840322627631,0.005049212556655691,0.01799271914151329,0.0020463205199202084,-0.05015877992855319,0.40596375559232645,0.015094161661578565,0.04005951428767987,0.05964944168361347,0.1903079744412639,0.01799271914151329,0.04087062536674854,0.19202228789060094,0.01857205284094615,0.018570308457433238,0.005337576686855028,0.03997834152946775,0.0018146958769180155,0.050391657608829854,0.13587947513919427,0.017993491525472194,0.13587538853350167,0.017995234106114588,0.018106278994030944,0.018313877209077345,0.17455416012749442,0.04081192706133621,0.2037991899749464,0.013586458329377882,0.040060673764919036,0.1834553395330194,0.018106278994030944,0.13588001426345017,0.012511269528667934,0.0018160651270177075,0.18448659342518242,0.3561093656226469,0.034502752789569935,0.00182316839588198,0.02607510217400813,0.0004842829293405515,0.018570308457433238,0.01799271914151329,0.26089372572319364,0.018567791693545888,0.018473130207871724,0.12708885863797145,0.3097397293464149,0.018570308457433238,0.1946898734466848,0.01799271914151329,0.19761469850482627,0.20217574737501381,0.0393016281523805,0.03753433047804247,0.14471090742266718,0.017993491525472194,0.26053809953998075,0.0018063415100434965,0.03374439402382544,0.0020330584793509243,0.13216506881318651,0.002048387599803192,0.26053809953998075,0.01719849944308577,0.2649020615331353,0.018570308457433238,0.18412405407347873,0.36376001235850886,0.017993491525472194,0.2787999165923836,0.0393016281523805,0.0018142598442138502,0.3548772641367599,0.13587947513919427,0.13229819286641542,0.001812974855241234,0.18358163253744675,0.012442863582173669,0.028293039974586154,0.20242521556091,0.13588001426345017,0.2904872965149691,0.018106278994030944,0.35930019924837164,0.0023843428596661,0.02117497100100635,0.0018052362348210393,-0.003246996525719803,0.26211872757167715,-0.00040842842225946585,0.0021810664517254996,0.025224114682323065,0.017993491525472194,0.0019394905735040657,0.018106278994030944,0.3095720695457196,0.018129131182103353,0.002294386726497122,0.33722368032360883,0.04012490929734869,0.018532679124213025,0.025862190597164644,0.029933579183420572,0.018570308457433238,0.18320284511767806,0.005050691503548421,0.3519783321509868,0.004474295587349353,0.038346261041265345,0.2938986854704363,0.023274713455823104,0.025622139516114445,-0.003215368219134984,0.2648720844042724,0.001812974855241234,0.20266092155611995,0.21035262343274125,0.13216450182361264,0.31455043489357914,-0.0685628490216659,0.001812974855241234,0.19119010963967603,0.01846325161853546,0.001812974855241234,0.12232048965924824,-0.003246996525719803,0.002606557490885786,0.001812974855241234,0.3560869975488813,0.26181216241386646,0.26181216241386646,0.00182276428812439,0.2573681453838651,0.1321604120743873,0.025936309363459337,0.014840989789709935,0.12794457437489282,0.030243384045866628,0.012335314420726828,0.001812974855241234,0.0023855424152218196,0.38358358834579553,0.017993491525472194,0.2637127405113372,0.03763803220931525,0.1903079744412639,0.01820959356318458,0.020738172699283297,0.41866578540496546,0.001812974855241234,0.27336074645999076,0.0020330584793509243,0.18447829442367084,0.20258613065804432,0.13588001426345017,0.039639139779331645,0.018570308457433238,0.0018052362348210393,0.0019421442104221587,0.0020335204256299866,0.3655675810971939,0.03181495598786216,0.1837476657104318,0.01325957158679164,0.04774456655723103,0.11624479537488541,0.030586286649340322,0.04072964364520204,0.27211264598717266,0.1903079744412639,0.01845605560222846,0.13587947513919427,0.007305059508554201,0.04082946885560648,0.001812974855241234,0.18448659342518242,0.18649133090222555,0.09762968424767704,-0.00023113470477609255,0.0023851814524087356,0.18383168215946377,0.1272551703764286,0.0429081264250602,0.018570308457433238,0.005050922258350521,0.001812974855241234,0.001812974855241234,0.018570308457433238,-0.00026268333438289604,0.007003654886677757,0.025817821944124852,0.0021704391978477067,0.03873874440411146,0.06463619951996519,0.03932699282325014,0.018570308457433238,-0.003246996525719803,0.0393016281523805,0.01807125301977125,0.029194681807433065,-0.003550683998734594,0.018626813806274067,0.002000679373321379,0.02590409930417878,0.0003820234846791948,0.26075210633028373,0.001812974855241234,0.02571600394865642,0.018570308457433238,0.0019391288520536065,0.005178154049000072,0.0020330584793509243,-0.04263316960061825,0.037744651552340525,0.0020990572040630595,0.026017344358116118,0.028776824425165437,0.01211017405251752,0.03998836341925746,0.13216506881318651,0.001812974855241234,0.01800630786259705,-0.0030699737751771483,0.28267428065728595,0.004474295587349353,0.35188677954361536,0.13587947513919427,0.19192164734815123,0.0018181311543711831,0.01799097654195503,0.03963396715653822,-0.002971109514747272,0.001812974855241234,0.19065323828332714,0.18251753489039912,0.18430809925893743,0.026254915095345888,0.02221040822567466,0.1845891313388292,0.025397175218341977,0.3156326034279827,0.018106278994030944,0.02598028169114075,0.047908697592352056,0.001812974855241234,0.1473521152036339,0.012386529589238748,0.12722217178692752,0.027746406695546844,0.01035049335960292,0.018324715579719986,0.02598028169114075,0.029142779253201634,0.002671003875044986,0.002671003875044986,0.2605437843159543,0.2507358394033775,0.001812974855241234,0.0019421442104221587,0.0023851814524087356,-0.0030586184667130145,0.48325632566749316,0.723672614421954,0.15783894540192375,0.0019394905735040657,0.04005951428767987,0.037421558296608315,0.025554428490649955,0.2657745077549962,0.02204145986540379,0.018106278994030944,0.261893867038542,0.04922928877683633,0.09629028670102285,-0.007078433501760906,0.03911618534053826,0.028070526850775046,0.03749308573910462,0.01852231163018292,0.001812974855241234,0.30939977175155975,0.018106278994030944,-0.04289174815433261,0.5558409689311191,0.00333313714844391,0.005134575244305883,0.20656239428038606,0.017990143847920026,0.13324542673710066,0.0019442856738129954,0.25972317093418507,0.025936309363459337,0.12708026027456737,0.001812974855241234
chr2:74832654:74832655:NM_000189:HK2,0.5986831230006764,0.19304580574712074,0.5535013193851496,-0.004514454312017191,0.2771305946218888,0.44467401755935093,0.00838726427935313,-0.0033229723048212867,0.2541972429846634,0.48290582619242417,0.48273904547242574,0.09635362955411761,0.45174001659468044,0.5342953219762122,0.14923154785351472,-0.0038778091680743143,0.1899846905481485,0.6815242438084094,0.16339154922059376,0.11576394982466146,0.22381223744350637,0.19409331800150714,-0.003823719041736229,0.06207178628372448,0.18998090151641922,0.5002284483305416,0.14923154785351472,-0.003793288368044573,0.23622737202700878,0.1506604590635281,0.40470060031537436,0.7798638320800615,0.5543872750278065,-0.006172401172354319,0.19409331800150714,0.24116841050316068,-0.004484047624526144,0.18998090151641922,0.036639998674000473,0.05992561082873776,0.6025216570145377,0.6025216570145377,0.48153425657122917,-0.004499751743292785,0.3580793016524777,0.1844602362632023,-0.004484047624526144,0.1268068095101115,-0.01165546327617012,0.1544045316267809,0.12100360652833239,0.18998090151641922,0.48273904547242574,-0.004484047624526144,0.18959818914340326,0.22308406922883198,0.7626565065102352,0.189981250515802,0.12826529536598658,0.6025216570145377,0.1204203795053636,-0.004484047624526144,-0.004465442817797982,0.23226779866496705,0.35846142015285254,0.19007814772871426,-0.004514454312017191,0.039118989415451944,-0.004465442817797982,0.12703899611540678,0.03836769086662359,0.35171429918191865,0.19048954803313856,0.07602387805274277,0.03847157922537203,0.051154845990972225,0.12826529536598658,0.008895899195397461,0.15511047102760878,0.18998090151641922,0.18987436164082283,-0.004514454312017191,0.28050346658605757,0.25796540170682997,0.03666071588640027,0.22104170213801988,0.14923154785351472,0.09172978390339295,-0.004484047624526144,0.38577871804444175,0.20730136001795488,0.03664196788743215,-0.004516622366829842,0.18610063182362738,0.11504350456832307,0.14923154785351472,0.17389017273066235,0.3377095931965993,0.352248781483566,0.01191762463830176,0.11502463616510636,0.12691702197558294,0.20153115109497005,-0.004484047624526144,0.23592068111017425,0.42948219902266715,0.21209105328423558,0.13399138892382864,0.7796146000232612,0.11502463616510636,0.11504139015710527,0.20750388026723063,0.6025400790574349,0.026028568124198487,0.3091736545660808,0.19049743682399753,0.42212861092992826,0.14923154785351472,0.189981250515802,0.16501131034406083,-0.004514454312017191,0.1896679611792455,0.5626079436648221,-0.004484047624526144,0.12712939469277368,0.4036758956386678,0.18930200926114596,0.6025221751343222,0.177868817003691,0.3525017585344081,0.18638316374089656,0.11498994908435328,0.17211877913360285,0.012775372424177839,0.6025216570145377,0.05780062428370494,0.05780062428370494,-0.005397127422896053,0.16091514876406723,-0.004514454312017191,0.8289960986630154,0.31814084179860447,0.3088288072304605,0.004423837848760992,0.03725744383478469,-0.004514454312017191,0.35231498025074953,0.6380288086093613,0.11498994908435328,0.49502739630910436,0.14923154785351472,0.18998090151641922,0.11503171344271443,0.03037497762009514,-0.0023038214312095795,0.19042802734195793,0.14923154785351472,0.1587756347374646,0.191044214596285,-0.004514454312017191,0.14923154785351472,0.20163400708999552,-0.004484047624526144,0.14906133555511988,-0.004484047624526144,0.14985319775328537,0.6161832714981726,0.19215154850247984,0.6025181935870494,0.14923154785351472,0.2026678928074421,0.3366192723262853,0.0011933795489597054,-0.004396639649514755,0.1603017719704706,0.18998090151641922,0.04459860341749011,0.18998090151641922,0.10210090912993755,0.3832755972364322,-0.0045139146773865435,0.6025216570145377,0.3996697024329424,0.014309400296645153,0.31800254260453414,-0.004484047624526144,0.149232235263805,0.3091705457898642,0.033995140862440654,-0.004484047624526144,0.20750163282718675,-0.004516622366829842,-0.004514454312017191,-0.004484047624526144,0.17787773571358453,0.13430239973345665,0.7572190399657526,-0.004514454312017191,0.07565230095270828,0.7207943317738172,0.05710744407035473,-0.004484047624526144,-0.004514454312017191,0.12836579027197767,0.00398530834926461,-0.004514454312017191,0.12023350515241618,0.12512415434541285,0.18417804248177952,0.17350676037479776,0.18446485472121413,0.1150781927343687,0.13398836268235834,0.18997765356095994,-0.004484047624526144,0.18998090151641922,0.2081986068641353,0.1587756347374646,0.05995749666670944,0.3083605636543581,0.13307522115369957,0.35171429918191865,0.2026678928074421,0.03859701434192059,0.4033324266210251,-0.004514454312017191,-0.004514454312017191,0.004457932079623084,0.009688287600916834,0.27141796411572006,-0.004514454312017191,0.31798206703944615,-0.004514454312017191,0.15005149427026615,0.11458934150607578,0.029937815210028862,0.111626331886652,0.31796411668311697,0.011611922918138173,0.6025221751343222,0.19006351586529174,0.6025216570145377,0.6025767856412247,0.1336372617022208,0.14923154785351472,0.18996726611128326,-0.003900065372762024,-0.004484047624526144,0.18998090151641922,0.7335193742670474,0.011611922918138173,0.009242056321649983,0.01529488548533553,0.189981250515802,0.8107009567031779,0.2556927476203673,0.11509551671330956,0.1899965213548188,0.14973524999928012,-0.0027502665113967317,-0.0027502665113967317,-0.004465442817797982,0.35911219814061757,0.18998090151641922,-0.004484047624526144,0.06890347527869803,0.11496165939779551,0.2723294859784588,0.4863459115098907,0.20178820308604456,0.21063240091970817,0.35331204056643445,0.11700840996841169,0.22106639756541638,0.28130724633057697,0.0024654185314535726,-0.004484047624526144,0.45719136356000134,0.25115201754086297,0.0036703321626589958,0.1821207661495377,0.10919437664243117,0.060986969484937315,-0.004514454312017191,0.12573446429569346,0.043434884946675245,0.22010473502715666,0.11502463616510636,0.04274847139112389,0.4010124988509135,0.538326620196102,0.11561437309251865,0.008539950421560444,0.15379968755951176,0.15186562661383265,0.16529044082479888,-0.004465442817797982,0.6025216570145377,0.15008164532996324,-0.004514454312017191
chr2:97995891:97995892:NM_015348:TMEM131,0.009960782654282851,0.5366027528772442,0.004400631265286559,0.004400631265286559,0.019534981172347893,0.5108972608218827,0.004397111014832172,0.017887718743157976,0.08093587001646663,0.02800492494508383,0.14557572751932094,0.004400631265286559,0.010009363353583267,0.010009363353583267,0.4008268971224445,0.017887718743157976,0.4008214142918021,0.3307184690642119,0.12886227299925337,0.004400631265286559,0.010664695814010056,0.025079685238314525,0.009972570272819725,0.18633688809766033,0.4008268971224445,0.004400631265286559,0.4008268971224445,0.01790068942533271,0.010009363353583267,0.019807087211190594,0.06816201259222368,0.4115051672699815,0.017935110507622948,0.015385327641561058,0.27405815624397356,0.8566921478642839,0.004400631265286559,0.4008268971224445,0.22140821009472683,0.048661424505785034,0.8423067105969793,0.8422977555043853,0.004619817296660278,0.046180689055237784,0.23545239312137245,0.20164889168065728,0.004400631265286559,0.009957824539892718,0.004400631265286559,0.015356307816136061,0.18613592095474427,0.18612058556423441,0.14557572751932094,0.004400631265286559,0.4008214142918021,0.004400631265286559,0.18650741064636273,0.4008268971224445,0.004397679932916981,0.18613592095474427,0.004400631265286559,0.004400631265286559,0.004582719690451181,0.004354816341555712,0.19854788324845818,0.1861406135209728,0.4008268971224445,0.03662818649165481,0.045059493565761555,0.004405336442655616,0.004400631265286559,0.004400631265286559,0.8422977555043853,0.004402141359417855,0.19416146980056811,0.16654655592931344,0.004397679932916981,0.008940645452264945,0.004400631265286559,0.4008268971224445,0.4008268971224445,0.12913151492603195,0.004575399270795422,0.8426111069248129,0.19892336290968127,0.4008214142918021,0.4008268971224445,0.1415861812627195,0.004400631265286559,0.4239796859743965,0.004417859293786325,0.1352207646220556,0.004400631265286559,0.4008214142918021,0.0450582125982866,0.011171121742447221,0.020964051222039398,0.41804326106474804,0.03610612781995448,0.01176683471032694,0.00440277216051474,0.004400631265286559,0.03945316497147172,0.0045842222874010186,0.8311476930197541,0.2157695418638685,0.03720835821964208,0.45812787821874634,0.011173702603300445,0.004400631265286559,0.4008214142918021,0.01066108042393818,0.4008268971224445,0.40082995524166676,0.18612176615600984,0.03220955251291863,0.20147464072188281,0.8423067105969793,0.18641286964578954,0.19073239713426843,0.4008268971224445,0.4008214142918021,0.2309201198139181,0.4008268971224445,0.06209604650506123,0.14165001690421916,0.004400631265286559,0.4008268971224445,0.10181336575874636,0.004400631265286559,0.4187061451855454,0.4008268971224445,0.146768666124115,0.007221866920372383,0.18612058556423441,0.004577540384429951,0.004577540384429951,0.4029687520796423,0.3465814606464591,0.4008214142918021,0.4008268971224445,0.8423067105969793,0.18680362823415206,0.14547551351102034,0.22149161056547348,0.004400631265286559,0.012881176354362894,0.19767898631170297,0.004400631265286559,0.13973551975987267,0.40205126855119644,0.4008214142918021,0.19663470400368582,0.05599963099590613,0.004671451518984571,0.03926483909885056,0.18613739277545152,0.004400631265286559,0.18612058556423441,0.4008268971224445,0.4008268971224445,0.2181315570559031,0.004400631265286559,0.8422977555043853,0.004400631265286559,0.004441750609431971,0.08714422380320527,0.14105128772697334,0.8422977555043853,0.39989675688384085,0.009960782654282851,0.01234661622374758,0.23927739110366683,0.004400631265286559,0.8604913939047257,0.4008214142918021,0.09600095510907436,0.4008268971224445,0.5235028930753154,0.850804783845514,0.004393950476268477,0.8423067105969793,0.04606437937531482,0.012290218139933279,0.4008214142918021,0.004400631265286559,0.8431014947906736,0.18612527810947457,0.4189826577528423,0.004400631265286559,0.010665809961336342,0.0033075352167353522,0.004400631265286559,0.004400631265286559,0.4517957276145446,0.19872836986907702,0.8423067105969793,0.4487068841912831,0.4008268971224445,0.1669195566895171,0.007476460262402368,0.004400631265286559,0.004400631265286559,0.4007588821250508,0.1604267783588373,0.4008268971224445,0.40299068590775533,0.13071404642661485,0.004399533041787113,0.014213148574443307,0.8702107607099205,0.2349860086347473,0.008102311223323944,0.18699530927129548,0.004400631265286559,0.4008268971224445,0.01066108042393818,0.004582081150988043,0.007831224238475099,0.18798433742644274,0.20866514231842517,0.00440478139508968,0.009960782654282851,0.1941461234959492,0.14143871134082128,0.18612058556423441,0.4079049228180841,0.15479389822820913,0.005880052949573472,0.20110301072925074,0.4008268971224445,0.8423067105969793,0.4008268971224445,0.4282375798894996,0.007171729622605455,0.004400631265286559,0.9075266643373067,0.004350434917279239,0.04776046100621914,0.4008268971224445,0.3966089706120731,0.8422977555043853,0.4008268971224445,0.20794216535131796,0.004400631265286559,0.18642821548472416,0.8433903041106229,0.004400631265286559,0.4008268971224445,0.16027848550997253,0.13221814734751594,0.0046609795714402935,0.0061088297082499965,0.4008214142918021,0.8423067105969793,0.0032723403425155007,0.004350434917279239,0.8423067105969793,0.8457315817865798,0.004599311591871602,0.004599311591871602,0.0457023892944948,0.004421466318311529,0.4008268971224445,0.004400631265286559,0.012719978178392183,0.18612821836239946,0.831140205516582,0.8893614690767228,0.4010600067858456,0.017228349131287818,0.010009363353583267,0.004400631265286559,0.8423067105969793,0.051722753124485266,0.09330803396513979,0.004400631265286559,0.08564029891797093,0.17911998621849162,0.022189122894920504,0.4199377134825135,0.8136231087329574,0.18701213085848434,0.4008214142918021,0.15478868741696022,0.010009363353583267,0.004400631265286559,0.004400631265286559,0.007022478909112756,0.007088224127105025,0.007263744946867046,0.005945857721273984,0.8422977555043853,0.004400631265286559,0.0048566632961079825,0.023539403684679994,0.18633996712715448,0.8423067105969793,0.18633996712715448,0.023355097158841626
chr2:101308716:101308717:NM_173647:RNF149,0.6036565686614377,-0.055237455461663434,0.16575799309906775,-0.057880115085211,0.06409146677530159,-0.059694267030591344,5.963657242341602e-06,0.17400760209070046,-0.05859624187417066,0.4355729289538172,0.675223718021705,0.002033404568438868,0.5786646367024159,0.5247803287757313,-0.05789798827451377,0.10131309734063926,-0.060531202168005865,0.016431672040403245,0.23898274011476417,0.17098476261546713,0.23893404610548596,0.17490967272670638,0.0006028811516519683,0.05272009309977886,-0.05794988611780798,0.004797478188896198,-0.05789798827451377,0.1060962903406816,0.004797478188896198,-9.862932838811123e-05,0.9562289702904132,-0.05835593598182197,0.17128081763359437,-0.007240194292667895,0.17518168872192866,0.048706432990910695,0.0005698301214020207,-0.05794988611780798,0.08187790238115109,0.002350360003005758,-0.060531202168005865,-0.06269709082163942,0.6876441993202884,0.06783214183016162,0.9689347177480668,-0.019164422655280552,0.0015875691767917033,0.23886962794162486,0.053073585037725746,0.06363351578559417,0.6052436747606017,-0.05794988611780798,0.675223718021705,0.0015875691767917033,-0.05789798827451377,0.16551060511081772,0.2241507049326432,-0.05793536947393334,0.23884624947152963,-5.401752798075976e-05,0.6106853272288305,-9.214227387699392e-06,0.12880857909029053,-0.03450907303143626,0.3482492983435698,-0.007056766539363574,-5.401752798075976e-05,-0.05983867962181674,0.08904955170009665,0.524580141096593,0.02836088005324411,0.2396060830947383,-0.05789798827451377,0.0004330579180790439,0.10137147697619514,-9.392887213410805e-05,0.23986310709026168,0.0005696710606276911,-0.057195320843226385,-0.05794988611780798,-0.05789798827451377,0.02344342569960936,-0.05794988611780798,0.42733837300255983,-4.510611169755707e-05,-0.060531202168005865,-0.05794988611780798,0.11563518515376087,-4.510611169755707e-05,-0.07811755293728885,0.16551060511081772,0.16560538590502252,0.0070916508352020236,-0.00031181373895566855,-0.025404913520299707,0.0010921156108019414,0.17544060131186479,0.5218472758449751,-0.0015408307053892956,0.009336939779941739,0.0016287909054699956,0.3927266115214497,0.009769096178505299,-0.00031181373895566855,-0.0620818954723686,0.44450740535937955,-0.06482342813734654,0.014139194729036186,-0.07596741783589898,0.0006110143114308741,-0.0627484979608911,0.0017151403170454216,-0.0627484979608911,-0.057913393232155844,-0.060094420347231545,0.07478559087402353,0.38630700363290327,-0.0627484979608911,-0.06006432233917275,0.18864670169721945,-0.05789798827451377,-0.05789798827451377,0.5249041362979817,-0.05794988611780798,0.603579030006678,0.9720018974538519,-0.00031831820149011425,-0.05789798827451377,0.5088786657813607,0.16556225784400114,-0.015835914682372387,-0.0627484979608911,0.027877898425083064,-0.0015905973452562117,-9.862932838811123e-05,-9.862932838811123e-05,-9.862932838811123e-05,-0.05706394199443875,-0.055043119469626894,-0.06006424812146327,-0.06264459069938658,-0.05834589186178381,-0.05801392063730708,0.0038038772862815373,0.5451752628765367,0.024545539321367854,0.0005505424629135836,0.3708975546659302,-0.0010353357267196273,0.06790521212852722,-0.05890572688291189,-0.06006424812146327,0.12755522546596718,-0.0004946751446368303,0.004912844563112723,0.007807258272375106,-0.05895716512479093,-7.946582775325561e-05,-0.05793201534282187,-0.060582936490562164,-0.05794988611780798,-0.06507061879511954,0.0015875691767917033,-9.862932838811123e-05,0.000509359171602608,-0.0003564367577135741,-0.06101411906243827,0.9925159317608102,-0.05890572688291189,0.014835879482772055,0.06828892649463927,0.10814884333505836,0.32028715671319463,-9.862932838811123e-05,0.01864284481003442,-0.06267939821543779,0.17011900719249715,-0.05794988611780798,0.039388251458869664,-0.05920686818740356,0.007034889205627726,-0.06269709082163942,0.011172538415745975,0.442993814251437,-0.06348543254171836,0.0015270821869897144,-0.05906376125937725,-0.06056509135636866,0.0139526921964368,0.0009724376748788954,0.24130856126680938,0.0004558081965036209,-9.862932838811123e-05,-4.510611169755707e-05,-0.06049358888825221,0.05591601979248434,-0.06266653829789604,0.03319099507364118,0.005353728058248769,0.22353161085629375,0.23892280751151102,0.0016287909054699956,-7.946582775325561e-05,0.2450723732165156,0.022525607534716385,-0.06006424812146327,0.03830427712038649,0.19146292151569202,0.02579447183261213,0.31384417725627417,-0.01647610717161503,0.08878468771043355,-0.0015213082327889538,-0.00863018131736265,0.0016287909054699956,-0.05794988611780798,0.0016159902201363374,-7.946582775325561e-05,0.026566462276121583,0.31711098248077935,0.07410637200751899,0.3159542494960723,-4.510611169755707e-05,0.009369113744122207,0.5265029361515123,-0.05794988611780798,-0.0627484979608911,-0.0004957577312428574,-0.06007934703613586,0.3952250417472799,0.0010035834361596385,-0.06311033934195481,-0.05789798827451377,0.22993664545377357,0.016989730261998293,-9.862932838811123e-05,0.011619058066650673,0.008823775814002871,0.009320762788163683,-0.06006424812146327,-0.05789798827451377,-0.061727356992305235,-0.06226712748774399,0.3733897805043562,-0.00031181373895566855,-0.06269709082163942,-0.03166659098279549,0.000509359171602608,-0.06205337697461159,0.4223739596775792,0.009320762788163683,-0.057035373380467796,-9.264102365097449e-05,-0.05789798827451377,-0.0627484979608911,0.37981950440100026,0.3136699163341547,-0.06198426981031645,0.0019603337616205807,0.23959197387875922,0.23959197387875922,0.08641639216460273,0.20044850668091152,-0.05794988611780798,-9.862932838811123e-05,0.010930407642854384,-0.06231284527835962,-0.056836401376754775,0.17355777057829733,0.01483867634762416,0.012000697041049918,0.0035621135709096308,-0.00030288709872178243,-0.05895716512479093,-0.0011816314698742114,0.005422745053789035,0.0005698301214020207,0.11644550871747326,0.24030263375714858,0.23895385043839562,-0.013609120315509038,0.04875907820855971,-0.00863018131736265,-9.862932838811123e-05,0.08758388386637511,-9.862932838811123e-05,0.23553130446454068,0.0015875691767917033,-5.814987213303979e-06,0.009371308145003268,0.5099415404659848,0.001157917257505331,-0.060582936490562164,0.12288897095374465,0.35327104441746543,0.0029357704893057113,0.1287390077113735,-0.06198426981031645,-0.0003564367577135741,0.012369534682545869
chr2:121649476:121649477:NM_001142274:CLASP1,0.07320255766980627,0.23653104260062063,0.004116203337322877,0.2721168562896009,0.07103078777897659,0.318744786542676,0.06805892723196644,0.07181600411114963,-0.04192127959758579,0.004617191286039324,0.038954223835602986,0.013787192376454982,0.06877356567467824,0.10801446665019754,0.33878924564963,0.06900976582657592,0.2721168562896009,0.31999059463762214,0.07103078777897659,0.004102400249053506,0.028040055449311374,0.4681345776382979,0.06859986785739136,0.0015613862803876,0.33884367922332487,0.0017643010425495986,0.05152882319763219,-0.0006198074021326883,0.0017643010425495986,-0.0008833523408301458,0.08850336694743138,0.4766048971800542,0.07105844126050875,-0.03804650218015973,0.4741857080935108,0.3436262168450461,0.002277739931700662,0.19588770265175004,0.010094705772464574,0.07583639582904589,0.33884367922332487,0.6104609922433583,0.0012130116775027622,0.0019802281796116317,0.13197930336078928,0.2713332275207526,0.004102400249053506,0.0006278648605625992,0.016592535019192722,0.07103078777897659,0.03220063699500275,0.33884367922332487,0.037738010127368826,0.029005932707386883,0.8032645330410363,-0.001132742536716247,0.3414883595997556,0.33878924564963,0.45849852488022563,0.33877127185459593,0.018414757122253267,-0.0014822624076918367,-0.0011293047750122187,0.24019910926355453,0.015860141873447475,0.2681093698341136,-0.001132742536716247,0.03476722126474063,0.04906464435258506,0.032488611206310525,-0.001132742536716247,0.3496185167969899,-0.0010951603230426321,0.03094134221637107,0.071036531729398,0.3396893194089208,0.45849852488022563,0.09161294869293907,-0.0011147790648241562,0.33884367922332487,-0.0011285238298950895,0.06825134575431424,0.33877127185459593,0.3430091129048762,0.009287886918713517,0.33877127185459593,-0.0010951603230426321,0.12021846731011793,-0.001132742536716247,0.20037844327842672,0.002386314792885147,0.009275630802815737,0.3383686945058812,-0.0011285238298950895,-0.001851027384144166,0.0012127593437432638,0.03107631510063319,0.5074090259977542,0.005893140046205447,0.06825911394370177,0.07157238290888257,-0.0010546082436154736,0.022285248614732245,0.3444972030647657,0.33877156204194386,0.13199205535679187,0.0018756698586142595,0.344005384058454,-0.0002646786637400256,0.07103090189364819,0.19584132835353868,0.030846054924850763,0.19598043331393922,0.2748651290439945,0.33878924564963,0.004102400249053506,0.7856766486151968,0.344531796999088,0.33878924564963,0.23946761456779891,0.3387857711274224,0.8031744765497588,0.0744977446304535,0.27084359697221494,0.001523484452485513,0.5795109085039385,0.0012007055700249958,0.33878924564963,0.06596587980592672,0.07103090189364819,0.280285856615531,0.33882570499460235,0.10198976553518607,-0.001132742536716247,-0.0011285238298950895,0.6098439076490768,0.6098439076490768,0.4590164737592176,0.0012772727843275433,-0.0011285238298950895,0.3448787092798192,0.4846236535828272,0.6105779806803113,0.07928960287888703,0.010557210559072217,0.06805892723196644,0.0017643010425495986,0.47687906522995294,0.07103090189364819,0.3475401293927255,0.33884367922332487,-0.0011285238298950895,0.004884431563153213,-0.0011305792645953106,0.0007034296804668272,0.0013620125077121736,0.33884367922332487,-0.00096349503476717,0.33884367922332487,0.26954257177889207,0.2681564830180044,0.004264025675410232,0.07157238290888257,0.19598503558429553,-0.0006198074021326883,0.33877127185459593,0.3630595871972977,0.47527624205408,0.33877127185459593,0.07048911293166932,-0.0006075124379837926,0.2329299997167686,0.16240664648610548,0.33878924564963,0.004816803694688454,-0.001132742536716247,0.0681782127856736,0.8032731591118003,0.00023283339032131867,0.34456326597665,0.33877387955151944,0.6105779806803113,0.3433129879477262,0.0691649766206422,0.33884367922332487,0.0017643010425495986,0.2681564830180044,0.35117672686235446,0.003912116684743505,0.0017643010425495986,0.030297466034735543,-0.001132742536716247,-0.001132742536716247,0.0017643010425495986,-0.001132742536716247,0.010557210559072217,0.3388565967000473,0.19743646733084183,0.06956102357300575,0.3459050037277295,0.23144624919768592,0.07157238290888257,-0.001132742536716247,0.3934031747250352,0.017819219739898307,0.33878924564963,0.34098559764695674,0.1027356783876211,0.007452345620996725,0.5392225557551722,0.27912713133526534,-0.0011293047750122187,-0.001132742536716247,0.34503976106570283,0.07400816905669394,-0.0011285238298950895,0.026740519098774174,-0.0008146973206134001,0.47622967405144734,0.3474711308592428,0.5971068758778284,0.07157238290888257,0.0012007055700249958,0.3446606527024452,0.13205999155526515,0.33878924564963,-0.0011285238298950895,0.0875055672884848,0.06805892723196644,0.3388917019970069,0.2681564830180044,0.8032731591118003,-0.001132742536716247,0.19669931810980334,0.025950648410047572,0.06805892723196644,0.35303428554676053,0.062294506994935606,-0.04360247400469161,0.33884367922332487,0.8032731591118003,0.6109318581842786,0.33882462237378647,0.08035255318166368,0.34299742737118,0.33884367922332487,0.34035746626007657,0.025472362983334385,0.33882570499460235,0.34948950842407916,0.025472362983334385,0.08021696407702572,0.00036482776307777964,-0.0011285238298950895,0.23063130931248807,0.3413937219391168,0.19644059619184226,0.33882570499460235,0.6214407891138586,-0.04192222264233189,-0.04192222264233189,0.03424589170250941,0.10582163467595695,0.001996105670897086,-0.001132742536716247,0.3390756704885702,-0.001132742536716247,0.33884380900974453,1.6689152292852336,0.3517375538484122,0.22606933854612485,0.47228467820095316,0.18878898881946582,0.33906641604100607,0.0013587978854392446,0.11720264130508168,0.07103090189364819,0.2299761831156725,0.3415251733804837,0.0994801695602498,0.2826002742292041,0.07547867952136283,0.34469284900823227,-0.0011285238298950895,0.0178020390039505,-0.001132742536716247,0.002386314792885147,0.07103090189364819,0.0010475070683986232,0.0012007055700249958,0.6188414964732456,0.3438542229266477,0.6193908478778679,0.4665047048730167,0.2166404984627152,-0.0008288202703887748,0.03424589170250941,0.610546467783457,0.19584132835353868,0.33883226335545924
chr2:127884860:127884861:NM_031445:AMMECR1L,0.006389815722084559,0.3714944086222566,0.015726066566332193,0.006389815722084559,0.013869381203444275,0.32716564444074314,0.006389815722084559,0.006389815722084559,0.01372562447035456,0.02085773679064426,0.013869381203444275,0.006754616482532352,0.311103515033443,0.013869381203444275,0.17055777090754123,0.006389815722084559,0.9595256471627558,0.3449835834507475,0.01420810214373932,0.014847107226927947,0.0281054411743916,0.04080887822594648,0.006389815722084559,-0.06979879107387962,0.04640183970419527,0.008234116512957912,0.040905243339020354,0.006389815722084559,0.006389815722084559,0.3071194578580543,0.020166448611119027,1.1107654866356267,0.023408780252412657,0.3218689620299972,0.04080887822594648,0.3668344156771015,0.006389815722084559,0.35250605821298553,0.03359537300317124,0.3610522144200484,0.3442715138833984,0.56502100422748,0.014132441198814398,0.006389815722084559,0.32585420919627317,0.057733360412580564,0.008234116512957912,0.014063357976762766,0.046719839614398115,0.013869381203444275,0.007154191997424647,0.3523660674720429,0.013869381203444275,0.015726066566332193,0.3530686426230003,0.008234116512957912,0.3111023936639111,0.046021005567735494,0.01606517923738736,0.1295153301384044,0.007154191997424647,0.006389815722084559,0.006389815722084559,0.3132414118341822,0.006754057366336004,0.006754616482532352,0.006389815722084559,0.013725365401655108,0.006389815722084559,0.006754616482532352,0.0064640122355941465,0.013869381203444275,0.35250605821298553,-0.07706795770031731,0.05537662857538894,-0.07697621763084667,0.01606517923738736,0.006389815722084559,0.006389815722084559,0.04640183970419527,0.04117692833198195,0.013869381203444275,0.04117692833198195,0.053753910938855176,0.03322181041230009,0.17011388514331927,0.04640183970419527,0.10656392993440914,0.008234116512957912,0.35452310348198424,0.006389815722084559,0.006389815722084559,0.040905243339020354,0.006389815722084559,0.006389815722084559,0.34487399314363953,0.35876758382250373,0.04879897153653179,0.006389815722084559,0.34028369163671535,0.008234116512957912,0.006389815722084559,0.013762110061627267,0.48014776634591355,0.05360314981568419,0.08546671702267603,0.35452310348198424,0.04117692833198195,0.35452310348198424,0.015726066566332193,0.3114151899735294,0.06539598510788988,0.563522729725278,0.35250605821298553,0.35250605821298553,0.013762110061627267,0.04879897153653179,0.5544629217291914,0.34440961566686484,0.3318358765352363,0.04128428473834075,0.34444010513148826,0.09199439647604063,0.35250605821298553,0.006754616482532352,0.4177394388709564,0.013762110061627267,0.006389815722084559,0.020348248693479253,0.006389815722084559,0.05893920722829993,0.3442715138833984,0.04696699700129271,0.006389815722084559,0.3111023936639111,0.17746606282763575,0.17746606282763575,0.3442715138833984,0.0584987625030956,0.040905243339020354,0.04117692833198195,0.047073742214929146,0.3594382454615771,0.014853666618025237,0.03322181041230009,0.013869381203444275,0.006389815722084559,0.32603679291532306,0.013869381203444275,0.005943761834256059,0.34511845560689847,0.04117692833198195,0.040905243339020354,0.013957172323723073,0.011529386955945888,0.013762110061627267,0.008393801960843154,0.006389815722084559,0.3523660674720429,0.046021005567735494,0.35250605821298553,0.04850613713153571,0.015726066566332193,0.33314986460519413,0.008234116512957912,0.3575105193547118,0.360737733493513,0.0487983964660024,0.5466201875780241,0.04628029608405656,0.040905243339020354,0.33355420267605607,0.014853666618025237,0.29535321257314584,0.13070638091426945,0.006651757603620717,0.01484288111240109,0.35250605821298553,0.0067780002390521454,0.05031827702688465,0.006651757603620717,0.34483270009040284,0.471718017339689,0.006426682127093325,0.2958513464879572,0.008234116512957912,0.006651757603620717,0.35255063267203046,0.05271842720859241,0.008234116512957912,0.022372184640422274,0.040905243339020354,0.006389815722084559,0.008234116512957912,0.34387905871081814,0.03322181041230009,0.3442715138833984,0.040196039564439484,0.04123153294451518,0.36057638845628226,0.21105129196713454,0.008234116512957912,0.006454333377240912,0.016376251698686083,0.01423118682850387,0.35196693451731437,0.35139475551655275,0.01788483906787945,0.0460263328106315,0.381185127903001,0.04679813419273258,0.005820021113192318,0.03694293133120767,0.5473358100050121,0.015726066566332193,0.040905243339020354,0.016465034070866004,0.006389815722084559,0.7677857277802127,0.1353540810855709,0.35214786647840657,0.013869381203444275,0.006389815722084559,0.04117692833198195,0.3233560131455231,0.3523660674720429,0.04117692833198195,0.02166643261055458,0.006389815722084559,0.35861194548157116,0.04640183970419527,0.34440961566686484,0.04640183970419527,0.17704219641442578,0.31938206145936643,0.008234116512957912,0.3960700153437314,0.008234116512957912,0.006476834931361329,0.2958513464879572,0.5480045333708901,0.04117692833198195,0.5467023898274869,0.03359537300317124,0.040905243339020354,0.04128428473834075,0.3442715138833984,0.008234116512957912,0.5466201875780241,0.43073073071603535,0.3219197588337466,0.006389815722084559,0.011717609691634004,0.040905243339020354,1.072627639340993,0.03619440584031221,0.013870392397404598,0.5466203711241728,0.6364673288518234,0.010348523380626029,0.010348523380626029,0.006389815722084559,0.0069208473346708405,0.008722658357927633,0.006389815722084559,0.006389815722084559,0.29535321257314584,0.4244050467332302,0.9230407800838487,0.04154632361715134,0.35876758382250373,0.015989416926802245,0.013869381203444275,0.34470535450705264,0.053855894489755377,0.014666185258112405,0.014120664478644497,0.33286111545130087,0.1295153301384044,0.006698507028050672,0.06258924197471694,0.018174486221146875,0.40592296291272656,0.04187525405473016,0.014157343578526965,0.006583055482473489,0.006389815722084559,0.008234116512957912,-0.07697621763084667,0.006389815722084559,0.3050483554707428,0.0067265485392860175,0.4217612243894254,0.3219953657648513,0.13136134096998206,0.3398078328890485,0.006389815722084559,0.5552008337223469,0.025709240697060737,0.046021005567735494
chr2:134254258:134254259:NM_002410:MGAT5,0.13350913469363335,0.058462566699043816,0.0033978922256953092,0.004692668729265104,0.07821929177428522,0.038030663506583295,0.0032389312873533083,0.05340162129236076,0.008118346019505673,0.023297121307220725,0.04424781538232592,0.16657574825036298,0.013697340370300015,-0.07677079361356942,0.0033978922256953092,0.0033978922256953092,0.008906509806406726,0.05556789723842548,0.010983995139543734,0.0033978922256953092,0.00400996051425484,0.3931997743746313,0.0033978922256953092,0.03865596655895681,0.0033978922256953092,0.0033978922256953092,0.0033978922256953092,0.0033978922256953092,0.0033978922256953092,0.0783727705670978,0.10317387720748478,0.14445155908410334,0.07821929177428522,-0.021584285816291682,0.3977379994941545,-0.18742968627020395,0.0033978922256953092,0.0033978922256953092,0.05551192305200753,0.015763467420480737,0.0033978922256953092,0.0033978922256953092,0.03125639316441531,0.0061234296296930335,0.03368832328882254,0.07048089030822641,0.0033978922256953092,0.00350772294671009,0.0047100757171010255,0.12748745692580737,0.013793667943024945,0.0033978922256953092,0.0360586846617707,0.0033978922256953092,0.003286713800819796,0.0033978922256953092,0.019813444185018292,0.0033978922256953092,0.011349606624448394,0.0033978922256953092,0.012507501217050798,0.007604185799020335,0.034655535900825984,0.0033978922256953092,-0.1143380638783077,0.003398841957281795,0.0033978922256953092,0.02622061434683509,0.034655535900825984,0.033929269250116134,0.0033978922256953092,0.003555490756030566,0.0033856229169534346,0.004065153677423106,0.037191305525593854,0.04918562603637283,0.011349606624448394,0.03897130214240452,0.0033978922256953092,0.0033978922256953092,0.0033978922256953092,0.0033978922256953092,0.0033978922256953092,0.004692668729265104,0.0483245157717021,0.036754408907710145,0.0033978922256953092,0.21716231997266283,0.0033978922256953092,0.021585960352324296,0.0033978922256953092,0.0033978922256953092,0.0033978922256953092,0.0033978922256953092,0.01081672545805168,0.009204244674408835,0.018956673006515268,0.29891351569960706,0.003484522259866951,0.020085407698833824,0.0033978922256953092,0.03530407180047207,0.12002142564703305,0.0033978922256953092,0.0033865726526921547,0.05015388832336348,0.11394453546004146,-0.1729068910667042,0.004664046418365486,0.0033978922256953092,0.0033978922256953092,0.00400996051425484,0.0033978922256953092,0.0060939499819328,0.0033932353232335455,0.07841678092889232,-0.10181497702639664,0.0033978922256953092,0.0035890392932750315,0.005753872031064811,0.0033978922256953092,0.0033978922256953092,0.104875104845646,0.0033978922256953092,0.03532810904306799,0.02986569994175098,0.0033978922256953092,0.0033978922256953092,0.26977096571906023,0.0033978922256953092,0.3289596630770947,0.0033978922256953092,0.17063419638550936,0.018823203678064615,0.0033978922256953092,0.0033978922256953092,0.0033978922256953092,-0.1605945519336054,0.03497225232365042,0.0033978922256953092,0.003401091412269741,0.011756831345066776,0.0033856229169534346,0.02761567370292256,0.10011963709579025,0.010873176259038053,0.0035400205229981774,0.01279345324660286,0.0033978922256953092,0.1792712222987588,0.0033978922256953092,0.0033978922256953092,0.3428320027885257,0.010473703950138802,0.06542362306311539,0.08218698282562908,0.0033978922256953092,0.05337486714547146,0.0033978922256953092,0.0033978922256953092,0.0033978922256953092,0.037496191671849866,0.0033978922256953092,0.0033978922256953092,0.0033978922256953092,0.010535519862231557,-0.17888086666124303,-0.11639893440247373,0.0033978922256953092,0.0033978922256953092,0.01099700092103284,0.41466132553336,0.005700886240996184,0.0033978922256953092,0.09594131045719118,0.0033978922256953092,0.06917795544185595,0.0033978922256953092,0.01915600314621818,0.027500329146196434,0.0033978922256953092,0.0033978922256953092,0.01400435046947518,0.025069803762039544,0.0033978922256953092,0.0033978922256953092,0.0033978922256953092,0.0033978922256953092,0.05848245361800469,0.0033978922256953092,0.08516452948284553,0.03418419743616835,0.0033978922256953092,0.0033978922256953092,0.018823203678064615,0.12849086812119204,0.0033978922256953092,0.05906070346286851,0.03686932322774539,0.01964564328829127,0.0824821350446972,0.0033978922256953092,0.023894198506109354,0.01071699173790186,0.04699549902933786,0.0033978922256953092,0.2712944310719266,0.11059222875096092,0.04769224454608456,0.15017153144113443,0.06482336764996033,0.03499082992387559,0.01883666949664553,0.003413359965488305,0.0033978922256953092,0.0033978922256953092,0.11936968857912811,0.05337486714547146,0.05209251823569888,0.003910537922740875,0.05806523852282558,0.0033978922256953092,0.040287838843106105,0.010873176259038053,0.05274511403203325,0.0033978922256953092,0.0033978922256953092,0.05575890645891701,-0.18742968627020395,0.04092165563856415,0.0033978922256953092,0.0033978922256953092,0.0033978922256953092,0.0036214158902938554,0.033823488705457316,0.0033978922256953092,0.21549932206059075,0.0033978922256953092,0.0033978922256953092,0.0033978922256953092,0.0033978922256953092,0.0033978922256953092,0.0033978922256953092,0.1281704663317479,0.0033978922256953092,0.0035890392932750315,0.29296515900973474,0.0033978922256953092,0.0033978922256953092,0.040387629412112214,0.006065773067030822,0.04930961841205106,0.08610366639495787,0.0033978922256953092,0.001947552671693109,0.03811679723753841,0.0033978922256953092,0.0033978922256953092,0.0033932353232335455,0.00516891251362217,0.00516891251362217,0.034743472663868846,0.14918200535507165,0.0033978922256953092,0.0033978922256953092,0.025093319459583485,0.0033978922256953092,0.0032753877953516364,0.11758360420728386,0.0033978922256953092,0.018956673006515268,0.0033978922256953092,0.0033934657048015904,0.0033978922256953092,0.04482342322266397,0.005615415676266,0.0033978922256953092,0.0019476165028335934,0.0033978922256953092,0.06281801587586727,0.07650148540380153,0.13099892222540305,0.003413359965488305,0.0033978922256953092,0.0472657492063317,0.0033978922256953092,0.021775534250643047,0.0033978922256953092,0.03897130214240452,0.023164410164009774,0.22878897166954942,0.0783727705670978,0.0033978922256953092,0.004779461371617444,0.06551185526008513,0.003394335430104367,0.010548718682334202,0.0033978922256953092,0.0033978922256953092,0.0033978922256953092
chr2:157325948:157325949:NM_020711:ERMN,0.11844410781350817,0.05473430812722779,0.0031334080098641137,-0.0015554506286416525,-0.0013019002580272332,0.23991602795477385,0.15600683488452555,-0.0013677221847952503,0.19022308166737334,0.21152386977062754,-0.0015554506286416525,-0.0015554506286416525,0.13425018843843217,0.22760707919755885,-0.0015554506286416525,-0.0013556053690307324,-0.0015554506286416525,0.3765151539126783,-0.001319274720729957,-0.001319274720729957,0.08118973699883947,0.2619657704700944,0.21259051675221052,0.14059280095739624,-0.0015554506286416525,-0.0007188593008000121,-0.0015554506286416525,0.21259051675221052,-0.0007188593008000121,0.1222375552177919,-0.0006204881278197294,0.13712877901541148,0.0031334080098641137,0.03637028440836354,0.3920581386320169,-0.0013484066828155505,-0.0007188593008000121,-0.0015554506286416525,0.2237701983350342,0.1732198612847956,-0.0015554506286416525,-0.0015554506286416525,-0.0015554506286416525,0.0022935772426372347,0.19150183546224975,-0.0013423770937625035,-0.0007188593008000121,0.1222375552177919,-0.0015554506286416525,-0.0009551556410248851,-0.0015554506286416525,-0.0015554506286416525,-0.0015554506286416525,-0.0007188593008000121,-0.0015554506286416525,-0.0009551556410248851,-0.0012852515081366311,-0.0015554506286416525,0.09734351316542794,-0.0015554506286416525,-0.0009551556410248851,0.002881814413952688,-0.0015017261620224875,-0.0008912381919002899,0.26342370606507126,-0.0015554506286416525,-0.0015554506286416525,0.03581411944178464,-0.01367857174071574,-0.0015554506286416525,-0.0015554506286416525,0.0022935772426372347,-0.0015554506286416525,-0.0015554506286416525,-0.001538079533168757,0.29740836269610915,0.09801619755068713,0.003118080569949444,-0.0015554506286416525,-0.0015554506286416525,-0.0015554506286416525,-0.0015375587989764905,-0.0015554506286416525,-0.000967274163954368,0.013880227722441296,-0.0015554506286416525,-0.0015554506286416525,0.16740860052374185,-0.0009551556410248851,-0.0021059946845703448,0.08569552112444045,-0.0015554506286416525,-0.0015554506286416525,-0.0015554506286416525,-0.01367857174071574,-0.0015554506286416525,0.03427482925839431,0.12650633521297827,-0.0015543033462685485,-0.002199412608759499,-0.0007188593008000121,-0.0015554506286416525,0.0007035831901396894,-0.0015375587989764905,0.04680192480169493,0.11629113864199092,-0.001297637444534816,0.14942823926071735,-0.00218839202754445,-0.0007188593008000121,-0.013364522689289893,0.09716053204437503,-0.0015554506286416525,-0.0009531360018122936,-0.0015554506286416525,-0.001493055115901365,0.1200883687231391,-0.0015554506286416525,-0.0015554506286416525,0.0238479938888842,-0.001319274720729957,-0.0015554506286416525,0.37184755525383684,-0.0015554506286416525,-0.0015554506286416525,0.2064454130940796,-0.0015554506286416525,-0.0015554506286416525,-0.00017082120328049122,-0.0009551556410248851,0.07195948704330146,-0.0015554506286416525,0.05316107930184055,-0.002147758493510288,-0.0015554506286416525,0.005793485055175462,0.005793485055175462,0.04629267443395241,-0.013601228345191285,-0.0015554506286416525,-0.0010021923296944513,-0.013388658716224189,-0.0015554506286416525,0.11901696700864267,0.22491469270428743,0.11760544733690304,-0.0015554506286416525,-0.039551887033908606,-0.0009551556410248851,-0.0009490849607914909,0.08088794691455409,-0.0015554506286416525,-0.0015554506286416525,0.0025307940934914397,0.040034523133893773,-0.001493055115901365,-0.013601228345191285,0.13085427042870018,-0.0015554506286416525,-0.0015554506286416525,-0.0015554506286416525,-0.0015554506286416525,-0.0007188593008000121,-0.0009551556410248851,-0.001319274720729957,-0.0015554506286416525,-0.012758418233180913,0.12114251371887186,-0.013364522689289893,-0.001319274720729957,-0.0014026379665487698,0.013843803962732382,0.0729600852693591,-0.0015554506286416525,0.18727135860791722,-0.0015554506286416525,0.12083858099473066,-0.0015554506286416525,-0.0015677407553795764,0.04680192480169493,-0.013601228345191285,-0.0015554506286416525,-0.0015554506286416525,-0.013601228345191285,-0.0015554506286416525,-0.001319274720729957,-0.0015554506286416525,-0.0015554506286416525,0.1293128549032465,-0.0007188593008000121,0.09716053204437503,-0.0015554506286416525,-0.0015554506286416525,-0.0009551556410248851,-0.002147758493510288,0.09775330472803168,0.00603175555429164,-0.0015191393757222893,-0.09823133180598698,-0.0015554506286416525,0.28939302931552136,-0.0007188593008000121,-0.007032211878349459,-0.0012995530188388282,-0.0013181272542021616,-0.0015554506286416525,0.1179390163196774,0.025198227395910322,-0.001319274720729957,0.37514422501823536,-0.013392291731167183,-0.013669960992679586,0.008566935276953791,-0.0015375587989764905,-0.0007188593008000121,-0.0015554506286416525,0.09716053204437503,0.13085427042870018,-0.013601228345191285,-0.0015554506286416525,0.03175827570326506,-0.0015554506286416525,-0.001319274720729957,0.11786944510282893,0.2064454130940796,-0.0015554506286416525,-0.0015554506286416525,-0.0013181272542021616,0.05733381049029823,-0.05637703826341961,-0.0015554506286416525,-0.0015554506286416525,-0.0015554506286416525,-0.0015530896908086955,0.04621728921116269,-0.001319274720729957,0.16151004351227938,-0.00218839202754445,0.046549524681212984,-0.0025257262356645493,-0.0015554506286416525,-0.0015375587989764905,-0.0015554506286416525,0.09615827170443247,-0.0015554506286416525,-0.0015554506286416525,-0.0014781824695094814,-0.0007188593008000121,-0.0015554506286416525,-0.0015554506286416525,0.046016883654871055,-0.0015244649539779553,0.0815159080244468,-0.0015554506286416525,-0.0015014072255937205,-0.05678951568740104,-0.0015554506286416525,-0.0015554506286416525,-0.0015554506286416525,0.08088794691455409,0.08088794691455409,-0.01367857174071574,-0.0015554506286416525,-0.0015554506286416525,-0.001319274720729957,0.10317193601817598,-0.0015554506286416525,-0.0006673221239800742,-0.09974154100507038,-0.0007188593008000121,-0.0021684856176973355,0.002492955939807362,-0.0015543033462685485,-0.0015554506286416525,0.0231715100355408,0.02338711556841533,-0.0007188593008000121,-0.0015554506286416525,-0.0015554506286416525,0.12600666028863933,0.07196369367713795,-0.0015375587989764905,-0.0015375587989764905,-0.0015554506286416525,-0.0013181272542021616,0.05097501876045163,-0.0015554506286416525,-0.0007188593008000121,0.1472622717923292,-0.0015553896690086444,0.0815159080244468,-0.0010021923296944513,-0.0012852515081366311,-0.0007188593008000121,-0.0015554506286416525,-0.002157463638432333,-0.0015375587989764905,-0.0015554506286416525,-0.0015375587989764905,-0.0015554506286416525
chr2:157875111:157875112:NM_001105:ACVR1,0.3406704358254855,0.10773539492805598,0.07806464481048708,0.010653611442473954,0.05716638631744955,0.4555323020305901,0.08296092251071555,0.34292095982062765,0.36147531096124363,0.07963360400301661,0.4595715773459975,0.289475231914707,0.12564621362411496,0.3380185000896175,0.8151600647392067,0.04697273576825822,0.8432790653869408,0.4180575218574629,0.06584152683200273,0.03617251971101754,0.01039231898513393,0.3635285578452578,0.0469465260053617,0.29210448319305166,0.272779608223107,0.07804035212655905,0.8151600647392067,0.28321292809177895,0.02470409723530831,0.30175854298209637,0.07869576899173736,1.1096087358387434,0.0781610616712585,0.02969898913310584,0.3635285578452578,0.3147386635189701,0.06594791531986285,0.272779608223107,0.04470309103409317,0.050382407034102294,0.25097554875343436,0.8432815834244103,0.07811696316849043,0.3022487699545341,0.17636932149320492,0.013623404272435136,0.06594791531986285,0.3479275379728802,-0.0011150585151727954,0.36410279336447576,0.002168272449987463,0.25097554875343436,0.4595715773459975,0.06594791531986285,0.815159194083275,0.07804035212655905,0.8613355814289057,0.8151600647392067,0.338795616891798,0.8151600647392067,0.03683260908978292,0.05659023693331505,0.3764545826697459,0.004555980361897138,0.3734777815827454,-0.0014409337469160899,-0.0014409337469160899,0.029597625693420226,0.07991607928280117,0.044197616520282035,-0.0014409337469160899,0.06002371459741429,0.8151600647392067,0.25154377235463016,0.08205223259079791,0.04860872980837552,0.338795616891798,0.04953103141314025,-0.0014409337469160899,0.272779608223107,0.8151600647392067,0.037843971994171444,0.2875308288789345,0.8212858450135208,-0.0014409337469160899,0.2509751006020673,0.272779608223107,0.13153549154038116,0.02470409723530831,0.2510468828842784,0.03628132534062811,0.04114596418481428,0.2638757469231245,0.25097554875343436,0.35729536471130885,0.26383677230612657,0.13158225540551716,0.6383711519209891,0.272779608223107,0.02137516057157604,0.10353503451194568,0.3808804787246285,0.012125636093019199,0.27101644733903224,0.815159194083275,0.40312922437639864,0.2575930307033821,0.4781530118715841,0.25097554875343436,0.06594791531986285,0.272779608223107,0.03474931682859564,0.25097554875343436,0.2727941673617104,-0.001376778214686153,0.007812259500199453,0.34099113242607565,0.25097554875343436,0.26383530449610193,0.011012341704271511,0.8151600647392067,0.815159194083275,0.06268866699371092,0.272779608223107,0.044197616520282035,0.5435620738154898,0.2575930307033821,0.25097554875343436,0.03671100884291026,0.07804035212655905,0.28287466585296595,0.25097554875343436,0.08004610923468239,0.0025523788610568865,0.8151600647392067,0.2875308288789345,0.2875308288789345,0.8440569369320658,0.09938196070423216,-0.0014409337469160899,0.30364719487710085,0.2924303263852808,-0.0013546326254859908,0.04238564381860338,0.04167513916296775,0.01080781676065104,0.0066965959877685055,0.44632034923632485,0.0066965959877685055,0.3418720193335125,0.25097554875343436,0.25097554875343436,0.05717682007465072,0.2750973136816806,0.2736294806113916,0.0024844543738463953,0.010676809648190816,0.010676809648190816,0.25097554875343436,0.2628425840739199,0.2826006178592525,0.25097554875343436,0.06594791531986285,-0.0014409337469160899,0.06594791531986285,0.25097554875343436,0.8298284721656176,0.8911574660792162,0.8151600647392067,0.0067210282330601445,0.3154463113765506,0.08860746797050176,0.045307711171587634,0.8151600647392067,0.018786034125477746,0.25097554875343436,0.05246829463129343,0.272779608223107,0.2630008958866172,0.38518007254711717,0.2510156052028795,0.25097554875343436,0.2873843999355559,-0.0014409337469160899,0.29752210135841317,0.06594791531986285,0.8151600647392067,-0.0014409337469160899,0.2863786122925087,0.06594791531986285,0.034660885964440835,0.272779608223107,0.25097554875343436,0.06594791531986285,0.2509751006020673,0.04167602833711803,0.8284096384032223,0.25945577850511703,0.3243531414433597,0.861360035080109,0.08102577712018388,0.06594791531986285,-0.0011221318600296015,0.09292138548033343,0.042374614880678396,0.8151600647392067,0.40423179741464915,0.09411493749078065,-0.0014409337469160899,0.133949537135556,-0.000308528112965889,0.3487584340918791,0.0025516084306034525,0.2831312019573015,0.08680636830353353,0.2511426936523263,0.03522014780444227,0.010676809648190816,0.010678001500821765,0.3214621696268433,0.10278898506497797,0.06002371459741429,0.07804035212655905,0.34288841183958046,0.4930500955722917,0.25097554875343436,0.0066965959877685055,0.026692202766721906,0.0028459882735600017,0.30207161991642056,-0.0014409337469160899,0.25097554875343436,0.25097554875343436,0.8942937379898225,0.07136264263146025,-0.0014409337469160899,0.8162260905902452,0.0411755957752557,0.05491467901308647,0.8151600647392067,0.25097554875343436,0.2628425840739199,0.25097554875343436,0.04167602833711803,0.25097554875343436,0.25097554875343436,0.36245619408534263,0.046401369318800595,0.25097554875343436,0.861375538417009,0.05938608948305335,0.3214819721971222,0.0014433242340870234,0.25097554875343436,0.25097554875343436,0.27622142613498823,0.01791678154865861,0.25097554875343436,0.26531093697089436,0.2662516795747623,0.2662516795747623,0.0772027077565467,0.3916361333484316,-0.0014409337469160899,0.046401369318800595,0.06125248424845564,0.25097554875343436,0.8263379516526603,0.6288725871002042,0.32457317672188946,0.07514978229773894,0.10212964276517186,0.2906873511978812,0.25099528933197096,0.2776919606456706,0.025409187469313782,0.0066965959877685055,0.2679504114070895,0.8615136190233221,0.022033293892590927,0.8339299302390785,0.898880363049914,0.2980386937368031,-0.0014409337469160899,0.05776819671343314,0.277908084886071,0.4213180159406263,0.06594791531986285,0.2881451695215278,0.2628425840739199,0.15255308582381044,0.062002708973200094,0.8151600647392067,0.06257678726414803,0.05349790782550909,0.2816148586827757,0.3733232187184162,0.2628425840739199,0.8432790653869408,-0.0014409337469160899
chr2:158968633:158968634:NM_033394:TANC1,0.04803019888622723,0.04645374791657325,0.05603601975945699,0.3461968076766369,0.050929792059390744,0.055397848615184486,0.008258308706875439,0.05608603530766554,0.07461296554118357,0.005835704686149912,0.3610907890328911,0.3396444505017847,0.03105050720940633,0.057691961100034495,0.7473869071014035,0.051766078408469696,0.33668975207923757,0.07941477297633287,0.04194355514605358,0.0030187166438802593,0.01065615107517226,0.053171648592152565,0.005365758319345715,0.32990605446605575,0.2621047456499782,0.0038455812060807504,0.2892584613750565,0.004097517959627539,0.003977643609701542,0.05161257194083574,0.16480248856583662,0.41230733597565794,0.062046529578138665,0.07043480192020268,0.053171648592152565,0.35834208252515326,0.0030187166438802593,0.2621047456499782,0.03376445066368111,0.044810210490347446,0.2892584613750565,1.0516199499881664,0.3694425982094205,0.32189672690200516,-0.01465914023404874,0.40077841071541365,0.05090614720333009,0.02688893192143038,0.028177682329063314,0.07822692480982657,0.076080428278951,0.2892584613750565,0.3610907890328911,0.05156115242968923,0.2892584613750565,0.0010813934807356596,0.8357045494452776,0.7473869071014035,-0.015432974654230713,0.7473869071014035,0.0160463385002112,-0.008001904355868117,0.2823434828390173,0.3302834666336585,0.05197953738356753,0.29069841535836916,0.0030187166438802593,0.07026702824711584,0.30971968395890725,0.2986727801898216,0.015447934293691179,0.08337567005521435,0.7473257265589797,0.05324617568938289,0.0030411603670427723,-0.0015196516763086865,-0.015432974654230713,0.020985042286931488,0.03897456415512607,0.2621047456499782,0.7480650969802757,0.16547217077010734,0.3225662372776712,0.7705551229896423,0.046266894919915924,0.2893536085107131,0.0030187166438802593,0.09782843722223183,0.0030187166438802593,0.34065939995256994,0.0035644734816385193,0.005129959755479918,0.0030187166438802593,0.2892584613750565,0.4911452038769126,0.3080482939046789,-0.01346450964631396,0.3635973156298977,0.00455150022267814,0.027913644710826413,0.07775882745550772,0.3186991704910017,0.052539705397652514,0.018717089430602796,0.7474394835747009,-0.016560839998290278,0.003910262355552863,0.41239017667965105,0.3395736724258622,0.05156115242968923,0.04434012691665651,0.003696934065686164,0.7473869071014035,0.2892584613750565,0.8224771072746314,0.0030649455746065146,0.05986181556085579,0.2892584613750565,0.29188955654952675,0.04469089693868089,0.2893492565061491,0.7473869071014035,0.0224894825269763,0.2621047456499782,0.31348775898449127,0.02243418892626986,0.003023364649786253,0.7473869071014035,0.017165251928307146,0.0030187166438802593,0.07471150167714863,0.2892584613750565,0.09469345339503416,0.021544416903382213,0.7473869071014035,0.2621047456499782,0.2621047456499782,0.7521198850930748,0.3282990805102598,0.26205948123171363,0.8286296521447997,0.38402471237020164,0.2891899804714843,-0.1026841629868317,0.060678416031398896,0.005091909541258488,0.0030187166438802593,0.0397454676482622,0.0030187166438802593,0.3222953550347544,0.0030187166438802593,0.7473869071014035,0.0450078627152925,-0.04343891054393301,0.01913679958454706,0.003610807233254243,0.0030187166438802593,0.0031454607762531617,0.2892584613750565,0.0030187166438802593,0.2621047456499782,0.0030649455746065146,0.05156115242968923,0.33721175015862637,0.05090614720333009,0.2892584613750565,0.34122622453887774,0.364174647502498,0.2892584613750565,0.2737992397737655,0.0479620827062342,-0.0212466886780166,-0.09868865247132735,0.2892584613750565,-0.03633847743284213,0.7473869071014035,-0.08769221086720286,0.2621047456499782,0.004117664514624253,0.7737577509504496,0.0029692070593325126,0.2892584613750565,0.4507901083136891,0.06623370208873192,0.7475661418943816,0.05090614720333009,0.2621047456499782,0.25762774760215557,0.027188524491243926,0.05090614720333009,0.003390581774811996,0.28984452826400914,0.0030187166438802593,0.0030187166438802593,0.3060238605059609,0.05262882832988347,0.2892584613750565,0.003701346132678085,0.04704593408594543,0.8057984895421343,0.04456950629955875,0.05090614720333009,0.0010813934807356596,0.3095398851570791,0.35742146010992365,0.7473869071014035,1.060912213743001,-0.06291219422572497,0.053788039806346055,0.4217839608115962,0.38389855349607727,0.28220216313163227,0.016264504228162058,0.3217491720176452,0.05156115242968923,0.2892584613750565,0.0034321741829340113,0.0031454607762531617,0.20177296892213858,0.29117244984077206,0.06744687186048137,0.024754422041862456,-0.00930750000390479,0.04819493027897359,-0.013838832774406118,0.0030187166438802593,0.2902563528979607,0.35742066280664864,0.003062516610083832,0.05858638277464362,0.0030187166438802593,0.2892584613750565,0.2621047456499782,0.47433353330773365,0.02791604971973438,0.051766078408469696,0.34217648335716844,0.00303514537503613,0.016968558670079348,0.2892584613750565,0.2892584613750565,0.31966517013285956,0.2892584613750565,0.05425813793858314,0.2621047456499782,0.3225636396414735,0.28980884673752483,0.0030187166438802593,0.2892584613750565,0.8228908664577651,0.02952582652902641,0.01750210815059078,0.00923746776259643,0.2892584613750565,0.3207318546427592,0.01726749835306618,0.07764753192139995,0.2892584613750565,0.00308492872038979,0.0030187166438802593,0.0030187166438802593,0.4707324407532823,0.3490409742587758,0.0030187166438802593,0.0030187166438802593,0.03431111930951242,0.2902563528979607,0.7655585108249012,0.4880556070491824,0.287224197737725,0.020954968096395354,0.09633219494038137,0.31733586099368627,0.2892584613750565,0.33147036564913124,-0.10326738534099372,0.05090614720333009,0.8132186754604628,0.04217607704612625,0.013736912868124174,0.38910004868696707,0.11382413958073428,0.3221152491992664,0.0030187166438802593,0.35747492774796313,0.051770897688016404,-0.03264887319497545,0.0030187166438802593,0.32912155948091726,0.025629710557085406,0.004318883203401069,0.0753678517432172,0.2897180308415488,0.026030107465939367,0.37116736069991,-0.026476107466567367,0.29262030384312393,0.2892584613750565,0.0904884425341696,0.0030187166438802593
chr2:186590062:186590063:NM_001145000:ITGAV,0.2949570578519858,0.0770222547689107,0.013579463610219972,0.2786835999388211,0.2110641883429463,0.0919801452203014,0.1937057044403944,-0.027886568084444424,0.04199943081423202,0.31896831384087015,0.24843178793054418,0.2692111160885822,0.00538893827634962,0.29559156802377046,0.2786835999388211,-0.027575349915155645,0.27869057936750274,0.4052520172450175,0.2953364284885211,-0.03594627335791539,-0.010348157823934612,0.02090331182890165,0.019466392278645078,0.25798331103492733,0.2786835999388211,0.0058017284323018115,0.2786835999388211,-0.02049415293352705,-0.028021761931290412,0.050638375582221534,0.30268491430204303,0.2930179362684228,0.25879916297912237,0.07742815312116166,0.02090331182890165,0.2029994933805691,-0.028021761931290412,0.2786835999388211,0.3078396276890283,0.35280512269738745,0.2786835999388211,0.2786835999388211,0.40842093956645464,0.057584472756566446,0.4855215889250045,0.32254267835963,-0.03594627335791539,0.03768096033087592,0.0058017284323018115,0.07200330866520657,0.22413844472698569,0.2786835999388211,0.2484022999749645,-0.005341176699143413,0.5810344573343433,-0.03594627335791539,0.21093476584697413,0.2786835999388211,0.31190377584972406,0.15995772328970675,0.27898840133041575,0.2110641883429463,0.012142811698104605,0.20280497800104186,0.38366694054249756,0.587298187958482,0.2786835999388211,0.005860249529801215,0.012142811698104605,0.24621271990083454,0.0058017284323018115,0.28648392831844594,0.2786835999388211,0.007987522224842641,0.21162636226181944,0.03307564125141374,0.31190377584972406,0.025256470104436685,0.32338466708746155,0.2786835999388211,0.2786835999388211,0.25821451670496176,0.2058481031841684,0.2786835999388211,0.03611817385260255,0.2786835999388211,0.0058017284323018115,0.24777170643780938,-0.028021761931290412,0.3214629035684524,0.005836781741122982,0.03059650837380634,0.08284078082248955,0.2786835999388211,0.047264436134138055,0.15995772328970675,0.07633298763531549,0.5441015458768979,0.018970485900063866,-0.007554779698550895,0.03741559545328907,0.34467921662732376,0.005792312286498208,0.32279716053242524,0.2786835999388211,0.3858659310014717,-0.0003291387631355891,0.5045214494804058,0.3441431117698866,-0.028021761931290412,0.2788556491726155,-0.03563677144712629,0.16844030098362361,0.2786835999388211,0.27868919906879525,0.0057926966211602204,0.27148338772352426,0.2848924136924609,0.27939540259679974,0.029315782098617016,0.2786835999388211,0.2786835999388211,0.4252722715501105,0.2786835999388211,0.29557245001780097,0.39280511114679534,0.0058017284323018115,0.2786835999388211,0.029111666062409364,-0.03594627335791539,0.3620750218426632,0.15995772328970675,0.027165384448126828,0.0058017284323018115,0.15995772328970675,0.0058017284323018115,0.0058017284323018115,0.2789004605950553,0.005792885740341591,0.2786835999388211,0.5810344573343433,0.19391369687562354,0.27938513495237255,0.2632981088995402,0.09759104508250271,0.013562308254874367,-0.01663123598884239,0.37174314343835624,-0.03594627335791539,0.17745154487523399,0.2786835999388211,0.2786835999388211,0.042868053405835854,0.00015190396586509114,0.030097509377927906,0.0057911094080116965,0.15995772328970675,0.006258968314880153,0.2786835999388211,0.2786835999388211,0.2786835999388211,-0.007520340758584126,-0.028021761931290412,0.0058017284323018115,-0.028021761931290412,0.2786835999388211,0.3269090829374495,0.36295829514716643,0.2786835999388211,0.006302648327502602,0.21109481298270574,0.013646572296609039,0.34636739132897876,0.2786835999388211,0.04397548330207682,0.2786835999388211,0.3509822902403742,0.2786835999388211,0.13522341900535753,0.15988102028461115,0.2786835999388211,0.15995772328970675,0.2875360021658627,0.005870459517296339,0.27923227391048105,-0.028021761931290412,0.2786835999388211,0.5810344573343433,0.28402838567305305,-0.027585649624900704,-0.02852284622636772,0.0058017284323018115,0.2786835999388211,-0.028021761931290412,0.25473846359496166,0.09759104508250271,0.15995772328970675,0.16070949008478505,0.09269765770238997,0.15995772328970675,-0.0004734499662665259,0.23835913693997537,0.08284078082248955,0.04366930891804033,0.4151601155787194,0.2786835999388211,0.2948915646245469,0.01707891524842614,0.15995772328970675,0.046094306373123145,0.3620563476879434,0.2860090841073307,-0.00031759169045589286,0.19351261397879857,-0.02367309927500094,0.2786835999388211,-0.02817210187015093,0.006258968314880153,0.24856837523449893,0.21093476584697413,0.013795764407357802,0.03428810755690059,-0.056934408377071644,0.36511005464422275,0.3928088584806543,0.2786835999388211,0.01297102509381548,0.41504328669703894,0.0058017284323018115,0.19620592207333246,0.0058017284323018115,0.17496831145699374,0.2786835999388211,0.2932741661064903,0.013883619213923615,0.01297102509381548,0.19351261397879857,0.01297102509381548,0.006248340466885743,0.2786835999388211,0.2786835999388211,0.15995772328970675,0.2786835999388211,0.09747656893829748,0.15995772328970675,0.2786835999388211,0.2786993278865385,-0.03594627335791539,0.2786835999388211,0.2058481031841684,0.013847641448264753,0.03231192606116623,0.0058017284323018115,0.2786835999388211,0.173365929412464,0.17303075516342564,-0.027575349915155645,0.2786835999388211,0.3072515855193415,-0.03594627335791539,-0.03594627335791539,0.2860029566668466,0.20843200699090653,0.0058017284323018115,-0.03594627335791539,-0.027586364725204843,0.15995772328970675,0.2793618238960571,0.22613748187196625,0.01297102509381548,0.03854489822373244,0.05846579031668042,-0.028021761931290412,0.15995772328970675,0.023840344539124425,0.3699742672490169,-0.028021761931290412,0.16483311054204225,0.6452711410920065,0.27047287592403424,0.3654527743280803,0.15995772328970675,0.08284075427323083,0.0058017284323018115,0.41515824015753583,-0.00031759169045589286,-0.027138953116111197,0.058398544449015516,0.030233851002240353,0.0058017284323018115,0.2554316300482601,0.04844539709968096,0.6083189575000968,0.03251510972358146,0.21779678389947296,0.3437726128588516,0.012148574892226982,0.2786835999388211,0.2786835999388211,0.005791104436523448
chr2:187554492:187554493:NM_006287:TFPI,0.4447127596755249,0.07133283884066477,0.45615847890091615,0.0032517059804437407,0.0032517059804437407,0.07369074801550926,0.39235443834499384,0.3385971129234545,0.07130637256993094,0.46598372299092095,0.44423765051820874,0.024376934358544683,0.3412299498559794,0.4447127596755249,0.0032517059804437407,0.33906720547057134,0.0032517059804437407,0.3264722982417375,0.14188305929968967,0.4561103598159856,0.14152541832707705,0.44230170284309533,-0.11980301836307626,0.23712805272820747,0.23029450995296563,0.15351000892447444,0.0032517059804437407,0.0754621209600091,0.15351000892447444,0.5416634838519785,0.44384324807878295,0.48131254653759586,0.4609913084365276,0.06304525397954214,0.35542513281648536,0.7033742204014624,0.5447516926329042,0.23029450995296563,0.23845206363717042,0.034505912047500906,0.0032517059804437407,0.0032517059804437407,0.853651241649374,0.5809622812870436,0.4742789038409728,0.014676682339150475,0.4742757413311313,0.4872473328558744,0.04138469685430502,0.22798679623364843,0.5385419202491817,0.0032517059804437407,0.4442365581675407,0.6066159252063371,0.0032517059804437407,0.4561103598159856,0.04974361419964934,0.0032517059804437407,0.1673407693213222,0.0032517059804437407,0.535095407466379,0.23934272223952652,0.23712805272820747,0.4933372573960169,0.34615591729692524,0.0032517059804437407,0.0032517059804437407,0.16292582434434952,0.23714825695009029,0.5812280806653763,0.04138469685430502,0.16187371841750983,0.0032517059804437407,0.0047061786032968,0.0033640155399389526,0.3680231335404226,0.1673407693213222,0.003253904475894291,0.24581917062159173,0.23029450995296563,0.0032517059804437407,0.4498196523993827,0.0032517059804437407,0.20927935225087185,0.23787903427087312,0.002656113055604835,0.0032517059804437407,0.4425042944937717,0.4486631629773248,0.2529921044572697,0.14229961244460582,0.30566955437516685,0.002986059367943536,0.0032523320729430857,0.2373823159158564,0.0032517059804437407,0.2984630616172498,0.8868400073712103,0.0032517059804437407,0.0049078927673451775,0.4742757413311313,0.9939293966718182,0.07065812473914906,-0.059048047910280926,0.002656113055604835,0.4742789038409728,0.03887577088983125,0.8751991166569886,0.2513997005881892,0.5211417418817224,0.8678468446159274,0.14411514738648665,0.22951154608367882,0.0032517059804437407,0.0032504287531134463,0.00521036457457142,0.4414766583070926,0.23029450995296563,0.0032517059804437407,0.23596059565674088,0.0032517059804437407,0.0032523320729430857,0.4867418265497557,0.0032517059804437407,0.9251052923636585,0.4742789038409728,0.0032517059804437407,0.0032517059804437407,0.4490375863166258,0.5437365216553639,0.014674471858339089,0.23029450995296563,0.3307530603092143,0.010089601164665528,0.0032517059804437407,0.0032517059804437407,0.0032517059804437407,0.041624315520670765,0.2512589960002397,0.0032517059804437407,-0.06949658378451878,0.23723509392652356,0.0032518142362557845,0.177852545813747,0.2575962551274238,0.5246853480807857,0.23712805272820747,0.4760451550401047,0.23712805272820747,0.8773675585579959,0.0033905949535332283,0.0032517059804437407,0.43773371426435825,0.003232120896282775,0.003196892329863414,0.0065746698535452605,0.0035338866696152937,0.0032517059804437407,0.0032517059804437407,0.23029450995296563,0.0032517059804437407,0.003630542717860459,0.5235796665633902,0.0032517059804437407,0.6066159252063371,0.0025726831350432744,0.008283611443511585,0.4558653879260314,0.0033395980401907666,0.0032517059804437407,0.5388164683706756,0.2832190139401167,0.20122284682251473,0.0032517059804437407,0.0925919846498357,0.0032517059804437407,0.19389573763024504,0.23029450995296563,0.2373780383866111,0.04828709238468728,0.003534621717780344,0.0032517059804437407,0.2839378478556364,0.4576811094604477,0.04138469685430502,0.5235796665633902,0.014762481783692834,0.0032517059804437407,0.009465975094118027,0.4533012762819312,0.14411514738648665,0.04138469685430502,0.0032517059804437407,0.4721477112264405,0.003410354533154712,0.24368606845957028,0.2302945847150584,0.00350158633723021,0.2433000838493869,0.0032517059804437407,0.06412386627193017,0.5235796665633902,0.00817189115635994,0.1673407693213222,0.08008548056902652,0.0032517059804437407,0.004163533540237109,0.40914397295516725,0.0032517059804437407,0.4664754508031701,0.014676682339150475,0.5131162635284653,0.0035226905147941745,0.22825696605071383,0.5235796665633902,0.0032517059804437407,0.14412472298124238,0.0032517059804437407,0.2590562770593843,0.04974361419964934,0.289646797227268,0.4672017522853633,0.4427792654714161,0.6841610404129935,0.4742789038409728,0.0032517059804437407,0.5246853480807857,0.08008548056902652,0.0032517059804437407,0.04765203498858108,0.0032517059804437407,0.4505642197821089,0.014673421580272475,0.0027887963842993177,0.3080069642928167,0.23712805272820747,0.0032770678341039194,0.23212981573252614,0.3077583637826693,0.0032517059804437407,0.0032527684937297616,0.4936090949440437,0.24314428181151881,0.053936463583241806,0.0032517059804437407,0.0032517059804437407,0.2624807504668393,0.6106458914187718,0.23031700266012745,0.0032517059804437407,0.3080011303467992,-0.041208001679029264,0.13036069138060405,0.0032517059804437407,0.22798679623364843,0.03616499490873334,0.5235796665633902,0.26834774529838423,0.0033000933905550645,0.007856025667766824,0.007856025667766824,0.23712805272820747,1.0033864484495865,0.0032517059804437407,0.6066159252063371,0.042221340970791874,0.0032517059804437407,0.0033389467973623313,1.1251504238894088,-0.06949658378451878,0.3572354262966682,0.45528455265885226,0.24012506395454283,0.003533995490734375,0.2359885978725359,0.25297225431572196,0.5455087574545328,0.003335007207479042,0.04974361419964934,0.018849709601028462,0.014674471858339089,0.43773371426435825,0.0032517059804437407,0.0032517059804437407,0.08008548056902652,0.0032517059804437407,0.43773371426435825,0.45528455265885226,0.23712805272820747,0.0032517059804437407,0.44045991037896404,0.23934859682288012,0.0032517059804437407,0.2777404677122339,0.11836820125981404,0.32084486199721685,0.23712805272820747,0.04138469685430502,0.23029450995296563,0.0032517059804437407
chr2:190880820:190880821:NM_001256310:GLS,0.22804697378452266,0.16838064603909358,0.015737201738661,0.0005676371878405306,0.16545823666924242,0.4359141262371656,0.13599189368732023,0.06954873213087043,0.3696929749490582,0.16707989803992612,0.14149668123593667,0.001786091813222035,0.23815374851082616,0.23558975632729473,0.22787864657195067,0.06784467456678595,0.3408444850185535,0.37982401743354316,0.16609608835795758,0.008171414820454193,0.031086154768930674,0.16193472268467296,0.04007867212979538,0.29144237351583735,0.22787864657195067,0.003629380069952337,0.22787864657195067,0.20473899949154117,0.009482015731621385,0.0783755491854477,0.12963853472994508,0.30736149005724456,0.18281314497857815,0.1521117424966139,0.19997457971561078,0.12432217998246786,0.039932709394193355,0.22787864657195067,0.03395775670953066,0.09400617865678984,0.04059697868326384,0.3409109179543953,0.12175395326260086,0.2208490267011875,0.13093617602558583,0.08541112304019288,0.039932709394193355,0.14237174482517723,0.001915465167749708,0.1885369941075242,0.029140724945095675,0.3408444850185535,0.1401511600116338,0.05237856959473253,0.22787864657195067,0.007683546932387431,0.22846851788484898,0.22787864657195067,0.10011675733875641,0.22787864657195067,0.029135520074913268,0.001404690356926086,0.13399682426255932,0.04090222623818168,0.2713370547472145,0.0005676371878405306,0.0005676371878405306,0.15198340888179862,0.10860569785545865,0.08196059404770834,0.0006071228006172547,0.13497224804301744,0.3408444850185535,0.06502337437843109,0.05390503135983615,0.10687577873305776,0.10011675733875641,0.007733215566718854,0.05636043975402205,0.22787864657195067,0.22787864657195067,0.10390454563582224,0.22791900425803466,0.3408547458991765,0.0005712381618827589,0.23007243655981546,0.0005676371878405306,0.319978042936164,0.007683546932387431,0.040863702597226714,0.0006051806182399977,0.019161789117677186,0.0005676371878405306,0.0005731773208646485,0.10666744027737551,0.3409109179543953,0.08038053752042446,0.13973590339962957,0.09090449203069562,0.10562772408483112,0.04562221727776272,0.08196059404770834,0.18116749040075464,0.0005676371878405306,0.22787864657195067,0.1318026761803971,0.13318848995831614,0.06999031928843313,0.04065466948942609,0.039932709394193355,0.04059697868326384,0.12893623095023965,0.3408444850185535,0.3413416333001044,0.22787864657195067,0.08160279773272727,0.22745206928929892,0.04059697868326384,0.22875196253915978,0.014804062820116648,0.22787864657195067,0.22787864657195067,0.21159654252218457,0.0005683352525217011,0.08196059404770834,0.21213318994662805,0.0005731773208646485,0.0005676371878405306,0.17657398999086477,0.006175705635301454,0.00673166087129401,0.04059697868326384,0.11244597116630317,0.0007348247533111585,0.3408444850185535,0.024383563235527622,0.024383563235527622,0.34131096990104026,0.5905793734029695,0.22787864657195067,0.3637040251891953,0.17771224387806084,0.22787864657195067,0.00896332281982637,0.05232785570974352,0.0057355527585088995,0.07964821988906645,0.034762952435893585,0.0005676371878405306,0.2641018069045527,0.22788461911682914,0.22787864657195067,0.10034309402492364,0.15579599373277497,0.04255724534071298,0.08920197517910039,0.0005676371878405306,0.11277272987028145,0.3408444850185535,0.0005676371878405306,0.0005676371878405306,0.06615958837998537,0.04186390129750078,0.3408444850185535,0.03618043431041068,0.3408444850185535,0.04065673705117401,0.24590007224479765,0.04059697868326384,0.08934912363274344,0.14597870805139446,0.08444730735631845,0.09746670997105722,0.0005676371878405306,0.26581126800356636,0.22787864657195067,0.09898700004725614,0.22787864657195067,0.02488258039718272,0.04060670939456529,0.22787864657195067,0.048038449170719616,0.38098681720097455,0.09090449203069562,0.42898618183276754,0.04122878971762334,0.22787864657195067,0.027986022045355108,0.13248803360634154,0.01134023180406446,0.018825099978596105,0.0005676371878405306,0.0005676371878405306,0.013279758501760885,0.22788461911682914,0.057414302033489184,0.12453272754913114,0.23125730942674344,0.04472086943485032,0.22874159714733572,0.205417221421894,0.1246351292224363,0.0005676371878405306,0.10412943632070476,0.00507233822328057,0.0005676371878405306,0.23910762858626983,0.015521241293673271,0.004987042549826903,0.17525140768909328,0.060996192526323656,0.4329838840316365,0.10655405056302941,0.22812111033312046,0.039932709394193355,0.22787864657195067,0.06633920959946049,0.11277272987028145,0.0931614992299008,0.341170638522835,0.09973163180516464,0.0964294133578587,0.05725958644258011,0.1771653325896985,0.2031161852011802,0.04059697868326384,0.041349341100156534,0.00507233822328057,0.070877921760292,0.062225357816498184,0.0005676371878405306,0.3493141444198087,0.3408444850185535,0.040690101306364385,0.0022840632822623275,0.0005676371878405306,0.3968103226576283,0.001012459305765101,0.0010419148958223934,0.2278821163533703,0.3408444850185535,0.3408444850185535,0.22787864657195067,0.06177696948708061,0.3408444850185535,0.22875196253915978,0.03988429147319414,0.04186390129750078,0.22787864657195067,0.2320140084216215,0.0011536734158794082,0.006959538292750145,0.0008968891894813313,0.22787864657195067,0.04060391705425684,0.06261910652251271,0.0008968891894813313,0.22787864657195067,0.3408444850185535,0.01373386910435953,0.01373386910435953,0.12257836569643277,0.08818717372740847,0.22787864657195067,0.01134023180406446,0.0538047855846458,0.0005731773208646485,0.22787864657195067,0.4481190348046152,0.22792223225649388,0.043758451714187074,0.09605101320944631,0.0005676371878405306,0.04059697868326384,0.00048729715845075017,0.02797590657129273,0.03266360944425578,0.040589689230700526,0.341170638522835,0.005915967074297257,0.007591690851120603,0.2868018462855626,0.22791900425803466,0.04059697868326384,0.004252674271011836,0.06797590817400023,0.08321487796931265,0.04186390129750078,0.19006103747565684,0.3964978035651509,0.045114774748205994,0.00618644198700441,0.04065673705117401,0.00618644198700441,0.11558333969221085,0.19793128090213424,0.043036509481137686,0.22787864657195067,0.22787864657195067,0.0005676371878405306
chr2:201781172:201781173:NM_020919:ALS2,0.15730045402042786,0.21838530506923154,0.01428418682815133,0.2645958337717853,0.20304052412669632,0.18165905787676484,0.028638904668125173,0.19893601470105,0.21918137967976534,0.02674359300582836,0.31909366483504326,-0.10480812207554807,0.391293832507669,0.2167275614542667,0.2645958337717853,0.1981290312408484,0.28209189117097944,0.17909896833542088,-0.006706575727548347,0.02318846922456999,0.028437568629588045,0.31946729180259026,0.3902954434965592,0.07970344782579203,0.2645958337717853,0.10350947890619489,-0.007138131799007408,0.5040667953936997,0.10361772139081382,0.026799398650511785,0.3356502071006042,0.2843397417601918,0.07284583779271141,0.21760476816431593,0.3254017723358896,0.36179097570146773,-0.007110592422348017,0.2645958337717853,0.06147358566408706,0.29762891474232195,0.2645958337717853,0.2645655953817051,0.1807075535993461,0.3940553471719443,0.18398583125841889,0.389512355251966,-0.007138131799007408,0.023055390219360664,-0.005073656148473604,-0.10780204487714945,-0.00680694958421979,0.2645958337717853,0.2983039874602171,-0.007138131799007408,0.2645958337717853,0.10323043578152008,0.48899517159900974,-0.007138131799007408,0.10531198724695517,-0.007138131799007408,0.009172016601538546,0.09352267272544745,0.03920723858609115,-0.11003573884742965,0.4583734974823933,0.2645958337717853,-0.007138131799007408,0.10170825725285293,0.03761662974085678,0.10356396135183632,-0.0071466531086115115,0.18009958767622575,0.2645958337717853,0.023122979685268552,0.023341395463463394,0.12464013724647643,0.10531198724695517,0.10837469716849624,0.2645958337717853,0.2645958337717853,-0.007138131799007408,0.15667679701704207,0.2645958337717853,-0.10809051465666053,0.06914714810361738,0.2645958337717853,0.2645958337717853,0.3812593093457004,-0.007138131799007408,0.26459591629783463,0.2645960224569056,0.0614566875902709,0.2645958337717853,-0.007138131799007408,-0.048664039209466325,0.2645921896204146,0.1064485555372009,0.03385755073895687,-0.007138131799007408,-0.007079692457063913,-0.007138131799007408,0.025282027219599004,0.3913956362057456,0.2800384792799915,0.2645958337717853,0.18155179520646653,0.6330577260992042,-0.10175346435367612,0.48172094964840173,-0.007110592422348017,0.4219813507201138,0.2648310034106013,-0.05611620391398653,0.2645958337717853,0.2645958337717853,-0.006840906632498367,0.23362097031832196,0.5420754730147832,0.2685640029759954,-0.0337431621692717,-0.007138131799007408,0.2645958337717853,-0.08502323878595418,0.2645958337717853,0.10337848972263591,0.18377715685993853,-0.007138131799007408,-0.007138131799007408,0.2924615457441489,0.1031280646775024,0.2701358051448394,0.48172094964840173,0.1587435818132763,-0.007137951580236224,-0.007138131799007408,0.48172094964840173,0.48172094964840173,0.218558508226589,-0.03136746311155342,-0.007138131799007408,-0.10823013427070498,0.31187917517849784,0.2645958337717853,-0.03692114885196651,0.06447854686882248,0.15549503259344888,-0.007138131799007408,-0.10620733454133477,-0.007138131799007408,0.12019334239763346,0.2645958337717853,0.2645958337717853,0.06481175126086419,0.10644854323106762,-0.005540189099443815,-0.005838905575685116,-0.10824540237884486,-0.0949288278267742,-0.10813795198530549,0.2645958337717853,0.2645958337717853,-0.006840906632498367,-0.007138131799007408,-0.10813795198530549,-0.10813795198530549,0.2645958337717853,0.30165225728232115,0.22397164850520568,0.2645655953817051,0.26471775898075695,0.497309018091736,0.06207762298785416,0.09483350624963904,0.2645958337717853,0.2699080085954084,0.2645958337717853,0.016655255424419313,0.2645958337717853,-0.007138131799007408,0.2647650830777592,0.2645958337717853,0.2645958337717853,0.2866310428811999,0.0935290063964127,-0.10813795198530549,-0.007110592422348017,0.2645655953817051,0.2645958337717853,0.005292179447877354,-0.007138131799007408,-0.10795565967933354,-0.10813795198530549,0.2645958337717853,-0.007138131799007408,-0.007138131799007408,0.0720150488266228,-0.09646529941328126,-0.007138131799007408,-0.03149249180366687,0.2645958337717853,0.15957512348532094,-0.007138131799007408,-0.0069897619638394914,0.025666786779207806,-0.005704611769511925,0.2645958337717853,0.26515946294327875,0.23679160565375199,-0.007138131799007408,0.03592900978115149,0.39105503476486764,0.0543993711098954,0.005527507244978025,0.282060947731606,-0.007138131799007408,-0.004306945273007179,-0.10794929000650372,-0.09494853105267159,-0.10729493018247252,0.2698324239428348,0.2958795902174259,0.1031280646775024,0.21559726637313764,-0.09388939766548708,0.02617812151458862,-0.10813795198530549,0.1031280646775024,-0.005704611769511925,-0.003756766484924512,-0.08125223969832965,0.2645958337717853,0.02283596985172666,0.2645958337717853,-0.03374109379691248,0.002336717366654084,0.10675520877339217,0.2821690268518934,-0.007138131799007408,-0.007030410877095161,-0.007138131799007408,0.2645958337717853,0.4785099223695918,-0.10813795198530549,0.07201848144245121,0.2645958337717853,0.2645958337717853,0.45303877990520924,-0.007110592422348017,0.2645958337717853,0.48906902749163883,0.0026225726201480337,-0.004198999589323238,0.003007364755910291,-0.007138131799007408,0.23108942993097142,-0.08126951271285088,0.02275238558350748,0.2645958337717853,0.2645958337717853,0.0005682625977773137,0.0005682625977773137,0.05408978908417167,0.20642351239753542,0.2645958337717853,-0.007138131799007408,-0.10848636702543296,-0.007138131799007408,0.2645958337717853,0.4339193412876977,0.2645958337717853,-0.10820198101464817,0.022944060285785675,-0.007138131799007408,0.2648524766580785,-0.10813795198530549,-0.004851950591333143,-0.007110592422348017,-0.0341468817844231,0.2725026212021755,0.06276916400816546,0.2742889315289747,0.027774712898730416,0.28213100651791956,-0.007138131799007408,-0.005704611769511925,0.26492958383856957,0.5035970260047434,-0.007110592422348017,0.07970344782579203,-0.007138131799007408,0.0643094856139641,0.38788456861083076,0.2645958337717853,-0.10813795198530549,0.2846177335987412,-0.10811537017254783,0.05398169991453733,0.2645958337717853,0.010536112281351928,-0.007138131799007408
chr2:240435697:240435698:NM_002081:GPC1,0.5072557323543196,0.5383208766081633,0.5393033135970586,0.20107278864995387,0.5072560860999331,0.545398677934652,0.5088803384256261,0.5072557323543196,0.496267296771953,0.5131314055448004,0.5023453680078971,0.03294695674980394,0.5110838087975784,0.5072557323543196,0.21134339963108242,0.510991930879472,0.2965172738847416,0.5453583329499423,0.496193413915635,0.5042221034224604,0.006302098272188444,0.5072557323543196,0.0013189454563392322,0.5076351377277633,0.0013189454563392322,0.5042221034224604,0.03267251238131404,0.5072557323543196,0.5042221034224604,0.5060128210334629,0.549019858849265,0.4712768767716072,0.5447932248542593,0.0013737942887386834,0.5072557323543196,0.3982670682492583,0.5023453680078971,0.21134339963108242,0.0013189454563392322,0.0013189454563392322,0.496193413915635,0.49642538416867477,0.5023739024814954,0.006253383288196551,0.49191755835061646,0.0731488144513769,0.5023453680078971,0.5060169576540516,0.0013194848565987738,0.3337156139913029,0.0031615189116448172,0.0013189454563392322,0.5023453680078971,0.5042221034224604,0.2124424307942276,0.5023453680078971,0.031531486658015806,0.03267251238131404,0.491830327446209,0.3864045655686286,0.0013261590332253326,0.496193413915635,0.49919927619173726,0.5342899365052114,0.5072557323543196,0.496193413915635,0.0013189454563392322,0.0013737942887386834,0.5010670056783716,0.0013189454563392322,0.0013189454563392322,0.49191755835061646,0.001404319655460201,0.01607283293194567,0.5072557323543196,0.5121234951883826,0.491830327446209,0.5670275167173573,0.432641221256973,0.006421514574940196,0.03268164162518494,0.0013189454563392322,0.0013189454563392322,0.5009276083146333,0.0013189454563392322,0.003766334327055587,0.0013189454563392322,0.5575857226526147,0.5023453680078971,0.03811597263468143,0.5023453680078971,0.003425597422133081,0.0029361796172498733,0.0013189454563392322,0.5010670056783716,0.01243438424815356,0.03052704051527913,0.5107061311247559,0.00294832277133969,0.004544415734620083,0.5072557323543196,0.0013189454563392322,0.5697613001464867,0.001404319655460201,0.0020928853945301473,0.49192089421250235,0.5151988369565743,0.4770021766898417,0.03867562526562157,0.5042221034224604,0.473696916893906,0.004452921213955602,0.496193413915635,0.0013189454563392322,-0.010492217685523136,0.0696478720034196,0.473696916893906,0.004294373291825193,0.03227692940356819,0.538157771725457,0.0013189454563392322,0.34412367034807567,0.5101187262562913,0.0013189454563392322,0.0013189454563392322,0.5031579705582211,0.0073605965750455915,0.002925719838558341,0.5038186667967028,0.5023453680078971,0.04043913705512904,0.002925719838558341,0.0052000879155759405,0.0013189454563392322,0.3727698265020715,0.496193413915635,0.496193413915635,0.0013337757062305,0.6196436242017214,0.0013200994863711568,0.499283967175173,0.5054604760828296,-0.01058709948024708,0.0030609314995446724,0.0013189454563392322,0.0013189454563392322,0.004452921213955602,0.5073453505346726,0.0013189454563392322,0.0014810515946259706,0.006595641773397276,0.03267251238131404,0.5111074305342057,0.5549162061206145,0.02673195644428078,0.5152071901174421,0.0029831352566501435,0.0013189454563392322,0.0013189454563392322,0.0012757432473912006,0.21134339963108242,0.5074509101787924,0.5042221034224604,0.49695597989291257,0.5023453680078971,0.033255698006386905,0.06685409136936285,0.5073246190634154,0.03267251238131404,0.21599422320849826,0.5072557323543196,0.5104542464721764,0.0013995493928862235,0.002925719838558341,0.03419051643607998,0.03267251238131404,0.0014589348494342402,0.21134339963108242,0.001494438452876945,0.5768045844124846,0.0013267522489860961,0.0013189454563392322,0.23207949676730708,0.5054615880890149,0.001868147410370058,0.5042221034224604,0.0013327371437292235,0.0013189454563392322,0.0457193800898687,0.5053751955914415,0.004452921213955602,0.03267251238131404,0.0013189454563392322,0.5023453680078971,0.015742238910721684,0.0013189454563392322,0.5053751955914415,0.0014576433990604876,0.1426974477691412,0.03262296808712714,0.49919927619173726,0.5042221034224604,0.0029361796172498733,0.5042221034224604,0.5583467987646069,0.0013189454563392322,0.0013189454563392322,0.005672611053198967,0.029983776909731558,0.5042221034224604,0.07214977389936685,0.5010670056783716,0.030548889413089475,-0.0043429559159799125,0.5053751955914415,0.0013189454563392322,0.004453541246178111,0.0013189454563392322,0.22175866989181173,0.006738159158838353,0.004489709208870457,0.5042221034224604,0.5072557323543196,0.507341116033235,0.4980206197665224,0.0013189454563392322,0.0024751273877848534,0.560943067022035,0.00281780509474458,0.6905433651589881,0.0013189454563392322,0.4918310066975031,0.0013189454563392322,0.21135412385051686,0.0013189454563392322,0.004319021295807163,0.007208670404668577,0.0013189454563392322,0.0013189454563392322,0.03267251238131404,0.03275557885208304,-0.0006194547987511956,0.46309657030624957,0.0013189454563392322,0.002113021705325291,0.027874112902968123,0.035537762078439575,0.5042221034224604,0.002925719838558341,0.05043514693850398,0.0033700628630855822,0.2147451852446584,0.0013189454563392322,0.0013189454563392322,0.5444748332173659,0.6113688980700298,0.49191755835061646,0.46309657030624957,0.001371760556046625,0.004452921213955602,0.004452921213955602,0.004319021295807163,0.001320538470737681,0.004452921213955602,0.004452921213955602,0.004544415734620083,0.03366343129052504,-0.008824310531530155,0.5619339876078325,0.2432990298258407,-0.005386084294079468,0.5393033135970586,0.4980574100062609,0.002934597525647703,-0.0003229223415871785,0.0013995493928862235,0.5023453680078971,0.5456614844090937,0.02903361795165854,0.001394585409664445,0.03539573164728543,0.5110775852804337,0.0013189454563392322,0.0013189454563392322,0.5595866610802003,0.007551553672279915,0.004505921318444933,0.5042221034224604,0.4949670067217698,0.0013189454563392322,0.49656762558641365,0.0024751273877848534,0.0052842793426294,0.5023453680078971,0.03421361952806404,0.0033232123126566704,0.004319021295807163,0.004294373291825193,0.02723868249987821,0.0013189454563392322
chr3:10248492:10248493:NM_014760:TATDN2,0.056843695442673786,0.04036953390550496,0.012070772997016699,0.89156747298698,0.06129852925240073,0.04075162427078005,0.011950300513559553,0.012079330255939269,0.04311709747970022,0.02023930234780666,0.08040822887739499,0.18728228988354623,0.20422903749047094,0.06457563705494138,0.18811230905852955,0.0031916626541797777,0.29611723621580655,0.07083613221713661,0.012515188779871428,0.019327630888788777,0.004789343721427086,0.0794250597206072,-0.002647133807803098,0.19814459762808795,-0.0018249270743210255,0.01961560761257583,0.18782859240296354,0.00617649533607989,0.019335564717162634,0.05799113010200546,0.023263245336943156,0.5792690291702766,0.06434718001347692,0.031204392371430634,0.06802862244439942,0.21380892241703867,0.012854838985439682,0.2874105045744257,0.18244266153043687,0.1878725726816473,0.8885156163077732,0.18782859240296354,0.04825672016703192,0.13486311277410953,0.06862812899305165,0.1810460391867152,0.011801382815420036,0.056748903336677065,0.039441859834827814,0.06594149478210201,0.044436015584894156,0.18782859240296354,0.3226978930259803,0.025976240819183788,0.20383384254456482,0.060883579249354225,0.3326781264559277,0.18877442678673234,0.02921053863417125,0.18782859240296354,0.09892352093154583,0.01085113421078257,0.1895273509918138,0.012079330255939269,0.21929282872211306,0.00011909829164399865,0.18807955764938206,-0.001725922969559729,0.1892263762726668,0.028220563398376725,0.013761513320199703,0.03484971109814006,0.888527335847662,0.2257025589242359,0.06146099670056471,0.20149345911336233,0.02921053863417125,-0.0006362663369837152,0.20471446423244194,0.2891330214753669,0.18782859240296354,-0.002647133807803098,0.18782859240296354,0.8917232445334083,0.14265653510877138,0.18719912078199563,0.8911622872671224,0.5491856754106462,0.011801382815420036,0.19582862383736557,0.010490815862319564,0.04091643765982547,0.18782859240296354,0.18811230905852955,0.8895035273730134,0.1885765442072074,0.21129337179309154,0.5847801463774305,0.0029085264288602475,0.01085113421078257,0.015456870426670877,0.028220563398376725,0.0022347529664278054,0.013423152716250913,0.18972044890681317,0.2940932702078534,0.21375911704468015,0.5612587256461391,0.20241466562968835,0.025491777067729593,0.21380892241703867,0.004790125816236973,0.2873938301675407,0.0024879391157915376,0.2882955188074109,0.008022800319913898,0.5791910544142251,0.19658588729073673,0.18782859240296354,0.3259704793160122,0.18807955764938206,0.18029031683028257,0.06223744652157559,0.2874105045744257,0.028220563398376725,0.3171569315314469,-0.002647133807803098,-0.002623633847011808,0.02275173260378291,0.011801382815420036,0.2110303360881553,0.1878451581033414,0.011555280665594803,-0.002647133807803098,0.18782859240296354,0.8914294620773692,0.8914294620773692,0.18782859240296354,0.18807955764938206,0.8886510097379485,0.20508286711866355,0.21507410928833567,0.28933201869932723,0.004295519081683269,0.2051712951707264,5.242211344930192e-06,0.0029167083223022028,0.29670510230587266,0.00617649533607989,0.07239550969047209,0.1878451581033414,0.18786133671953142,0.01694467057380758,-0.0026553084615722478,0.016518846612034926,-0.0017049617878784895,0.021466216067344362,0.18795102628898552,0.28716237344559387,0.19108848042050555,0.2873938301675407,0.27644622968332777,0.015335659558384479,0.18782859240296354,0.011801382815420036,0.1878451581033414,0.2023664533802007,0.5833885572503956,0.9024226236781376,0.29738581772899114,0.19770908571410614,0.10541977651448214,-0.002647133807803098,-0.002623633847011808,0.050687745394749295,0.18807955764938206,0.005267795869812936,0.18837041427538542,0.0050813153205594985,0.33274394384571354,0.18773124689049836,0.1878476567180429,0.44955326230441806,0.008003720820862231,0.8883075497458174,0.01577507021283761,0.8882206932344112,0.28719909677602695,0.29448609724882346,0.015335659558384479,0.004789374986013117,-0.002498099899613193,0.18807955764938206,0.011801382815420036,0.18798931225967486,0.1908176847328505,0.902552431690508,0.30374296000445444,0.04269567702454219,0.2434566616070399,0.21018429648997655,0.015335659558384479,0.18805155567983495,0.21440439909082087,0.19212657755507428,0.18786133671953142,0.18798494112871167,0.08238576117249616,0.18974088438996886,0.08130019552732151,0.19524548037673456,0.18938547201289352,-0.0026553084615722478,0.8977089054692498,0.025976240819183788,0.1878451581033414,0.004790094586894805,0.18795102628898552,0.037079121145229266,0.33562746075410915,0.2210191122656982,0.029984451285706315,0.07906893188225289,0.0699324615060691,0.07458385428740866,0.28716237344559387,0.1968434542673994,0.19121087574742812,0.13400042929474035,0.047776469842375574,0.2871047283540057,0.20940959764748812,0.18811230905852955,0.1906574988640829,0.008907833773640322,-0.002647133807803098,0.4776552061776573,0.0029167083223022028,0.008767486600056579,0.18811230905852955,0.18811155435669216,0.1878451581033414,0.8883106001733188,0.19266708951373315,0.28714260600924124,0.18713569182816445,0.19291780628525768,0.015335659558384479,0.1878638353269439,1.0332240468973515,0.02519684692931423,0.43718747994844764,0.012504016010974617,0.19573079516625982,0.9091459657615468,0.010562379871032812,0.03356467237672631,0.8883075497458174,0.3131612240092899,-0.0023400994833262523,-0.0023400994833262523,0.18929278321793802,0.0545276458741398,0.28716237344559387,0.011801382815420036,-0.001630642618311584,0.18782859240296354,0.8941284137957703,0.985814220160911,0.3059412107108104,0.016937373412015955,0.03418134764811229,0.00853380073589785,0.1800914596388759,0.0028997682384962475,-0.002647133807803098,0.015335659558384479,0.3139498726306862,0.0473682056017829,0.054634482696951814,0.187164247405593,0.18025974858228244,0.8977089054692498,0.28714571378473674,0.23114684655106008,0.03806244402432313,0.3219935196664824,0.011801382815420036,0.20140198407805987,0.48576202449828093,0.06851173787144615,-0.002647133807803098,0.2749512793838841,0.03310949690551676,0.21480357801392333,-0.002647133807803098,0.1892263762726668,0.8883075497458174,0.1878286973280639,-0.002647133807803098
chr3:12967698:12967699:NM_014869:IQSEC1,0.12315969778035984,0.17153483227354957,-0.003690910652162316,0.0329457498898246,-0.003370397475036785,0.17142784900155797,-0.004053278526047754,0.06590951927865873,0.1714104439241761,0.0638489337955338,0.06385251878174514,0.09597974533929036,-0.0029837243062270646,0.12315970294583053,0.007703627919106004,-0.001976280660000246,0.06803694192706887,0.07850041093487473,-0.0005747394667688088,0.004279677443390112,0.005574345998398761,0.06513378239318629,-0.003370397475036785,-0.07868234976336591,-0.05662096289662706,0.003309484750319641,-0.019897188845496794,-0.003370397475036785,0.002655561267747325,0.07751728420092524,0.17100480727298345,0.16223105183909817,0.06423984291882562,-0.003370397475036785,0.06389598014181555,0.028298759383474065,-0.003370397475036785,-0.023914486081457506,-0.0033672248362865143,0.10236919213823369,-0.05662096289662706,0.01337470558657533,0.007703627919106004,0.024732652447043424,0.06472944625868848,0.0077164384107604456,-0.003370397475036785,0.003524158016666293,0.13202319347776725,-0.002720760041031195,0.17301783725680966,-0.019897188845496794,0.08855601406779806,-0.003370397475036785,0.010818587098835514,-0.002716926229818506,-0.0072741350078013856,0.014748171380327524,-0.003370397475036785,0.13263523733036334,0.1997132875683253,-0.003370397475036785,0.005748586512837828,0.10251117247193747,0.1400481138584232,0.014810378637694244,-0.023914486081457506,0.005942959974984591,0.0057897537700010715,-0.004000813674411463,0.026080909161345256,-0.003370397475036785,0.014749024634137187,0.2161769979654056,0.0006735156701780098,-0.08094812518753769,-0.003370397475036785,0.12575484411764304,0.0043584624421934,-0.003370397475036785,-0.01973262660150399,-0.003370397475036785,0.08039926993081725,0.04841045847378411,-0.0033672248362865143,-0.045911077442531395,-0.05662096289662706,0.06338744868421609,-0.003370397475036785,0.20900867337148757,0.017427253738437787,-0.003370397475036785,0.007703627919106004,-0.04770657342260079,0.018883306036732134,0.04219483814335853,-0.11387621112213658,-0.02993698198537295,0.005855710392478702,-0.07964455782379007,-0.003370397475036785,-0.004000813674411463,0.09874866100043793,0.03611486681551426,0.3159471334407396,-0.003665593550547408,0.18043181022346952,-0.04912907220785326,0.13521484057237,-0.003370397475036785,-0.0470648078800891,-0.07404641013115237,0.014810378637694244,0.019782378875125656,0.14565069071964254,-0.003370397475036785,0.09360229599942019,-0.049756467910851934,0.06735019963125388,0.01568585627128316,-0.003370397475036785,0.008570585203315051,0.13451846270274376,-0.023914486081457506,-0.004000813674411463,0.06587607790252592,0.022244294854156743,0.014757358740463411,0.004504692188306486,-0.004344489948606284,0.019793895446790166,-0.019897188845496794,-0.0030580176318026064,-0.003370397475036785,0.038170023775192935,0.020604807143937642,0.020604807143937642,-0.003370397475036785,0.2410063385621194,-0.0033677095570474325,0.051370270537683616,-0.04707841296223192,-0.05662096289662706,-0.003370397475036785,-0.003352533571719468,-0.003370397475036785,-0.002720760041031195,0.11106153295449417,-0.003370397475036785,0.01078857376526865,-0.023914486081457506,0.014757358740463411,-0.003370397475036785,0.020872324563023542,0.13521540720144232,0.09835549775187491,0.008809143819294485,-0.0012628279946919896,-0.019906430811415493,0.00783164128004632,-0.019897188845496794,0.06461402322251505,-0.003370397475036785,0.17193060866928767,-0.003370397475036785,0.04029459785379513,0.10558507389569788,0.2929498963398866,-0.047705887781483686,0.021534912735734837,-0.0033672248362865143,-0.013244729556538631,-0.003370397475036785,-0.05662096289662706,0.1337044460601123,0.05383169163041718,-0.003370397475036785,-0.023914486081457506,0.008639319119323474,0.007121773649716806,0.007703627919106004,-0.0058016671907576145,0.43222348039205927,-0.0033581941863007336,0.03252411837125349,-0.003370397475036785,-0.023922792158047573,0.09896142419242335,0.023434159030029683,-0.003370397475036785,0.002982878914823295,0.014816164393427811,-0.003370397475036785,-0.003370397475036785,0.04134431419350085,-0.0033672248362865143,0.03611913877290264,0.05525354368859425,0.032524626139685014,-0.03964592364279369,-0.0796754396633452,-0.003370397475036785,-0.0012672845120198784,-0.0030264359751000502,0.10258282930829446,-0.05639102360050899,-0.05662096289662706,-0.002549704152808946,0.007703998490407732,-0.05731197598538319,0.030534593376397134,-0.0032153447496524046,-0.07993575532624997,-0.020228461857465185,-0.003370397475036785,-0.04770657342260079,0.02755224409361018,-0.0012628279946919896,0.1527584560735175,0.1304886036517348,-0.016169370510139128,0.003618205801452279,0.0813748773516424,0.02924182573683823,0.06481570239273546,0.014810378637694244,-0.003370397475036785,0.0058615228442596146,0.1093552988431071,0.2996434621177915,-0.003370397475036785,0.028909781113875405,-0.003370397475036785,-0.04770693634954386,-0.07744992167359557,-0.0033665654250039367,0.2331129514620096,-0.0032853396442648897,-0.07993575532624997,-0.019972506450767813,0.16131983649571127,-0.037312487728750204,-0.018634532329055514,0.005001279233519618,0.032834941574953036,0.06735019963125388,0.02142800520129262,-0.003370397475036785,-0.018634532329055514,0.12566462304350873,-0.07744992167359557,-0.025896937924804908,0.15786194565957964,-0.01255625867730406,0.10048236136975236,0.25353882290514484,-0.003370397475036785,-0.04770657342260079,0.016964242629545156,0.07023434645262816,0.07023434645262816,-0.002692969386163535,0.017914787323628834,-0.05662096289662706,-0.003370397475036785,0.0029778025003572295,0.0005561870296169058,0.1505707380017341,0.09076152637346052,-0.02391054860164514,-0.07965056559490027,-0.003698672140725723,-0.003370397475036785,0.003513046009409493,0.14170797521931952,-0.0033703978758273523,-0.003370397475036785,0.22165486227480485,0.12925650000273697,-0.0012628279946919896,0.030534682215512726,0.00739301348560259,-0.019827203185555503,-0.003370397475036785,0.06318783899448727,-0.003370397475036785,-0.003370397475036785,-0.003370397475036785,0.05323907535044775,0.14979250815699266,0.15010744386715844,-0.05639174273309801,-0.01581371458465565,0.004900269531770279,0.0734088709513128,-0.1430086002994299,-0.004041559437752917,-0.046449791901798265,0.009310349493295705,-0.003370397475036785
chr3:13480214:13480215:NM_024827:HDAC11,0.003285183667801464,0.06603565328303479,0.0036938481712864013,0.32491585167973325,0.02847162296757344,-0.041465572608809786,0.002484652445964089,-0.0018777689944922404,-0.05174981602890169,0.024186476769916594,0.0034594782297282523,0.3317404072124599,0.00941526963153494,0.025195446618041822,0.001184396673702015,0.018912680198713804,0.3555902512979984,0.340900992255972,0.002511543671793584,0.0034594782297282523,0.023797915406236117,0.020376174344360704,0.002484652445964089,0.3058475979590906,0.002484652445964089,0.0034594782297282523,0.001259091295196746,0.0036938481712864013,0.0034594782297282523,0.0037074722865503146,0.30235549053214206,0.5562035211554449,0.0037249573290867866,0.0013388367409201685,0.020376174344360704,0.49480597898337264,0.002323742379098187,0.28210338222742587,0.03038060510394556,0.05414402547819936,0.4958745977536029,0.04790337587565521,0.0024982439936865747,0.0015154314686126602,0.4646002272352648,0.026676988413222455,0.002323742379098187,0.35640332150366943,0.0425133746505478,0.01961379421656785,0.044246583401707965,0.2855763408167372,0.0034594782297282523,0.0032984773814133117,0.009093849943363624,0.02299618945891757,0.05197960355674586,0.2823634561779519,0.4455621489084194,0.03595573381797265,0.043749867197554665,0.002484652445964089,0.018035914058814745,0.14499150285916543,0.07975164187681164,0.0027186297916042546,0.001108343999542294,-0.046487368863115275,0.004516250639616387,0.002489574667362382,0.0024835920227703617,0.2870266716145033,0.025859875770993176,0.37073587206062697,0.0402247213862639,0.07914462137070355,0.4455621489084194,0.04037112664111463,0.45825453607862787,0.002484652445964089,0.001259091295196746,0.002484652445964089,0.539560921129076,0.06286157520339718,0.05584546926917739,0.003028635587748546,0.002695037734260969,0.4334571947652026,0.002497952063618941,0.5016836097327481,0.3265100503584294,0.05550421201831978,0.00250244046103576,0.03409413681655413,0.28357320299434763,0.048297458270225455,0.0903389053261309,0.0032988069233835793,0.0027233021994309686,0.0358751543000996,0.002323742379098187,0.03419502852883748,0.3490295201986871,0.3093286058692748,0.4538008932281234,0.46270241179135463,0.05698365858093984,0.01846295511424271,0.09897945957484386,0.0032984773814133117,0.2817826831738013,0.023849660827340566,0.014955123968575207,0.28210338222742587,0.025314470207129527,0.042394857127644126,0.014570517561488777,0.4201638886987563,0.002484652445964089,0.10669499230644253,0.002484652445964089,0.0012583552168919099,0.05957720405774945,0.002695037734260969,0.023601065633705565,0.4091829466222122,0.00258875121365737,0.4970911466027478,0.28313493900252046,0.002497952063618941,0.07608145727365664,0.3071591966964471,0.010315909014106221,0.33967440672354904,0.014465547695991288,0.341829792081619,0.341829792081619,0.2824145170574118,0.34603520580070324,0.0013699840186883472,0.29337288497223496,-0.0461135605884016,0.2884782739804254,0.0026976580801153227,0.026831359981758902,0.00250244046103576,0.05484101917415217,0.3858686895090113,0.0034594782297282523,0.007402605344918545,0.0026302017152235735,0.0013699840186883472,0.31603339372735945,0.296481622565839,0.3334659074743038,0.042394857127644126,0.37118614886722656,0.02557758885082065,0.31364560391237634,0.26254985157643057,0.28210338222742587,0.053683915220037945,0.002323742379098187,0.02000353775390215,0.002497952063618941,0.02001372311131898,0.06852671210655822,0.3760202248058538,0.5586084131378382,0.0015000255968053433,0.0027186297916042546,-0.0010450129863273372,0.005436648424622728,0.0026302017152235735,0.07867553717572331,0.002695037734260969,0.005168714549129913,0.28210338222742587,0.007402605344918545,0.6700511645910893,0.002484652445964089,0.023717651622936924,0.4223275270404812,-0.002144663037826143,0.3308938504914336,0.002323742379098187,0.015625373814427995,0.0030041240911799633,0.3240392263467746,0.002497952063618941,0.02357626398367786,0.012588968181107357,0.002484652445964089,0.002497952063618941,0.0807802174764177,0.05855308745679014,0.025989963142745626,0.02588571210231609,0.057514434244747385,0.06786734380735471,0.05502419878980986,0.002323742379098187,0.002484652445964089,0.3867870636843228,0.3021283480072894,0.2820149023619819,0.005633724896226502,0.05654197122965684,0.0026740661165915586,0.4024092685413496,0.043029393968839987,0.2824785770492223,0.3448557545083577,0.6547176758645786,0.002323742379098187,0.0013699840186883472,0.02357626398367786,0.02557758885082065,0.37846334736379184,0.04896187716947622,0.034999561487048775,0.28701152845526223,0.002484652445964089,0.31869376932541726,0.35765106932194834,0.2850226462156339,0.002484652445964089,0.3008381365985172,0.06961929192237362,0.7319706721062014,0.002484652445964089,0.024881950786704986,0.002695037734260969,0.017743439615433607,0.06466738420253568,0.0036938481712864013,0.34571573346324436,0.00458624273668555,0.030048028689186053,0.49728414857173053,0.08258425194442723,0.05117097242105306,0.9619888115874625,0.05638937874939203,0.012690071803474229,0.3071591966964471,0.6378123873081635,0.002323742379098187,0.02649835678167628,0.08611976408014158,0.030010394338693826,0.5054852078226888,0.2627936528557102,0.001389277018182672,0.2872708167225694,0.36768354595941155,0.32343895217631724,0.5746558235150799,0.12598407639539755,0.5789229341448088,0.5789229341448088,0.0030387170798542723,0.038320774678904435,0.023356328350070718,0.002497952063618941,0.03200155696067148,0.3078122393681994,0.32988274810528256,0.44027816679208653,0.5439670759191156,0.29341201878281453,0.0032984773814133117,0.26314024634232996,0.32983435058288,0.3346741450285751,0.009174255236873471,0.002497952063618941,0.03869594756433428,0.05594589863788274,0.002485178764562085,0.05448189891560026,0.33586795079767184,0.6546481522952285,0.023356328350070718,0.3083633246880698,0.0036938481712864013,0.002484652445964089,0.002323742379098187,0.022428715473126165,0.5786120569146807,0.07310412475749956,0.2726127819994728,0.02557758885082065,0.0027083399043518336,0.05125518554055672,0.366057919210458,0.003120650305957387,1.0630145396261046,0.020058008050733142,0.018426614068933797
chr3:15427556:15427557:NM_033083:EAF1,-0.005627749776429755,0.6294967693635752,-0.008009811397031844,0.3774540747189611,-0.00738516462443313,0.047335174217116034,-0.011475336606599454,-0.008009811397031844,0.04070948358426753,0.5386971973565475,0.037809658727978104,0.3797294212912172,0.023151597519852157,0.02816758579319456,-0.007998430209132282,-0.008009811397031844,0.3774878315638347,0.6515083734949955,0.5453468475023275,-0.008009811397031844,-0.007956317770475604,0.0284157121481646,0.03387887738589808,-0.005971149904994158,0.37744175906192323,0.024061299611441614,-0.007998430209132282,-0.008009811397031844,-0.008009811397031844,0.0001387422848804637,0.07623193868954786,1.437900339815735,0.02675531033747701,-0.007975097437336487,0.4610680318476625,0.37119667922475746,-0.008009811397031844,0.37744175906192323,0.5882974485452923,-0.01154382507600736,0.37744175906192323,1.3076275463593805,0.028393354924548878,-0.008009811397031844,0.6641767128418784,0.3973169070164767,-0.008009811397031844,-0.002441091611784324,0.006819214219965147,-0.00738516462443313,0.019596064571530084,0.37744175906192323,0.034176879863091036,-0.008009811397031844,0.3775498308815332,-0.008009811397031844,0.37717873380825384,0.37744175906192323,0.6572705042840521,-0.007998430209132282,0.026656471128650758,-0.010371080669805674,-0.006555932155562175,0.015838547951160006,0.5505141503098446,0.37744175906192323,-0.008009811397031844,-0.007975097437336487,-0.006555932155562175,0.5941723050424658,0.003981419310087234,-0.011209053827898205,0.37744175906192323,0.0991888437667503,0.024061299611441614,0.024743463764944434,0.6572705042840521,0.5528877318099116,0.37740800307084343,0.37744175906192323,-0.007998430209132282,-0.007931036627321919,0.37740800307084343,1.3115067866852343,0.5940641237817428,0.377508207119713,-0.007998430209132282,0.6711422808899689,-0.008009811397031844,0.3801651574402188,-0.008029519815652295,0.5935257269920053,-0.007998430209132282,-0.007998430209132282,-0.006309547197249285,-0.005915255887288626,-0.005729609466826768,1.456590442908693,0.5381791106290876,-0.005518207132443928,-0.008009811397031844,0.5453837572332249,0.006229962467480629,-0.008009811397031844,0.3775263043340049,0.6468880575776125,-0.0004329112159068005,1.4451100159261732,0.3782056094639354,-0.007987467914972554,1.3113706391717104,-0.007862389517239471,0.37744175906192323,-0.008009811397031844,0.3782663213288598,-0.00044215026424898607,0.051317092033653186,0.37744175906192323,-0.010431964981902894,0.5604861458440408,-0.008009811397031844,-0.00790832277746778,0.5387565908619267,0.37744175906192323,0.5941723050424658,0.6647688852285811,-0.008000068395487225,0.37744175906192323,-0.008064017481745858,-0.008009811397031844,0.39516679551949424,0.37744175906192323,0.02249327766165693,0.3774103433951721,-0.011532497675014172,0.37119667922475746,0.37119667922475746,0.3844572758790972,0.024245950474386158,0.37744175906192323,1.3083122071553603,0.3735444804744375,0.37849834648228015,0.039265424892586116,0.6014833713331988,-0.007965751413967048,-0.008009811397031844,-0.005707465178637863,-0.008009811397031844,1.4487603852884392,0.37744175906192323,-0.007998430209132282,0.011855605848311884,-0.007767914056610065,0.0009433069287443779,-0.0004329112159068005,0.3712302950694034,-0.007901268861981933,0.37744175906192323,0.37744175906192323,0.37744175906192323,-0.0024223968741670654,-0.008009811397031844,0.5359373887248985,-0.008009811397031844,0.5417230824858209,0.3790502802439877,0.38449772608415,0.37744175906192323,-0.007998430209132282,-0.002441091611784324,0.5360845017381685,0.039265424892586116,-0.007998430209132282,0.5880254739839974,-0.007998430209132282,0.04786558114982423,0.37744175906192323,0.37803507832095673,0.4007089549632262,-0.008009811397031844,0.37744175906192323,0.3850522793500673,0.03033977631810683,0.37152979870518216,-0.008009811397031844,0.37744175906192323,0.38054035249330576,-0.002594960569087826,-0.008009811397031844,-0.005718004991815934,-0.008009811397031844,-0.007998430209132282,-0.008009811397031844,0.3875915799573318,0.5967959656464713,0.37744175906192323,0.38006871723548935,-0.010952308089311552,0.38924595105483406,-0.014102333421101149,-0.008009811397031844,-0.008009811397031844,0.006579035202760458,0.5389906514239139,0.37744175906192323,0.39289257053414095,0.0217070078032445,0.39825041703639363,0.027189587424425316,0.3926835282455779,-0.00460860186342775,0.0024565085937108683,0.3774538941728241,-0.008009811397031844,-0.008009811397031844,-0.01139719718954528,-0.007901268861981933,0.36961555461642454,0.37312864688956293,-0.008003510604901898,-0.01119957409283559,-0.005729895961797654,0.3715858594677162,0.663593976381298,0.37744175906192323,0.37740800307084343,0.5389906514239139,0.09866060392463116,0.40651569843505203,0.37744175906192323,0.37744175906192323,-0.007998430209132282,0.3790510133051058,-0.007955306117341507,-0.008009811397031844,0.37714543309272347,-0.011195346110303456,-0.004426010046775231,0.3767816873998488,0.3775498308815332,0.37127648561507626,0.37744175906192323,0.5988541461838361,0.3774540747189611,-0.009668982155880773,0.38425872696198726,-0.008009811397031844,0.37744175906192323,1.3326676774859536,-0.004426010046775231,0.41544787770260433,-0.005848528439095377,-0.00790832277746778,0.40456937668552095,1.432217262777153,-0.013821414264492626,0.37744175906192323,0.3721579418814034,-0.0077219943583167056,-0.0077219943583167056,-0.006524011619381667,0.04001148297740406,0.37744175906192323,-0.008009811397031844,-0.011431040615652116,0.3802995301124667,0.3772474684122178,1.462857854762822,0.4208732536092404,-0.009049721116500223,-0.011209053827898205,-0.0013684351226121022,0.3712357582596616,-0.007777083881918806,0.015012186404384023,-0.008009811397031844,0.7335532349926334,0.3794978464454538,0.017569314824560853,0.39435646055044754,-0.007373775810239611,0.3712755023184114,-0.007998430209132282,0.5389906514239139,-0.0022070631466469537,0.0006164485699201167,-0.008009811397031844,-0.005862111543696091,0.0001132642170564302,0.553974903627398,-0.0004516566295404423,0.37744175906192323,0.37740800307084343,-0.01117697600788456,-0.007478298097375602,-0.006555932155562175,0.37744175906192323,-0.007975097437336487,-0.00779556088909239
chr3:16174676:16174677:NM_054110:GALNT15,0.7792281731368619,0.673908266668484,0.07148556645722215,0.05883208456598718,0.6457588659045382,0.6739480844035524,0.6697866070359619,0.05610706994580003,0.6365594758059294,0.6312441526479708,0.05431212030789198,0.026875875240720187,0.6660462079901781,0.8796184123947355,-0.0014912889712117294,0.06302113841355125,0.05884522692169569,0.7260886605118636,0.009453814317257447,0.011723425535058507,0.0165460009889839,0.8325137991406936,-0.0012004247508959898,0.6338288082669369,-0.001408098296904886,0.010556108478674525,-0.0014912889712117294,0.05883824214324171,0.0711378985867076,0.021369048394033197,0.7623478453691743,0.6854533622342766,0.08162625318556829,0.6427139679549876,0.8459736216304289,0.5912325122180869,-0.016247388116694933,-0.0014520942708525497,0.030841991189493684,0.0022197688956041017,-0.001408098296904886,-0.0014472965089271372,-0.00416804848314134,0.6376503014779884,0.67972881414501,0.013347390784244045,-0.016524806068237224,-0.0002635421791308268,-0.0014912889712117294,0.6486845197795792,0.07122123546726203,-0.0014520942708525497,0.011220772723942507,-0.018060161733294194,-0.0014912889712117294,0.010262720174616075,0.0019678805597064253,-0.0014912889712117294,0.8796211648718619,-0.0014520942708525497,0.7733157064198724,-0.014945125734830006,0.5851906350438835,0.6774267958636788,0.7899164552175613,-0.0014520942708525497,-0.0014912889712117294,0.6640484192965983,-0.03298978980455919,0.059169755050441614,-0.0014912889712117294,-0.034503059294985955,-0.0014520942708525497,0.058929357415203415,0.6535891396452331,0.6161816685088015,0.8796211648718619,0.059604952228965696,-0.0014912889712117294,-0.001408098296904886,-0.0014912889712117294,-0.018573494736974755,-0.0014912889712117294,0.006506502266741987,0.01160577864733714,0.009566876470457397,-0.0014912889712117294,0.8391305398762671,-0.01656874183547488,-0.0014472965089271372,-0.0014912889712117294,-0.0014912889712117294,0.02805406895507001,-0.0014520942708525497,0.6324081978254467,0.014709745904211369,0.000662805349361445,0.737540386221069,-0.0014912889712117294,-0.0014912889712117294,-0.014110190866603256,0.02907341074819239,0.011414230523831698,-0.0013972662143315884,0.10933402318646057,0.6346808279992359,0.00966179783472465,0.7374888048016425,-0.0014912889712117294,-0.016524806068237224,0.6699373805863167,0.016516754882680368,-0.001408098296904886,-0.0014520942708525497,0.02811275981326103,0.008187991632213176,0.9240923081726111,-0.001408098296904886,-0.0014472965089271372,0.6691165605690949,-0.0014912889712117294,-0.0014912889712117294,0.7387235958848627,-0.0014912889712117294,0.05921387241545997,0.70993175896689,0.009606469304210108,-0.0014912889712117294,0.027422552758596924,-0.001436463148937972,0.022521359915278483,-0.0014520942708525497,0.037402105541802816,-0.0014912889712117294,-0.0014472965089271372,-0.0014472965089271372,-0.0014472965089271372,0.01907408245297948,0.6577592331777411,-0.0014912889712117294,0.6085270886754515,0.681690903435599,0.029037102224759442,0.034060369017859166,0.02924429608549267,-0.0014912889712117294,-0.001436463148937972,-0.0025588820103535637,-0.0014912889712117294,0.015343961018691593,-0.0014520942708525497,-0.0014520942708525497,-0.013307072826645366,-0.0014912889712117294,0.1506623167072241,0.009706861565088598,0.02805406895507001,-0.0013586230235577146,-0.0014520942708525497,-0.0014912889712117294,-0.0014520942708525497,0.00966179783472465,-0.018337767361161522,-0.0014472965089271372,-0.0014311801546940117,-0.0013500211273324847,0.047180378599438105,0.803229129579209,0.028100833252510393,-0.002930564176206768,0.06332710840242356,0.02736383868269665,0.06627642935337583,-0.0014912889712117294,0.02225633838855892,-0.0014520942708525497,0.028178864699452355,-0.0014520942708525497,0.01475582577511178,0.009900372640053279,0.028094103112806912,-0.0014520942708525497,0.04894649155832123,-0.004217307060475434,0.028160083699833804,-0.002871143368225998,0.028137706053171008,0.028100833252510393,0.03164964416197741,-0.016524806068237224,0.016516652137737092,-0.0014912889712117294,-0.0014912889712117294,-0.0013763467111831407,0.02805406895507001,0.02983650485366693,-0.0011393500845049975,-0.0013152120761330821,0.013380445135557306,0.008090282634883456,0.609697329353362,-0.016247388116694933,-0.0014520942708525497,0.8509305643243648,0.030929008555833915,-0.0014912889712117294,0.8520354838518417,0.029751914837625737,0.0053715312165817375,0.17450016962100212,0.02340526077943786,0.6140974841061865,-0.0014806513705560298,0.028100833252510393,-0.018337767361161522,0.016451614753602933,0.016483661660465165,-0.0013586230235577146,0.002426604558584483,0.02279565437381076,0.004457561735221854,-0.016481256480829154,0.7527355929201349,-0.008545382476864316,0.6780374389179474,-0.0014520942708525497,-0.0014520942708525497,0.0014557984120222855,0.03174379344048514,0.18613884617257825,-0.0014520942708525497,-0.001408098296904886,-0.0014912889712117294,0.00961328019944005,-0.018573494736974755,0.058774108123119284,0.02806401898600816,0.017703419963180367,-0.0014912889712117294,-0.0014912889712117294,0.028094103112806912,0.028833343106350967,-0.001408098296904886,0.03029094957648676,-0.0014912889712117294,-0.0014080351406588199,0.02101703650073028,-0.016524806068237224,-0.001408098296904886,0.0019286397310705472,-0.00879851649715499,0.03634923242065802,-0.0014912889712117294,-0.0014912889712117294,0.6345907949422598,0.16963683940420765,-0.02619581886650857,-0.001408098296904886,0.006341056907358228,-0.0014912889712117294,-0.0014912889712117294,0.5852268202790581,0.6388700300489375,-0.001408098296904886,-0.0013688629271860764,0.017890291507733552,-0.0014472965089271372,0.03828135420249118,0.06397894754018604,-0.002899226763554752,-0.0014601052754805166,-0.015920353254718772,0.6533457804436177,-0.0014520942708525497,-0.0013968174095866925,0.033891377442012094,0.002700347412208093,0.6926908205283973,-0.0014472965089271372,-0.0013684253487357134,0.020246640037067054,0.6048614557717751,0.028100833252510393,-0.0014912889712117294,0.030929008555833915,-0.001207048304857461,0.0267208508344898,-0.016247388116694933,0.6305186623279667,-0.001480139864782265,0.010563295893970592,-0.0028634031370975144,-0.0014472965089271372,-0.0013641062097120848,-0.0014520942708525497,0.0005625059315406411,0.6035562187902753,-0.001408098296904886,-0.018573494736974755,-0.0014912889712117294
chr3:20040031:20040032:NM_003884:KAT2B,0.27000992558104536,0.1519678214375366,0.15178188795629638,0.32832191916148556,0.06653032072341836,0.1517335270564818,0.0027953122250305856,0.0006435151608463405,0.14927302824399508,0.15176320211449332,0.2549895510511309,0.07719726701007175,0.5182582074735081,0.2700472574638689,0.2524619945933232,6.272226760861699e-06,0.9619689523688599,0.15492290046945711,0.151561649426781,0.15151354626137042,0.08496228802634123,0.2496992236743043,3.545390740226917e-05,0.5720024720768327,-0.00017288328786230212,0.15147958575220408,0.2523922771625162,0.1517434959851025,0.15147958575220408,0.15170930001815858,0.16132713114956804,0.528114143507798,0.15178188795629638,0.18525200972784073,0.24969712671146063,0.2524619945933232,0.15147958575220408,0.2524619945933232,0.03223408905127561,0.2755353293650272,0.2524619945933232,0.6851772033932311,0.15648531644159414,0.15032452628248033,0.25142722898825703,0.2398565465440048,0.15147958575220408,0.15171037834340054,0.003708126925666133,0.23395876619300585,0.15965354641482532,0.6851772033932311,0.23944468157146762,0.14932832846306865,0.2524619945933232,0.1514995136377625,1.2466194105533324,0.2523922771625162,0.23280408514658146,1.2483949875174507,0.15965354641482532,-0.0002031005863089158,-0.0002031005863089158,0.06510331982493033,0.7053516261740276,0.27713575826531345,-0.0002031005863089158,0.18783606575911455,0.32958642338574246,0.09163793241892654,-0.00020770850256059126,0.14934173327359107,0.6851772033932311,0.32015750923666697,0.15944395816457105,0.18784836964995433,0.23280408514658146,0.1522106539794441,0.9499055674656712,-0.00017288328786230212,0.2523931680680708,0.023992825145985663,0.4654785547364526,0.47469925754620707,0.03205514525122793,0.2524619945933232,-0.0002031005863089158,0.37062428134766195,0.15147958575220408,0.6856743224075434,0.052939659515167596,0.032144998753718595,0.2523922771625162,0.2524619945933232,0.6900761449274283,0.6916243655019245,0.6360354627876562,0.7801916099533333,0.25566353889990673,0.4666271331012546,0.15147958575220408,0.2672569947787043,0.08007333884740556,0.3724595658869633,0.2524611498981235,0.2954229122593686,0.07038766659213364,0.528114143507798,0.6853363458675411,0.15147958575220408,-0.00017288328786230212,0.026668081828293062,0.2524619945933232,0.26371095750077844,0.26373994457430794,0.07142385905227144,0.6206811921309987,0.32005117520527304,0.688304199963388,0.2588967161200036,-0.00017288328786230212,0.2524619945933232,0.23425845162894193,-0.0002031005863089158,0.26164800947651834,0.29143928684534787,0.06649683277563023,0.2524619945933232,0.24795881602264713,0.24051305816410232,0.23523525494706898,-0.00017221245594796486,0.23069648116377178,0.2694929144635433,0.4654687194325129,0.26369864212177696,0.26369864212177696,0.25112908023067004,0.27987554954999583,0.2524619945933232,0.26369864212177696,0.4192714127746243,0.2722704000631649,0.008040029301787474,0.11407014108222345,0.3456099574809015,0.15170930001815858,0.4563826084739989,0.15147958575220408,0.0854290586991228,0.2524619945933232,0.2524619945933232,0.15147958575220408,0.0017305969835297585,0.006092530155743459,0.0753441732926591,0.0014405745508895978,0.006401235041757096,0.6851772033932311,0.2549425007237776,0.2523922771625162,0.06653032072341836,0.15147958575220408,0.16445793557912705,0.15147958575220408,0.2523978925495103,0.7837326251013652,0.6945002557218272,0.2524619945933232,0.15174327065458093,0.1845113334338801,0.5725966799148047,0.012396042637810155,0.2523922771625162,0.3225710547093018,0.2524619945933232,0.2726175562768477,0.2524619945933232,0.2084364899394325,0.7301185258614152,0.2524619945933232,0.2524619945933232,0.18801055402417693,0.2636601546699363,0.4192714127746243,0.15147958575220408,0.6849486835988254,0.2637008121487298,0.49431883721747405,0.15147958575220408,0.0238269457024926,0.2523922771625162,0.2524619945933232,0.15147958575220408,0.6851876761143607,0.08897184300936231,0.2524619945933232,0.210013274252979,0.2523922771625162,1.2483949875174507,0.2995183114143678,0.15147958575220408,-0.00017288328786230212,0.23290589368116638,0.11200404748979884,0.2523922771625162,0.2701090375453785,0.2695237747159177,0.15963727005035322,0.5200912708929952,0.23725148105983476,0.33395330561804026,0.004450704105206822,0.15947821991833583,0.15172923061904275,0.24333623812726402,0.08032395379888363,0.006401235041757096,0.9106345039252003,0.4671920688690623,0.2820064050351263,0.15170930001815858,0.23395876619300585,0.4218673700245103,0.2886441536130708,0.26369864212177696,0.15151354626137042,0.03904455978579934,-0.0002031005863089158,0.48522072355911,-0.0002031005863089158,0.15151354626137042,0.2524619945933232,0.018788872278275054,0.008911646030934951,6.644380367085145e-06,0.8900025583060018,0.055099302058679175,2.4175503915008223e-06,0.2524619945933232,0.2524619945933232,0.2524619945933232,0.2524619945933232,0.09349284916052993,0.6851772033932311,0.02900964715046353,0.6980553367218345,0.15170930001815858,-0.00017288328786230212,1.370527397989071,1.899082720552281e-05,6.594099375802076e-05,0.2276850099498482,0.2523922771625162,0.2524619945933232,0.4657286572298476,0.1517710593228258,0.2524619945933232,0.3274708708002655,0.06017501907361743,0.06017501907361743,0.7638358695195647,0.5407330225895304,-0.00017288328786230212,0.15147958575220408,0.004746271056794052,0.26369864212177696,0.6873976050643682,0.9478924916119351,0.16349800196502084,0.16209906795625795,0.15172923061904275,0.15152414020163962,0.2542086177156981,1.0279899697596941,0.05680031860786413,0.15170930001815858,0.8696606403590292,0.4671920688690623,0.025016372457321773,0.2364796944846217,0.0665615257890955,0.32724290306826703,0.26365917490692237,0.04071103030462437,0.15147958575220408,0.2339946112605018,0.1514995136377625,0.06653032072341836,0.3355510677266244,0.29616287193400614,0.00415911713119356,0.2574750573397778,0.15149236667553978,0.2849137121334677,0.4666271331012546,-0.0002031005863089158,0.2524619945933232,0.6852151194331165,-0.0002031005863089158
chr3:38454298:38454299:NM_001106:ACVR2B,-0.002085842111544646,0.11480871844845725,-0.0010866975734187406,-0.14045931493699954,-0.002606586633446567,0.0030247326177078038,-0.002606586633446567,0.0016856854179799763,0.0030242374107655595,-0.002230223239683707,-0.0021786539705136304,-0.002513787389465852,-0.00239681580788291,-0.0009009740168204883,0.22561467971909413,-0.002606586633446567,0.11037770639615413,0.008594926094782011,0.011889100132597086,-0.002606586633446567,-0.0028437876952126934,-0.00224239590531871,-0.002606586633446567,-0.00282501141668684,-0.001024095686390128,-0.002606586633446567,0.22052508341415009,-0.002606586633446567,-0.002606586633446567,-0.0022871220790782465,0.275625949680279,0.8305998092343909,-0.0026462049211187846,0.002751692641338739,0.0037712839299538295,0.22561467971909413,-0.002606586633446567,0.22561467971909413,0.013767086185366886,0.2221715731649209,0.8232040860841355,0.33246340877511765,-0.0021786539705136304,-0.002505378413108862,-0.0026584600385666304,-0.1459213550034597,-0.002606586633446567,-0.00271587739660617,-0.13728651351902854,-0.001024095686390128,-0.002606586633446567,0.22561467971909413,-0.0021786539705136304,-0.002606586633446567,0.8233178047370364,-0.002731978799232704,0.542188327832756,0.8232040860841355,0.1090127820263024,0.822625657218744,0.25971960820854156,0.25971960820854156,0.002741777900680052,-0.003017468208927017,0.001416706617179582,0.41105584130585626,-0.002606586633446567,0.0014754629187501977,0.002741777900680052,-0.0003194356693495548,-0.002606586633446567,-0.0021786539705136304,-0.14033619251703333,-0.0025813244415274425,-0.002513787389465852,-0.001024095686390128,0.1090127820263024,0.10926898380812,-0.14045931493699954,0.22561467971909413,0.22052508341415009,-0.002606586633446567,-0.001024095686390128,0.41097213828662915,0.0014034756476333302,0.8657675772827494,0.22052508341415009,-0.006924412126729548,-0.002606586633446567,-0.028060191358687397,-0.002606586633446567,-0.0003194356693495548,-0.0010079494427413377,-0.13728651351902854,-0.0026070869451985737,-0.14045931493699954,0.8299107637480709,0.3276570639197161,-0.001024095686390128,0.001817477957517133,-0.002606586633446567,-0.0003194356693495548,-0.002196293941286058,-0.0007028024388296278,0.21025514812765922,-0.0026589743227731916,0.10936457054274956,0.22609719744476064,0.07831289472397812,-0.002606586633446567,0.22561467971909413,0.2627278147202414,0.41097213828662915,0.41097213828662915,0.001849578636762439,-0.0026070869451985737,-0.0004997309818159587,0.22561467971909413,0.07831289472397812,-0.004055092381728187,0.22561467971909413,0.22561467971909413,0.009840439888296144,0.22561467971909413,-0.0003194356693495548,0.003348986642556548,-0.002606586633446567,0.22561467971909413,0.0122103475499823,-0.002606586633446567,0.037852535110779184,0.41097213828662915,0.016393021794349746,-0.001024095686390128,0.8225122311065922,0.07831289472397812,0.07831289472397812,-0.0006734750979471016,0.1112588916982819,0.22052508341415009,0.32946440109204034,-0.00018078537717643867,0.22854347502492767,-0.0022101627395705037,0.015687979434391992,-0.002606586633446567,-0.002606586633446567,-0.0008347949959257583,-0.002606586633446567,-0.0028565083463046176,0.22561467971909413,0.0783825170946918,0.0008028866703828838,-0.0025905095665781294,0.006513880860645686,-0.0018514253234002895,0.4112586606934325,-0.000998716447323307,0.22561467971909413,0.22561467971909413,0.22561467971909413,0.10936457054274956,-0.002606586633446567,0.34511005466585176,-0.002606586633446567,0.3650549702331571,-0.14045931493699954,0.1125399158287896,0.8659497927521571,0.2211167137152098,-0.0004997309818159587,0.28758969197749545,-0.003497509448172932,0.22052508341415009,0.48915493818648637,0.22052508341415009,-0.0023818393495145668,0.22561467971909413,-0.0026054877189611095,-0.02800359835988399,0.4064571002401274,0.41097213828662915,0.919095893384654,3.015442631781884e-05,-0.001024095686390128,-0.002606586633446567,-0.001024095686390128,-0.000974308636411042,-0.12669633135187752,-0.002606586633446567,0.2626961414218078,0.22052508341415009,0.22052508341415009,-0.002606586633446567,0.22563160609247337,-0.1394344175998497,-0.001024095686390128,0.0001917338433794144,3.015442631781884e-05,0.542195433900262,-0.0008135995649394268,-0.002606586633446567,0.4064571002401274,0.1090127820263024,-0.12993272152136892,0.22561467971909413,-0.0007197463504150445,0.017197697465783382,-0.13728651351902854,0.11130738354729623,-0.1458743847270209,0.005787553854772233,-0.002606586633446567,0.33246340877511765,-0.002606586633446567,0.22561467971909413,0.2627278147202414,-0.000998716447323307,0.3349748173073057,0.5994994019187729,0.8095973026652558,-0.00282501141668684,-0.0004997309818159587,-0.0009309268081595032,0.0033484913256505364,0.22561467971909413,-0.002606586633446567,-0.12998065695995603,0.1092465923690287,0.4339616417001233,-0.001024095686390128,0.33246340877511765,-0.001024095686390128,-0.13949409963538242,0.22550002612859496,-0.002497708845617813,0.3963589828895436,-0.002606586633446567,-0.0007678894974879127,0.22561467971909413,0.8657675772827494,0.41097213828662915,0.22561467971909413,-6.67498038932901e-05,0.41097213828662915,0.22561467971909413,0.41097213828662915,-0.002606586633446567,0.41097213828662915,1.2008029741552133,0.002028320092646335,0.22659522360933493,-0.002603638236721391,0.22052508341415009,0.00763930868391164,0.2832970729242412,-0.0014874594210474712,0.8232040860841355,0.4119470188615547,0.0006178054042403486,0.0006178054042403486,-0.0026070869451985737,-0.0017964273322095825,-0.001024095686390128,-0.002606586633446567,-0.13678367491649726,0.0006178054042403486,1.0180595722164951,0.014116137119634602,0.4175968188427034,-0.0007673376324457484,-0.002606586633446567,0.1092465923690287,0.41097213828662915,-0.0008347949959257583,0.0002324147352229869,-0.002606586633446567,-0.0023523613875976665,0.5925747575165943,-0.0027876045388182114,0.03785307177448333,0.332572427037305,0.33271613585244797,-0.002606586633446567,-0.12998539733132505,-0.002497708845617813,-0.002606586633446567,-0.002606586633446567,-0.0027392477168425924,-0.0010283117231698544,0.003661731501367761,-0.002606586633446567,-0.14036225658364307,-0.002606586633446567,0.01299485303754877,0.8060753293036912,-0.0026070869451985737,0.8232040860841355,0.4064571002401274,-0.002606586633446567
chr3:42091253:42091254:NM_001265608:TRAK1,0.277770647269815,0.6915878660371986,0.22427268301335657,-0.011626007118247517,0.27734341073575675,0.7806939633061964,0.03217512686636259,0.25078563172688595,0.7016160460510061,0.2471603560944628,0.2994380854423702,0.00708430086493117,0.20910366020624788,0.22568560518928676,0.005691407251061875,0.24879277070299632,0.011105274614035293,-0.029341959389071193,0.24035633188684546,0.002844365488970463,0.023886682139821785,0.09906453958330363,0.05335894331181376,0.11739842805462603,0.005512188603824519,0.002844365488970463,0.005691407251061875,0.32540702957020773,0.002848724680723669,0.0821331456290259,1.0956025277024497,0.8255719523613594,0.21995491374825604,0.6853106072881426,0.15820211887425678,0.06183862789059033,0.007364651340828421,0.0060294332534813755,0.011006614772746032,0.08135017369556252,0.005745919976269748,0.026275973002026165,0.3198715760601128,0.08735598694665508,1.1481136565219197,0.017693503909254643,0.006168048775220786,0.2646358620687373,0.037972852066586044,0.29563069260139124,0.7109456217658082,0.0060294332534813755,0.3005012798861097,0.0073719232310913985,0.0060294332534813755,0.022001925150115953,0.26871842758246306,0.005691407251061875,0.8334509166527291,0.006575368880875038,0.817217447458688,0.21139596061398935,0.09153076265299301,0.01102951758988338,0.33331909645539676,0.0480253036222687,0.005512188603824519,-0.03678677762103566,0.08116847543228115,0.0044558235918448486,0.005577830643818393,0.03292600400191523,0.022278868338511948,0.012731073993361347,0.27722589268643266,0.30582536115851694,0.8334509166527291,0.7384377074110753,0.003633649311472309,0.004249530202578455,0.005691407251061875,0.004517975965374843,0.005681659118811105,-0.0006974271018439504,0.01600938812615385,0.0062092233436345234,0.0060294332534813755,0.8573995923475777,0.005965055019487742,-0.07484194696243701,0.00859531745270184,0.00985436217285815,0.005108285174182214,0.005745919976269748,0.07746802053886939,0.016076363416004047,0.22259573385474712,1.2681304189383722,0.6775021461109443,0.002594231657857049,0.020929241178118257,0.11209138583560987,0.887129528880068,0.08291115590644413,0.022214302061609792,1.2622300584614332,0.02314775953035092,0.7505824354627568,-0.0002357715477234179,0.006168048775220786,0.04586327903755,0.04929895655027147,0.018085242953719605,0.04855120129705334,0.05225846152784547,0.70711323074809,0.06805431485784699,0.672849981622692,0.006923531778602443,0.8810541855668711,0.005512188603824519,0.005691407251061875,1.0833379660523343,0.0060294332534813755,0.06639297267401134,1.1657059913545227,0.006351748373312482,0.005691407251061875,1.0892333693883618,0.023898756245689184,0.0031678069553318644,0.005691407251061875,0.20536530724119822,-0.0005287348791710444,0.005745919976269748,0.006166525425382652,0.006166525425382652,0.07207650282167269,0.08568837889153957,0.005691407251061875,-0.03344762177992286,0.03373168491722059,0.006088282777056198,0.02904458258669415,0.01107124807821383,0.006857189497178923,0.0022062323787623295,0.2721053388343488,0.0036941080345217203,0.02370586095960245,0.005691407251061875,0.005691407251061875,0.011293075359123383,0.028635614330865145,0.025046237787221287,0.022035986947161162,0.021599689520480664,0.04156450447231633,0.0060294332534813755,0.0060294332534813755,0.0060294332534813755,0.049326043703532246,0.002767007178809733,0.04469737561927045,0.006168048775220786,0.023835507548142204,0.024620266318812617,0.04528029708653686,0.005057477928361975,0.02293701825678024,0.010270723747832222,0.018636298467676726,0.017030436983821756,0.005512188603824519,0.7187888496039421,0.0062092233436345234,0.022831984567164204,0.0060294332534813755,0.006891340146419039,0.04927250753412879,0.005566588439787579,0.005566588439787579,0.7437213123322347,-0.06264891820443419,0.07830886332564266,0.00955159799128727,0.006084143067746406,0.048834561543318084,0.004866774710987287,0.005965055019487742,0.04929895655027147,0.00507570530541307,0.006351748373312482,0.006168048775220786,0.0012879612494360038,0.011132061016058181,0.017420584761362656,0.03911521250092967,0.0513050166599692,0.23371911509845922,0.2734389879543955,0.003923924227620834,0.005098471919217251,0.7860991194041027,0.6853285878264576,0.005691407251061875,0.048271785693421554,0.25702963337671675,0.012203107080504205,0.0590782550123366,0.19211158100315806,0.08432509991906373,0.0015175447123867702,0.0496393626540195,0.002767007178809733,0.0062092233436345234,0.06580683379635724,0.04086389046560701,0.054984671179161226,0.28770582260738337,0.04862982974579974,0.23666894472621924,0.07516450182647527,0.06800897803555173,1.279507350770626,0.0060294332534813755,0.005512188603824519,0.6853285878264576,0.670093183583013,0.1206721297952944,0.0060294332534813755,0.01862971468026356,0.005512188603824519,0.027954101593270914,0.04580937108581107,-0.0046743516351021586,0.05530383917475293,0.052677054333275186,0.04727723502575282,0.0060294332534813755,0.006264046781852467,0.007878793917715982,0.005745919976269748,0.015117306303391753,0.006923531778602443,0.048605134262066446,0.02414790407037562,0.003918465427134921,0.005745919976269748,0.27683541686495444,0.045886863447091225,0.03260238210789196,0.003860252116348356,0.0060294332534813755,0.727273338900738,0.09755314406300328,0.8735394154039581,0.005745919976269748,0.01481386307909191,-0.007254766485285641,-0.007254766485285641,0.06291449245729755,0.13528379422061496,0.005512188603824519,0.006168048775220786,0.04948284587657048,0.005570985158357411,0.020665970405264383,0.14674037723580274,0.002703334531552276,0.0012818598850453111,0.022460791601574742,0.7974635699796038,0.005893693963576613,0.7788073496128023,0.010614827817158085,0.0073719232310913985,0.8203281386920045,0.2844293362755524,0.00922204308707747,0.005105433848204888,0.253230791479844,0.02884880322568875,0.005691407251061875,0.6780833246985485,0.00115350404672232,0.07666110391613776,0.003918465427134921,0.10990391450637024,0.04563386702210179,0.21966065262628853,0.7064726073318539,0.005691407251061875,0.01483121871678944,0.09384763133465973,0.00146480629788881,0.0819746486068568,0.005745919976269748,0.02670049479014286,0.005918243249030064
chr3:45226322:45226323:NM_015444:TMEM158,0.5465447285576657,0.02552226611087762,0.22904899781249893,0.3023764087398947,0.16030757455387465,0.019447032165597657,0.10129160713737348,-0.001726424895683653,0.06273395612662093,0.1538324260424015,0.22904899781249893,0.13010149566224402,0.22904899781249893,0.5129479939311181,-0.00012135364322895387,-0.001726424895683653,0.6006374462297177,0.20594663213230124,0.25860727229632163,0.15360273187963183,0.044720782354097176,0.11745598993467833,0.13477434676254285,0.07147315517112446,0.15110223365473158,0.22904899781249893,0.4395290203010173,0.3723254658748381,0.15360273187963183,0.3149415982829518,0.3973739225819282,0.2889767879065436,0.23610387109787778,0.01957655391985148,0.17491741821554113,0.10609253699083816,0.019585944482553665,0.08660058824429108,0.03876987875316165,0.011082495658457099,0.21047064514823915,0.21706396103683964,0.09060931154847349,0.027749329941496762,0.19444940375026348,0.05384323034129693,0.02199533594525692,0.31575140112897,-0.00012135364322895387,0.09535434577164391,0.007452306467726516,-0.00012135364322895387,0.22904899781249893,0.02199533594525692,0.4395355548062975,0.02199533594525692,0.6002888731137992,0.08410015082174985,0.05546345999497157,0.005782450551608503,0.02740004867616043,0.05348199611650674,0.03603215937672989,-0.00011273666592156312,0.4113077048673097,-0.00012135364322895387,0.08396967827170734,0.05345789877909647,0.08076588865355452,0.07697583481729,-0.00012135364322895387,0.5465447285576657,0.08410015082174985,0.224457762632449,0.38540088779360426,0.15758542022337824,0.05546345999497157,0.040545279121193725,0.36186799877000175,0.08410015082174985,0.4395290203010173,-0.00012135364322895387,0.08410015082174985,0.13197059444305287,0.1045069675457054,0.4395355548062975,0.08410031076745923,0.08104410651641786,0.01960198911241231,0.11296179816987399,0.15599900535116593,0.24727861159823145,0.0866074735948172,-5.687152112150706e-05,0.008003988676992035,0.10700939126766175,0.004309733689003163,0.4561288459292261,0.019866665076397304,0.005424116602632818,0.02199533594525692,0.10383354149803453,0.1645618371283712,0.0022081310052026112,0.3972222285767994,0.44617285289711095,0.13708436847927946,0.06069948337512705,0.2546440603877464,0.02199533594525692,0.030115734933642124,0.04112866049795547,0.15095498613017694,0.0021823145547422776,0.002538722036197573,0.18098493298410992,0.4220141115360625,0.2357202086839842,0.033543657749997347,0.0032023740207080056,-6.061624097952745e-05,0.08410411924443001,0.1641776004319042,0.08410031076745923,0.07697583481729,0.19960077438222587,0.0022688834896149937,0.08410015082174985,0.02296401382909669,0.0022143754703117385,0.03308523295642497,0.21316996945853478,0.022967178577449572,0.009874383748029285,0.21665366679407916,-5.939899482843708e-05,-5.939899482843708e-05,0.10815009535761212,0.007771412959466505,0.08396967827170734,0.05975758355475093,0.10652978124189576,0.050876297887428416,0.013523700924832644,0.22344885309673368,0.0001396927615575569,0.0022081310052026112,0.2663993901370347,0.02199533594525692,-0.01318449074598976,0.21037427199558878,0.4389698728998714,0.02403603049959137,0.019595466075786397,0.0013452841395522747,0.13676628117940187,0.21037427199558878,-0.00011050484510672504,0.21047064514823915,0.08647228540150298,0.08660293907309553,0.03588747355585939,0.02199533594525692,0.21665366679407916,0.02199533594525692,0.21037427199558878,0.4811473107638714,0.679806337851929,0.24500544307399874,0.022256614303846983,0.35101061441221026,0.05210645603502351,0.0052425090327546595,0.08410015082174985,0.13547871568396858,0.08396967827170734,0.0022422420336921864,0.08410031076745923,-0.018389428378204606,0.10855272043563637,0.0022255701870126585,0.2130735736539754,0.24425747707112427,0.030115734933642124,0.1123264769227791,0.019585944482553665,0.10428120088052283,0.0700632540387742,0.1341569600729964,-0.00011514550920280892,0.04113533020948969,0.002198738632622557,0.2130735736539754,0.01960198911241231,-0.00012135364322895387,0.3020343689579903,0.02201480569825869,0.002612353030112792,0.1342770168671396,0.4494960624384828,0.04798948560805984,0.01960198911241231,0.00991733474467426,0.22467324434587346,0.05338388695577445,0.4395290203010173,-0.015352834801767898,0.023080863486426625,0.08089735259194367,0.27692182216956523,0.0664716990872835,0.11292653096368684,0.009628809516398804,0.09217408039697457,0.02199533594525692,-0.00012135364322895387,0.008131742495513704,0.06725730893687933,0.20444731082666437,0.40415231817394326,0.019965698855743202,0.4432626083647094,0.5074176665300656,0.30085570257627203,0.26920303544798785,-0.00012135364322895387,-0.00011514550920280892,0.029737938738426322,0.0860497906995946,0.2600337995375015,-0.00012135364322895387,0.39286431681385525,-0.00012135364322895387,0.027718603663823446,-0.012924271451012749,0.019595466075786397,0.20114436116337053,-0.00012135364322895387,-0.020625362222010446,0.08410015082174985,0.4389698728998714,0.2130735736539754,0.21316996945853478,0.27765691677328347,-9.43462224487282e-05,0.03589567799624091,0.4487681055788528,0.01960198911241231,0.21316996945853478,0.46872235037396925,-0.015065389046123215,-0.011385930869178062,0.1280955038536326,0.4395290203010173,0.21037427199558878,0.2517708150820924,0.31542312048685506,0.21317227994176202,0.2449002353626542,0.00813068330810178,0.00813068330810178,0.03603215937672989,0.002473504366489819,-0.00012135364322895387,-0.00012135364322895387,0.12189033013143472,0.029957146386771764,0.43954008718198273,0.568213293152221,0.11152470232365931,0.009874639747101205,0.02199533594525692,0.0022169934035554256,0.21946434346558372,0.5237045661521718,0.006248379504275189,0.04757429771432117,0.03130326500183587,0.0077647234945406735,0.009899445954186972,0.10996953894047592,0.2452506746949613,0.09204357541961615,-0.00012135364322895387,0.059217052473981485,0.02198877406792277,0.050056617809222846,0.02199533594525692,0.04145066911679436,0.0022081310052026112,0.14961264703339555,0.00710564350957394,0.10686569039165124,0.03591426003377189,0.0003813122581441536,-0.00012135364322895387,0.030537365836904203,0.21316996945853478,0.002477035380510119,-0.00012135364322895387
chr3:45689261:45689262:NM_014016:SACM1L,0.14597407330883286,0.3500309358997008,0.10239595899897774,-0.003085705325154675,0.08539661940228241,0.357215555781107,0.23761037672864377,0.08965844682645563,0.2137869711028063,0.18538437710276162,0.26331113687869034,0.15684569236369386,0.356635240283035,0.2828325637956709,0.1235703326548436,0.21030373969713356,-0.0005189624826867356,0.32872911278592154,0.3198365005475967,0.08591344551462349,0.10116171738049626,0.5014903242173543,0.08600410584850907,0.0871562184330951,0.1235700735771872,0.09358482901941659,-0.0030531474731447794,0.0878684201978073,0.08591344551462349,0.2327641243551396,0.3807522115535677,0.42185254139715556,0.2287037043089113,0.2728264008418174,0.3446047399217851,0.18053316703844136,0.17726208104810087,0.1235700735771872,0.05947640383675004,0.012990626535581362,0.12357966069131278,0.1236210878981184,0.28683238126336985,0.09822106020895446,0.5953122295433264,0.35606093035602326,0.09464127542323869,0.0894869421766997,0.0016630813369013508,0.07491236067910656,0.20597650753082097,0.1235703326548436,0.254725711693731,0.17296228508997266,0.12349584258816207,0.09356077725841833,0.12527834635859758,-0.003042281065914476,0.29697671244961354,-0.003049428556660627,0.205968260375546,0.07556945623740682,-0.0013368189594029634,0.22664866283428753,0.2565298082435789,0.1235510088439156,0.3598826166406319,0.3190056921829244,-0.0013977069274277443,0.021189633954908582,-0.0030602948992910495,0.5805621686737787,0.12359422625833227,0.04308352451025099,0.08539661940228241,0.13772786732322567,0.34070689961925615,0.08433108094425687,0.23089047603048407,0.1235700735771872,-0.0030531474731447794,0.12372771744289088,-0.0030137528112931244,0.12355772908576534,0.039489355712780366,0.1235700735771872,0.1235700735771872,0.14150873416196033,0.0772837026227918,0.011900332266242597,0.22261317683536114,0.01936286786204844,0.1264841626375454,0.1235846388763745,0.12328809766064247,0.1230672871043594,0.006448511359819942,0.36950006292570814,0.20629705715034163,0.018166653791465037,0.32448593805248727,0.2703184724306646,0.012585440947163018,0.16388052628039113,0.12517687760801308,0.5878085146373635,0.12370315363589564,0.37055711728633495,0.13006917568458493,0.17297824566092831,0.08886765423848207,0.09435372222718416,0.12356059534542134,0.12901687403004508,0.1230489301704715,0.10970631220443433,0.36509331500062087,0.1235700735771872,0.1235703326548436,0.20843343972073197,0.22519940827285587,0.12349681932203804,0.33889409183639735,0.1235700735771872,0.2703075312404479,0.33356366645319013,0.1292722433871169,-0.003042281065914476,0.11318753695404127,0.006408985534196832,0.410276016789415,0.12357966069131278,0.09085954031779411,-0.0030602948992910495,0.1235703326548436,0.005973811089257763,0.005973811089257763,0.1307610236331493,0.1656115624569391,-0.003053004394237002,0.16475361418787884,0.09379325449688952,0.08878206599281316,0.010943397117140097,0.041397620966677984,0.018500835439655916,-0.0015294118478298424,0.36619238158914025,-0.0030602948992910495,0.23947587848653415,0.1235703326548436,0.1235700735771872,0.19591121110549162,0.005113380709455717,0.10381301917342708,0.016783066478711806,0.004913547110238725,0.01891436860630019,0.12357966069131278,0.12367753889100705,0.12928144325259538,-0.0030602948992910495,0.17298530385021207,0.004822594397755953,0.1729504372300355,-0.003049428556660627,0.1387501621162147,0.30882094572055113,0.1235574699310625,0.22480841188499037,0.30372535859698413,0.28602180153361123,0.0019758291890519253,0.1235700735771872,0.3344895699583932,0.12357966069131278,0.007590973918564781,0.1235700735771872,0.20534631210753188,0.17907303131695812,0.1264748362905137,0.1235703326548436,0.2726485884513868,0.07148271242678199,0.24481782187066053,0.17297824566092831,0.008089763335365874,0.31131802489999744,0.12293842509480221,0.17157717705068154,0.08549513293905842,0.08414329158585176,0.12356074552864955,0.08716900065731187,0.1235703326548436,0.039904622116257366,0.12918238752202638,0.10731910705458494,0.20480630707886738,0.12659915779303554,0.21380043176851066,0.18115735223866503,0.008804551382387116,0.3517316662980938,0.23103422712083527,0.12357966069131278,0.17167843763526164,0.08448914757316939,0.23869195833657486,0.6043247241289773,0.3633833212080134,0.1757836290742938,0.2251888631884748,0.1434605987127698,0.19073020342245228,-0.0029360170191861656,0.10209677272305534,0.01891436860630019,0.13060031366533517,0.14353949825585405,0.1313258855672842,0.23105486640811068,0.23070261494771876,0.19935050697490317,0.1901228973618122,0.1235703326548436,0.12356074552864955,0.07609937305651049,0.005235090841718748,0.39305486634993037,0.1235700735771872,0.12357966069131278,0.1235703326548436,0.12487825827981351,0.14378122121911863,0.12507535149112553,0.1521476586959512,0.20582757720774658,0.004824461780787437,-0.003042281065914476,0.12350558407420127,0.1333296514699707,0.1235700735771872,0.036655358981008135,0.004827794671347585,0.1235703326548436,0.12964934441283515,0.09591662275384485,0.1235703326548436,0.13775250005700224,0.0063746003731555145,0.10223567962359018,-0.0030602948992910495,-0.003042281065914476,0.1308207840637146,0.06295639838263753,0.34934855029647,0.1234959987038747,0.16466209913569546,0.08425673581967719,0.08425673581967719,0.08616067636336594,0.15683630500624202,0.12356074552864955,0.17157717705068154,0.018989930500836694,0.12356074552864955,0.08816104640195788,0.5519064675024971,0.22481760181889798,-0.0009035975525604756,0.4656151225869403,0.3414660305376588,0.13055867333909954,0.23171317826967303,0.012446318820878044,0.17297824566092831,0.41197281403768926,0.12645549223381347,-0.0025571249328540935,0.36806791069482325,0.3349964641131675,0.1434605987127698,0.12356074552864955,0.09620290407357668,0.08943705534444793,0.2288016259738439,0.3126920582476106,0.08713220906568309,0.13449002415850692,0.23467837089085988,0.005975209193202213,0.12362082852669537,0.12303206416832062,0.04102946222409384,0.011600241616650353,-0.001310355352432735,0.1235703326548436,0.12357271236344798,-0.003020502994524832
chr3:45995824:45995825:NM_024513:FYCO1,0.46435310517251926,0.46717652842630886,0.13314262700263355,0.3552321350692971,0.04887230266361617,0.6128138009693855,0.24204683826364282,0.11475576223110473,0.7928336884106487,0.1754645047059007,0.23661943214244577,0.3552600478275695,0.11464630743581739,0.10190354616372019,0.3550316373541469,0.07447530524534243,0.3552321350692971,0.14438474101959473,0.041598348338674374,-0.003115244507524817,0.05908498865627346,0.35522687471736863,-0.003097359143090367,0.07344033370318673,0.3550316373541469,-0.003115244507524817,-0.003097359143090367,-0.003097359143090367,-0.0030925142772929848,0.24518074609499366,0.09905975021230343,0.7196818472042356,0.5875218251457935,0.4656722426000205,0.3745028320737316,0.24675025822649854,-0.003097359143090367,0.3550316373541469,0.05929195456987388,0.13312003216937834,0.3550316373541469,0.3550316373541469,0.028217819021311763,-0.003097359143090367,0.45520997716951894,0.3615611854007442,-0.003097359143090367,-0.003097359143090367,-0.003097359143090367,0.3810990973192605,0.005030346966976296,0.3564323863477572,0.2366144320442509,0.004536460753970822,0.35569351313722714,-0.0030925142772929848,0.35790054204865995,0.3550316373541469,0.1481775873546853,0.3550316373541469,0.005030217974389628,0.11221640582604922,0.13185021962900537,0.06858969361803399,0.6750335456815321,0.3550316373541469,-0.003097359143090367,0.49694037408588254,0.12384676842372289,0.00045363431823872147,-0.003097359143090367,0.06861683703956842,0.3544445544294837,-0.003091000337559935,-0.003087591599341355,0.08983768459717559,0.14814987585806827,-0.003091000337559935,-0.0029390419856741845,0.3550660306768988,-0.0034750989824019474,-0.003097359143090367,0.3550316373541469,0.3557599351840286,-0.0008050537315775763,0.3550316373541469,0.3550316373541469,0.47104614197214234,-0.003097359143090367,0.510669018935327,0.0532517512987018,0.0027545252435679235,-0.003097359143090367,0.3550345738652684,0.1369021622800895,-0.003097359143090367,0.14462278604903545,0.5497654210176196,0.04153121034678178,0.13310710078485974,-0.003091000337559935,0.00044931834478117993,0.21977648091187163,0.3550316373541469,0.3943782285823237,0.6292097821399325,0.02984072653169531,0.5689578597663014,0.13860549063372837,0.1444991505168477,0.14002437347205973,0.055841574393413,0.3550316373541469,0.35502238386658685,0.3555745279395782,0.0486460290808019,0.7840335072860514,0.3550316373541469,0.3551220689659328,0.06495944723783778,0.3550316373541469,-0.0034750989824019474,0.1921856975498069,0.3550316373541469,0.00045470465492949974,0.2694615223160371,-0.003097359143090367,-0.003097359143090367,0.004491697361979324,-0.003097359143090367,0.37742803656315504,0.3550316373541469,0.004482138909177202,0.15568721519066647,0.3550316373541469,0.3550316373541469,0.3550316373541469,0.45626535241327876,0.35912811762420493,0.3550316373541469,0.7301313418672287,0.3550714067252655,0.3578780255560309,-0.003097687202665289,0.05952308300230763,-0.003097359143090367,0.133280307463933,0.39462855336715,-0.003097359143090367,0.3840242918741619,-0.003097359143090367,0.3550316373541469,0.004561745065965794,-0.0007945159625025178,0.1407612023165593,0.025585381234949744,0.3550316373541469,-0.003081051472228896,0.35556567818364115,-0.003097359143090367,0.3550316373541469,0.004536792808870566,0.004536460753970822,0.3550333787091448,-0.003097359143090367,-0.002970496430056452,0.3552321350692971,0.4209615409229148,0.3550316373541469,0.35524022474690453,0.31462308972078123,0.08486286798521642,-0.0030984628790741986,0.3550316373541469,0.14939704431204737,0.3550316373541469,-0.003097687202665289,0.3550316373541469,0.8555879742470432,0.36043370911854045,0.3550316373541469,0.3550316373541469,0.35527084021165467,0.07678517496463338,0.35519716813673097,0.004536460753970822,0.3550316373541469,0.35525379151675435,0.551728232303702,-0.003097359143090367,0.05584177019943726,-0.0029454031871927744,-0.003097359143090367,-0.003097359143090367,0.3438065757664536,0.05926496571226289,0.3550316373541469,0.8561940178549372,0.3667847625540004,0.3599348810267977,0.09084161896406201,-0.003097359143090367,-0.003097359143090367,0.14891466689762145,-0.0021640591097662754,0.3550316373541469,0.42524320827061435,0.004464084649582367,0.3771100319805586,0.7331463139201848,0.35510520469788787,0.1317510868070192,0.1929863911185708,0.3550316373541469,0.004536460753970822,-0.003097359143090367,0.05405419937168518,-0.003081051472228896,0.35520601809868346,0.35669387479830206,0.16744960670594952,0.35509723638039786,-0.0031027547237799658,0.43342755230907215,0.31601892066902637,0.3550316373541469,-0.0030925142772929848,-0.0021640591097662754,0.33634594062846623,0.5904770818763725,-0.003097359143090367,0.3550316373541469,-0.003097359143090367,0.028217819021311763,0.15780540175593924,0.13313544242997064,0.4886522474774654,0.004536460753970822,0.13546552596815695,0.3550316373541469,0.3550316373541469,0.3550316373541469,0.3550316373541469,0.05404342385578553,0.3550316373541469,0.3552321350692971,0.5231217498003138,-0.003097359143090367,0.3550316373541469,0.40358621217770774,0.14176191278348246,0.3618136248901313,-0.0017226411989990364,-0.0034750989824019474,0.3636018518998502,0.01405775321672692,0.06852646195367962,0.3550316373541469,0.35436343915840823,-0.003097359143090367,-0.003097359143090367,0.057176313827353664,0.03243209442591377,-0.001916108440873282,-0.003097359143090367,-0.0030326711221815017,0.3553151529658195,0.3559795707160654,0.3055606370381607,0.5045087186086186,0.15598780869314843,0.14449403531573785,0.1489079586018947,0.3550316373541469,0.3552961017663081,-0.003097359143090367,-0.003097359143090367,0.41624217668508556,0.35669387479830206,0.0741810932238538,0.35511107706835554,0.42497887292684966,0.355040482691772,-0.003097359143090367,-0.0022251527671002247,-0.0028775476524523225,0.5492725150944647,0.13313544242997064,0.343342939614924,-0.0030966024734756237,0.47152991720463,0.36555267059521646,0.3550316373541469,-0.003097359143090367,-0.0028449315015427468,0.15543578373440708,0.05590838792324446,0.3550316373541469,0.18173341697861126,-0.003097359143090367
chr3:46566550:46566551:NM_024512:LRRC2,0.4611194523864868,0.11932580531967013,0.11949916640583402,0.0006894786705418099,0.1170512641564701,0.08448220463205575,0.0689081549509416,0.0955664979879487,0.01172643150496161,0.10758270890818955,0.11676718096241118,0.32648780423786145,0.4711410116454118,0.476051274159745,0.0006894786705418099,0.10662023257017506,0.0009810579551513543,0.47664160869961886,0.3669023562683932,0.109029471151593,0.00915788054619765,0.10632646722850947,0.10665801594153873,0.3284553041173429,0.0006894786705418099,0.12002730039366899,0.0006894786705418099,0.10611900030288862,0.10891340734081967,0.21979551399735464,0.46211333012472666,0.09547921615567562,0.11986173249127136,0.011292807016385131,0.10345212042004243,0.9759368072972103,0.0006894786705418099,0.0006894786705418099,0.016068115262105664,0.343444980462961,0.0006894786705418099,0.3279839187467839,0.24548778265745508,0.10611900030288862,0.11231275449285644,0.0034053405317015506,0.0006894786705418099,0.11681048843203884,0.0006924344747542555,0.0006766317993681104,0.0044317105485880415,0.3277589145226509,0.11676718096241118,0.0006894786705418099,0.3106569011698219,0.10891340734081967,0.32797351975768446,0.3279839187467839,0.0012722614852862524,0.7858283755036,0.006225192636630683,0.0006894786705418099,-0.0027858832442219095,0.015160163967797846,0.47620697398615486,0.0006894786705418099,0.0006894786705418099,0.011414022035325211,-0.0031120007233257363,0.0006894786705418099,0.0006894786705418099,0.10661813352025251,0.7705585543521625,0.0006964100486281377,0.4470618018933772,0.0009415960081301522,0.0012722614852862524,0.004185465750315698,0.0016366389778543766,0.0006894786705418099,0.00044687630712192394,0.0006894786705418099,0.327704458291608,0.32761152936506777,0.016506241253478326,0.3106206198514581,0.0006894786705418099,0.45962894542583155,0.0006894786705418099,0.32768941957775705,0.005913139907026299,0.015680703172837984,-0.02439799459844111,0.0006924344747542555,0.3272943294591298,0.7917868167706019,0.33193914840026423,0.1077085797121245,0.0007236685166155388,0.33193914840026423,0.0006894786705418099,0.08878017684364514,0.1060864640023837,0.3279839187467839,0.3130683622941129,0.10964216349742406,0.0005111469325108087,0.09519001190759546,0.33436804313343976,0.0006894786705418099,0.41742657120150306,0.01026125253001553,0.0006894786705418099,0.33489571687679215,0.34092056321292113,0.10213816019299737,0.4469566396418915,0.3279839187467839,0.000543364959681103,0.10485548195134842,0.0006894786705418099,0.3277589145226509,0.37378991007083906,0.0006252556824686284,0.004008148022373037,0.11238000198501213,0.0006894786705418099,0.3279702809881235,0.0012308233585984762,0.0006894786705418099,0.02661381563211368,0.08508364202619917,0.01493186332698715,0.0036152464974429366,0.0006894786705418099,0.3350587331721291,0.3350587331721291,0.3363858139370117,-0.01549249794545593,0.0006894786705418099,0.7912995253171158,0.4513868710320026,0.009275478952671001,0.01941445363219968,0.028160618772898716,0.0006894786705418099,0.0006894786705418099,0.0065202619746426715,0.0006894786705418099,0.008825422567887653,0.00044687630712192394,0.0006894786705418099,0.44190119462563604,0.0006894786705418099,0.08451850583199261,0.10213497663866983,0.3278849198575498,0.000595927868713042,0.3277452526022091,0.007311202477609691,0.0006894786705418099,0.0006894786705418099,0.0006894786705418099,0.0006894786705418099,0.0006894786705418099,0.0009861222951476067,0.3516068695261468,0.4471022110113432,0.3203534198021021,0.3279685969530874,0.10607913753942183,0.08950729600540974,0.005384656162886858,0.0006894786705418099,0.1888514231668198,0.0006894786705418099,0.004237131229050062,0.0006894786705418099,-0.0038759464032945834,0.33728239849230723,0.32144457756132755,0.0006894786705418099,0.34040988011868767,0.0889312260623889,0.08500534395000359,0.0006894786705418099,0.3276752692460954,0.0018505744229710408,-0.00791270030232516,0.0006894786705418099,0.009891572113659486,-0.0030868583226327795,-0.0127597836191235,0.0006894786705418099,0.3277628847031921,0.028160618772898716,0.3281045083472846,-0.014744193225603996,0.43657906741690566,0.00024017372404583348,0.4719954262524322,0.0006894786705418099,0.32580102112046894,0.10682342936969907,0.00036432614614528847,0.0006894786705418099,0.3158480926518228,0.020693761007360534,0.008066323086087956,0.6189123119135321,0.11783990787045612,0.3272943294591298,0.00412527821782005,0.3278082673128718,0.0006894786705418099,0.0006894786705418099,0.010002341939979342,0.000595927868713042,0.35591287418956663,0.3103025483217905,0.32465621023937646,0.08870174868639963,0.10205911677048618,0.447582305091505,0.10951855151518042,0.0006894786705418099,0.0006894786705418099,0.0003945417278396479,-0.004897939974769949,0.7733979393057139,0.0006894786705418099,0.0006894786705418099,0.0006894786705418099,0.08506059406682154,0.33693407534355707,0.10216734172493619,0.4640010931819524,0.004834378936935557,0.004834378936935557,0.3279702809881235,0.3276752692460954,0.0006252556824686284,0.08508364202619917,0.021338214227064944,0.0006894786705418099,0.0006252556824686284,-0.002968594302035943,0.0006894786705418099,0.0006894786705418099,0.6397865029308593,0.007032116994929782,0.3277452526022091,0.007160103455438438,0.3277589145226509,0.34071200152752257,0.022043347376482503,0.10728684718625953,0.08485915889621237,0.000583290576786244,0.016966808778450138,0.016966808778450138,0.00039477711248980807,-0.0005271852135833033,0.0006894786705418099,0.0006894786705418099,0.006769629605858196,0.3279226211264142,0.3138946760464377,0.12176339649720291,0.003964852599549429,0.004083144653352744,0.004008148022373037,0.0012659428238508408,0.3410654252977374,0.2380632909064962,0.0036438667085861853,0.0006894786705418099,0.09086753399821956,0.31029905126388646,0.014014711922869072,0.0028286313373654948,0.441391616228651,0.3279003562734348,0.0006894786705418099,0.0003938501145161477,0.072757539629349,0.33193914840026423,0.0006894786705418099,0.32742745120425776,-0.009835846174351404,0.04753786306539376,0.3279839187467839,0.08500534395000359,0.0034060180760767667,0.0006894786705418099,0.33204260519856904,0.0003949013029266868,0.08508364202619917,0.08508693436037018,0.0006894786705418099
chr3:46677409:46677410:NM_182775:ALS2CL,-0.003958925752215403,0.08466331125158,0.07790562025776687,0.2282334093271413,0.18534865130189843,0.01599405141551785,-0.0029175021783280075,-0.004272201629996336,0.016636568971026777,-0.004272201629996336,0.1826003066923721,0.40722558665496206,0.031865910080749404,0.014079556946211935,-0.003958925752215403,-0.003958925752215403,0.24829081548133042,0.5649062343587974,-0.003946015838128314,0.06951916878029923,0.01685485446594462,0.12529722718017916,-0.003958925752215403,0.08538250938359854,-0.003958925752215403,0.06951916878029923,0.1966090936249052,-0.003958925752215403,0.06951916878029923,0.0541082068601052,0.08291391371165568,0.4788804410647889,0.07790562025776687,-0.003958925752215403,0.16414957945611286,0.015122160699919729,-0.003958925752215403,0.18534865130189843,-0.002047560025507794,0.015210074031418663,0.18534865130189843,0.18534865130189843,0.05890195807088555,-0.003958925752215403,0.06978433081262764,0.1261734822761515,-0.003958925752215403,0.06871248686560305,0.027575445368826945,0.05166051820433337,-0.006158157038517409,-0.0029175021783280075,0.1826003066923721,-0.003958925752215403,0.21119550824748046,-0.003958925752215403,0.7878866223877916,0.19674579252035862,0.05302884120652562,0.23368280747708559,-0.004616241495642687,-0.003958925752215403,0.08380215435059946,0.4198968987678433,-0.0011419755816506894,-0.003958925752215403,-0.003958925752215403,0.015343429714302581,-0.003958925752215403,0.04101967889219149,-0.003958925752215403,0.05173620200706741,0.19799168384267385,0.24015491599289757,0.05173620200706741,0.20235911035903753,0.05302884120652562,0.46029886683568905,0.09728490456532912,-0.003958925752215403,0.19785435961712078,-0.003813148029132879,-0.0029175021783280075,0.18549183598927405,-0.003954707452823114,0.1995997723631866,0.18534865130189843,0.5502215617752454,-0.003958925752215403,0.31430584944082907,-0.003958925752215403,-0.003954707452823114,-0.0029175580522722844,0.02471688006804787,-0.0029175021783280075,0.005970971478355985,-0.01885184487467309,0.10469994093216783,0.14198707733260818,-0.01885184487467309,-0.003958925752215403,0.04101967889219149,0.05354430034252283,0.18534865130189843,0.19186024053763623,0.07182351277096793,0.09960504640039641,-0.0029175021783280075,0.2322832892769185,-0.003958925752215403,-0.0029175021783280075,0.04225696220978775,0.18534865130189843,0.013022570664206479,-0.0039147972214708116,0.08284802879265901,0.006694384569424061,0.18534865130189843,-0.003958925752215403,0.044653321375873856,0.18534865130189843,0.19227930596654846,0.06976034610038673,0.18534865130189843,0.04101967889219149,0.08909124254134732,-0.003958925752215403,0.18534865130189843,0.049885181633660236,0.013268510370288061,0.10366183823352332,0.18534865130189843,0.040592718095246505,0.007818124246130792,-0.003958925752215403,0.2047432407310265,0.2047432407310265,-0.002914102271563329,0.16607817939073027,0.013022570664206479,0.10888854452049967,0.015405773377549808,0.19766021853472088,-0.0037931642809125588,-0.003954707452823114,-0.003958925752215403,-0.003958925752215403,0.08779360035860834,-0.003958925752215403,0.40822038440456593,-0.0029175021783280075,-0.003958925752215403,0.014127126759204411,0.05173620200706741,-0.02372395467720098,0.0535655906387672,0.006427869514145007,-0.0029247465839593034,-0.0029175021783280075,-0.0029175021783280075,0.18534865130189843,0.05173620200706741,-0.003958925752215403,-0.003958925752215403,-0.003958925752215403,0.005581734689649176,0.2992112930115732,0.015185075315888918,0.18690519590019167,0.1984768137259556,-0.003958925752215403,0.015405773377549808,-0.0012507055872615358,0.18534865130189843,0.12030996541199174,-0.003958925752215403,-0.0038925690414496894,0.18534865130189843,0.049311057884354054,0.29047758533825097,-0.0029175580522722844,0.19674579252035862,0.3138949567128614,0.015405773377549808,-0.003958925752215403,-0.003958925752215403,0.18656112041611966,-0.003959414555199325,0.20772249273009913,-0.003958925752215403,0.04131549647620622,-0.003958295378776705,-0.003958983803358629,-0.003958925752215403,0.29785854850713916,-0.003954707452823114,-0.003958925752215403,-0.006410320111434914,0.27675529714198205,0.3250399676109573,0.01603273076715417,-0.003958925752215403,0.012350611305856518,0.05302884120652562,0.10196292955783698,-0.003958925752215403,-0.003228621717359409,0.042720259565457275,0.02129736497527107,0.39386902697733206,0.1261021466826836,0.08504605043389654,0.2996420573590386,0.1852932673424631,-0.003958925752215403,-0.003958925752215403,-0.003958925752215403,-0.0029247465839593034,0.035547894629817056,0.33639454555317067,-0.00021911962859552658,0.05173620200706741,-0.003958925752215403,-0.0034579698803220704,0.05166051820433337,-0.003958925752215403,-0.003958925752215403,0.07850515819904441,0.013232863907753134,0.23278744987582428,-0.003958925752215403,0.18534865130189843,-0.003958925752215403,-0.004265156238582202,-0.00026808866517408214,-0.003958925752215403,0.06352041355944038,-0.003946015838128314,-0.01883901275172048,0.19674579252035862,0.2718326948930738,0.18534865130189843,0.18534865130189843,-0.003954707452823114,-0.003958925752215403,-0.003958925752215403,0.13564051550019784,-0.003958925752215403,0.18534865130189843,0.3809022379945816,-0.018339096124540155,0.18656112041611966,-0.0020517974018287033,0.2163000242049043,0.040090259238190734,0.1400059403140963,-0.0038941960572486944,0.18656112041611966,0.014980690429708204,-0.003958925752215403,-0.003958925752215403,-0.003958925752215403,0.14569156498391334,0.18534865130189843,-0.003958925752215403,0.016080846906763008,0.30067268207992026,0.33029189014124766,0.06915107258017272,0.1984768137259556,-0.01849521884403571,-0.003958925752215403,0.05180381194772926,0.1875804860213689,0.06213621046418788,-0.004112840581265875,-0.003958925752215403,0.017354284951122012,0.32663625993829437,-0.003918320362147565,0.10365335435010409,0.03481574484401012,0.18534865130189843,-0.003958925752215403,0.10126375024932288,0.05998690893761699,0.05890195807088555,-0.003958925752215403,0.016018530687501087,0.042665601033683886,-0.003958925752215403,0.013268510370288061,-0.003958925752215403,0.05173868653823871,-0.0039082867521541,-0.01851463369204248,-0.003958925752215403,0.18534865130189843,0.07067544237539705,-0.003958925752215403
chr3:50328238:50328239:NM_007275:TUSC2,0.22128784477147947,0.43357676270234563,0.07101792006005064,0.6028458738022815,0.01245302835265838,0.2719068352206258,0.0015339307744210995,0.025195858934686455,0.39176868310709756,0.26340317333660657,0.10545563819453307,0.06161088626865441,0.18246043247165683,0.1510950461161158,0.5353050286067668,0.001899471197040703,0.6196556043158332,0.4378073846625955,0.128458005521994,0.1303567323810887,0.04007164073023983,0.07335998970155494,0.0012195878678361027,0.4546220311295514,0.2506389483259758,0.1755461192811573,0.23726321422729807,0.07381111062630985,0.20594823395708983,0.08798597759964616,0.1363601463505842,0.6439624752143306,0.10952577560393378,0.011814641876396748,0.07731695499720431,0.21484051942475857,0.0012195878678361027,0.27682403330587335,0.17925888729298173,0.03960926695616085,0.6537994573040109,0.6118473861791852,0.20774198254558462,0.07386301804233181,0.2617540579081251,0.5024057707285707,0.0012195878678361027,0.0742013091124229,0.250004426349081,0.13629510233523928,0.026265598516384214,0.12111917548273415,0.10574249600315316,0.01176511602093866,0.687736703988526,0.0012977250325259537,0.6198763292665447,0.5305343646228111,0.024609437614087182,0.16029877589337083,0.0262386215886658,0.06042720876065871,0.0013273722442645464,0.4947242713397898,0.6719314626316518,0.02487395821128907,0.00123399190999407,0.011814641876396748,0.0016185348246530729,0.04634318854237773,0.0015608552227221462,0.16665181857664713,0.4573995669356058,0.05386065285507413,0.3961513423593842,0.057467585571529034,0.11462366352742182,0.049942882895092244,0.19180308267794832,0.18698343429226894,0.3814223550799537,0.0012195878678361027,0.018398367740605825,0.5517901147358268,0.17925888729298173,0.6311787464053591,0.2675619343384632,0.43334847823556943,0.0012195878678361027,0.16939647066517893,0.29090892773940524,0.07401660806997229,0.024573375037011014,0.0685400784375495,0.04480824786092796,0.1609098962693516,0.04980708540443701,0.7633934211297111,0.017320475959958004,0.036134744179311395,0.03529055140263121,0.04634318854237773,0.08269594569762229,0.045149269155924265,0.592950689913695,0.2686664912297838,0.06919403026828969,0.7008309333758189,0.14204127823065205,0.0012195878678361027,0.1390667488565267,0.02721809829276367,0.6596788364170848,0.12474771033873844,0.06833659954289062,0.03509756070912812,0.4413739833726791,0.5936840954518099,0.1631567316231582,0.03391552273188175,0.13520590194580628,0.6640513858234904,0.18323317405990325,0.10752798738144681,0.12134742987942082,0.24978603639451863,0.011329646423789863,0.1399775955665138,0.012253174034596692,0.10770795092625485,0.4488173638387247,0.5327954851367795,0.012424752310341514,0.001877848198029497,0.2380017631054037,0.5166412487443575,0.5166412487443575,0.0014557739498668454,0.4392948204894444,0.2648246144681331,0.6405602774365137,0.7684166449961157,0.0488831738674117,0.01703248187947004,0.1792716313832543,0.0012195878678361027,0.03529878944823184,0.5199543345000701,0.010651274681804934,0.34558778147761543,0.17205120440362798,0.25795400318588724,0.04801203410418209,0.07475194849009836,0.10367987057803896,0.06932608895216191,0.4908235381009165,0.03533603802297669,0.4238381700655335,0.046999286319116595,0.5102666546594954,0.03503560076407136,0.0012195878678361027,0.13546196933482296,0.0012195878678361027,0.1063611908003726,0.6021531329574114,0.5956616518121564,0.6159047821128186,0.3262971504268625,0.014431404301192774,0.05353083399352743,0.0012195878678361027,0.14058867967947153,0.5498652687032862,0.257964399967228,0.01703248187947004,0.24086106470945137,0.320683324052706,0.5237334073990676,0.024742131014119095,0.5915774468034332,0.40229639767303704,0.16490185327394652,0.1710508763087077,0.0012195878678361027,0.044391019433350776,0.005568656948445827,0.45657043988880536,0.0012195878678361027,0.016594717656105262,0.002324615371326555,0.0014557739498668454,0.0012195878678361027,0.4324858614069733,0.4959847069793266,0.5920522855711223,0.2825259912652833,0.11615349147843657,0.2484703338857422,0.1308112349047586,0.0012195878678361027,0.013660427271669828,0.09299768448989543,0.15842251835011756,0.17959770503872685,0.13025484838251694,0.012735144965330902,0.30724427581747454,0.322687663457857,0.515605822173613,0.07368130161831354,0.09604669639817826,0.608665168843298,0.0012195878678361027,0.43936113283552913,0.11089076485903321,0.03533603802297669,0.0485113221137512,0.28100247828771363,0.093743221164023,0.33800821979957607,0.002245810811876081,0.4166037335978774,0.2696621128943375,0.10056789418474993,0.3959531789880648,0.12401054819190743,0.024532531298525284,0.9008112392274792,0.02442028488121295,0.4347700447188875,0.09512068506997723,0.17600525499826997,0.05973565324429969,0.013634128598729922,0.6530719795344059,0.013646001855327827,0.09671271932099645,0.5305343646228111,0.6059702223481395,0.5920222344934193,0.5492102911493117,0.494683824780654,0.17882452159050471,0.1490952546843647,0.5938955763898411,0.0012195878678361027,0.6598841913152332,0.695844540234052,0.09372558591795965,0.16465227694194112,0.018133928842643587,0.5602439149846022,0.5925929760297006,0.27275169968032253,0.03622220632795142,0.6598841913152332,0.6006483619739728,0.0012977250325259537,0.0012977250325259537,0.07376414718852425,0.11077762920017353,0.016745969730696753,0.0012195878678361027,0.2507674494730701,0.0741295341541569,0.6041862175843337,0.44067145445857825,0.39956499388738065,0.036134744179311395,0.058882126796115486,0.11449193951981901,0.592980786215178,0.05327808799478245,0.0016534898718154611,0.0012195878678361027,0.05992493823012762,0.14291394519717388,0.0012195878678361027,0.4489505744407626,0.2466493342001076,0.5144100480955742,0.0012195878678361027,0.310336207470049,0.07483345505287314,0.28771062345513965,0.0012195878678361027,0.31872698973799796,0.21375187636968976,0.350169331277096,0.07213236614619373,0.4415202535094356,0.012117684546446628,0.3225738424557455,0.036146732534332815,0.036944924697120685,0.6609500263049557,0.03235342312823247,0.0012195878678361027
chr3:55481398:55481399:NM_001256105:WNT5A,0.11968164601331321,0.28431548200301593,-0.0015705851919602942,0.11578533407820735,0.00983843475785473,0.3631853084960326,0.022816462963436313,0.03680754207953696,0.16024099058340635,0.009108573256663477,-0.0016183375357864405,0.21364308605283744,0.1177291386541901,0.13558286318659463,0.2093379966916677,0.03680754207953696,0.15772733168112785,0.37465214817413006,-0.0016183375357864405,-0.0016183375357864405,0.011845953684720634,0.1466032821594525,0.035355623750932375,0.04126320833007324,0.03017048897072605,-0.0016183375357864405,0.13227661377029032,0.07807407541048905,-0.0016183375357864405,-0.0016183375357864405,0.05759614279111147,0.05647401109356709,0.13044231237042736,0.054899958020216966,0.11294670417182862,0.0014698514687121467,-0.0016183375357864405,-0.0016183375357864405,-0.0016183375357864405,0.09904016299745533,0.367596595793025,0.15684001355672095,-0.0015867405818407176,0.028000178518912566,0.10706487977322476,-0.0009238520712003817,-0.0016183375357864405,0.0038019395917967547,0.09313245275907422,0.00941775069744899,0.12305094163284569,-0.0016183375357864405,-0.0016183375357864405,-0.0016183375357864405,0.18815078377424643,-0.0016183375357864405,0.24160914997758937,-0.0016183375357864405,0.061871756085219665,0.13561794996093657,0.07803200442975122,0.03983752339192159,0.05796869249158376,0.0025425709494472093,0.12129536969432653,0.10329690553236093,-0.0016183375357864405,0.2332496851308996,-0.00014248458211252313,-0.0016183375357864405,-0.0016183375357864405,0.04408058807864956,0.0006187983247785134,0.05735344842680801,0.009408004111446489,0.011143366265625287,0.061871756085219665,-0.0016070448369522872,0.05127640424905433,-0.0016183375357864405,-0.0016183375357864405,0.11473060346584707,-0.0016183375357864405,0.3727359114351028,-0.0016181446871227356,0.13227661377029032,-0.0016183375357864405,0.02352231876101396,-0.0016183375357864405,-0.0016133481451388043,-0.0016183375357864405,-0.0016183375357864405,0.09335674441957686,-0.0016183375357864405,-0.0012858067729570877,0.00530512429814034,0.0944532002147912,0.033299091096992695,0.03793340064748052,-0.0006255135880974816,-0.0016183375357864405,-0.0016183375357864405,0.0577001608963168,-0.0016183375357864405,-0.0016183375357864405,0.10998023790355171,-0.0015600143395838595,0.027362343823929214,0.026452261671317756,-0.0016183375357864405,-0.0012870525919925768,0.01210895918304189,0.28275157662012973,-0.0016183375357864405,-0.000867276905668124,-0.0015852528047597403,0.10075692983052498,0.21364308605283744,0.1323048934135187,0.14608993120959046,-0.0016183375357864405,0.46982999213205134,0.04933821429148966,-0.0016183375357864405,-0.0016183375357864405,0.14042942880791087,-0.0016183375357864405,0.057856646808320145,0.09431057963023681,-0.0015950107876993025,0.0011370843152925802,-0.0016183375357864405,0.1397722426206705,-0.0008839700819152085,-0.0016183375357864405,-0.0016183375357864405,-0.0016183375357864405,0.012873326638060956,0.05749664800066334,0.0006187983247785134,0.009668014487310472,0.00648587282951707,-0.0016102242808303524,-0.0016499425450415828,-0.0016183015697039949,0.07248488052938062,-0.0015950107876993025,-0.0016183375357864405,-0.0016183375357864405,0.0045304204593051844,-0.001614086411062421,0.13227661377029032,-0.0012870525919925768,-0.0016133481451388043,0.026352084482266003,0.05737538563028299,-0.0015269348555444484,-0.0016113086077053085,-0.0016183375357864405,-0.0016183375357864405,-0.0016183375357864405,-0.0012870525919925768,-0.0016183375357864405,-0.0012870525919925768,-0.0016183375357864405,-0.0016133481451388043,0.05089496304710628,0.1603483260138321,-0.0016060068860622723,0.13227661377029032,0.08113248146555285,0.07549122066841929,-0.0006781769254449177,-0.0016183375357864405,0.12722050946487506,0.26405049252591795,-0.0013423342466621913,-0.0016183375357864405,-0.0016183375357864405,-0.0013301793350255497,0.0933472515087459,-0.0016183375357864405,0.18436051523667346,0.0003244949623932847,-0.0013290448958227508,-0.0016183375357864405,-0.0016060068860622723,0.029059482630393263,0.053942288038884345,-0.0016183375357864405,0.01210895918304189,-0.0016183375357864405,-0.0016183375357864405,-0.0016183375357864405,0.13341763759694203,-0.0016183375357864405,0.13263421774490836,0.0994828811615216,0.04100166744274092,-0.0015943034769675402,0.03415965307169988,-0.0016183375357864405,0.09335674441957686,0.07158755239298376,0.09894857143925528,-0.0016183375357864405,0.005641729404355145,0.10611482183079202,-0.0014033264226980258,0.10543828377155107,-0.00139836600812282,-0.0006113164020390416,-0.0005947974853076632,0.11594069591327838,-0.0016183375357864405,-0.0016183375357864405,0.01211527389560374,-0.0016045193539430125,0.13628593714047943,-0.0015943034769675402,0.042035443144544105,0.03830923686139176,0.038284997622728856,0.19262628904445456,0.14020037609954972,-0.0016183375357864405,-0.0016183375357864405,0.09468391380865315,-0.0015872082052771352,0.3529284694364798,-0.0016183375357864405,0.36804475658594316,-0.0016181446871227356,0.05800012347706507,0.0035714785909548574,-0.0016183375357864405,0.011155964011277941,-0.0009388940974892623,-0.0006223259333383302,0.057856646808320145,0.22055802672361857,0.0994828811615216,0.21404842140583324,-0.0016183375357864405,0.13006773304803665,0.1322781505070676,0.13980624515794804,-0.0016183375357864405,0.21364308605283744,0.14920949908175551,-0.0005868920130099875,0.13227661377029032,-0.0016183375357864405,0.13227661377029032,0.3679913823554242,0.35170550419955315,0.03833653479115717,0.21364308605283744,0.03470423087120933,-0.0016183375357864405,-0.0016183375357864405,-0.0012858067729570877,0.0010918189754519636,-0.0016183375357864405,-0.0016183375357864405,0.007712338574825672,0.13227661377029032,0.34568595705074157,0.10935189806713774,0.13227661377029032,-0.0006255135880974816,-0.0016183375357864405,-0.0016183375357864405,-0.0016183375357864405,0.0038066274783167264,-0.0013111120827844491,-0.0016183375357864405,0.17728002952003274,-0.0015943034769675402,0.006888844551693918,-0.0008712266586736739,0.3875674926558247,0.09349296679280672,-0.0016183375357864405,0.10120532188260212,-0.0016183375357864405,-0.0016183375357864405,-0.0016183375357864405,0.027998506021062908,-0.0016183375357864405,-0.0016183375357864405,0.006888844551693918,-0.0016183375357864405,-0.0016183375357864405,0.13024250393096187,-0.0013243404455712815,-0.0012858067729570877,0.21364308605283744,0.006759680872264084,-0.0016183375357864405
chr3:64225455:64225456:NM_198859:PRICKLE2,-0.015936223623116252,0.21411795273615497,0.12125152411350415,0.04413225492050393,0.11195509223881023,0.23756344777777416,0.5350372754811732,0.12590594253798193,0.22920531432412253,0.17910902552556274,0.39779150307601524,-0.0601798173173142,0.20327580331713457,0.2193359341572071,0.0005317637173555823,0.12021689152279613,0.04431722325839782,0.32708023553780313,0.5557878847344233,0.09559499166876734,0.0005364393145315116,0.16736043961701347,0.22588780673586373,0.6060222992490578,0.021272011649883238,0.12048857045232331,0.0005317637173555823,0.32831686483733347,0.12106559397045019,-0.04558690656870967,-0.0724181820230616,0.6926939392290978,0.19501438535771526,-0.14879022089103894,0.3604016396781134,0.3324881859300133,0.0993640810460164,0.0005317637173555823,0.036659675975300565,0.10011984178318412,0.0005317637173555823,0.07731974697443811,-0.009235069944809937,0.11711658423711513,0.020153883617658908,0.028000625046515626,0.11182867852879552,0.16215915326849678,0.0007891374128506934,0.11759088376524846,0.034287791508541554,0.0005317637173555823,0.39779150307601524,0.11182867852879552,0.011458867250573768,0.0180989948725519,0.0808649196848521,0.0005317637173555823,-0.027024027185303168,0.0005317637173555823,0.03415098698928615,0.0839997997255334,0.046719961129712606,-0.04037203190483296,0.26684803174558314,0.0005317637173555823,0.0005317637173555823,-0.13326620826336338,0.015326764855880581,-0.035529741805311266,0.0005317637173555823,0.0005317637173555823,0.021272011649883238,0.20188234127824173,0.12524250466126424,0.18371304607938427,-0.027024027185303168,0.057257203234439724,0.0005317637173555823,0.021272011649883238,0.0005317637173555823,0.02740287521111412,0.09990678243766427,0.07734081687680311,0.009622094412788162,0.021272011649883238,0.0005317637173555823,0.25767145640783184,0.0993640810460164,-0.044533279466083986,0.0005317637173555823,0.0031622360773800318,0.07732241242589055,0.0005317637173555823,0.49230187310958023,0.011458867250573768,0.031750619781733436,0.6176329268119642,0.027330860086528075,0.033062282254534836,0.13806939762439757,0.16543695771917555,0.04575852250849427,0.07732011285202606,0.09990678243766427,0.012407244109387427,0.019436644955649507,0.32541776149429824,-0.044534592025653796,0.11182867852879552,0.3077689217298165,0.0029003025200729504,0.0005317637173555823,0.023236731813510603,0.07731974697443811,-0.013048094277593347,0.753423202052321,0.011458867250573768,0.001135809607149263,-0.03897754940169407,0.0005317637173555823,0.0005317637173555823,0.5813328020353098,0.0005317637173555823,-0.035529741805311266,-0.01854498352626388,0.003198379222015768,0.0005317637173555823,0.007961910374838677,0.0006888976317177553,0.07984395944256262,0.0005317637173555823,0.020093268937940112,0.005551303123346507,0.0005317637173555823,0.07731974697443811,0.07731974697443811,-0.047805984968473825,0.4987136335792643,0.0005317637173555823,0.583568081201556,0.5579199118790813,0.07732389709473486,0.0005317637173555823,-0.14919455769866385,0.000610964117575441,-0.05133688779152784,0.5293206202745236,0.0005317637173555823,-0.16007962429331124,0.021272011649883238,0.0005317637173555823,0.07753637566833865,0.0012200761954785366,0.016353412868113315,0.01780444039359147,0.009777757283451649,0.3957309947935702,0.011458867250573768,0.0005317637173555823,0.0005317637173555823,-0.04971298798521212,0.11182867852879552,0.0006168690926399156,0.02051454363073374,0.0005317637173555823,-0.0238317363613893,0.2550343211739787,0.021272011649883238,0.07731974697443811,0.21109021809306677,0.3262011363849464,0.0009417056254023559,0.0005317637173555823,0.0007340186466605614,0.0005317637173555823,0.0009417056254023559,0.0005317637173555823,0.0005317637173555823,0.5028527746559566,0.0773693425165688,0.0005317637173555823,0.41246971285730316,0.10293275527132428,0.07731974697443811,0.0993640810460164,0.021274498267644992,0.07733185036568369,0.14595626152334956,0.0993640810460164,0.0005317637173555823,0.0005317637173555823,0.021272011649883238,0.0993640810460164,0.08834705364096979,-0.14122794740222006,0.28955036372054654,0.0005317637173555823,0.6413562425271905,0.009969353484113597,-0.06695701962595507,0.12522967931504725,0.09159050881033698,-0.024154130569139842,0.06503272336005933,0.0005317637173555823,0.4961854538691947,0.017586425152824825,0.011458867250573768,0.12747143874397487,0.10529303079077035,0.18969127000015712,0.005805158020947554,0.13282944331842395,0.11186037291004641,0.0005317637173555823,0.0029003025200729504,0.3957309947935702,0.18944533512765166,0.030218815451085568,0.0422955300238641,0.0005317637173555823,-0.062029077684076894,0.32644521435498003,-0.022988295229360134,0.0005317637173555823,0.023236731813510603,0.1453250605999779,0.0011990972175927594,0.0259793027126331,0.0005317637173555823,0.0005317637173555823,0.0005317637173555823,0.0029708044335415296,0.030490281208007175,0.1032783395241405,-0.1060071965017853,0.0007179748053083301,0.004605766273874878,0.021272011649883238,0.5183443826026254,0.08929004428497317,0.0005317637173555823,0.036657015908032387,0.08919924891193048,0.0006281859582137339,0.5865125929173909,0.0993640810460164,0.0005317637173555823,-0.0241538792409578,0.03254377849393142,0.296173434217161,0.0005317637173555823,0.0005317637173555823,0.01779384749728835,0.0030119499940386985,0.0005317637173555823,0.0005317637173555823,0.022725734167595157,0.0005317637173555823,0.0005317637173555823,0.4729654458953408,0.685432286447922,0.0005317637173555823,0.02051454363073374,0.0903945348540024,0.0005783723687057263,0.021276565186062968,0.2975908416781544,-0.06381912767332493,-0.013335013619466096,0.12674493448342528,-0.11852692616328137,0.0988419865020897,0.013509694066983102,0.0009417056254023559,0.02051454363073374,0.0575331430651172,0.025905225932257303,0.07811208472221465,0.07924536556516049,-0.021058894162756858,0.09339658616041036,0.0005317637173555823,0.07665953267140879,0.34075459677295594,0.3500448860673222,0.12522967931504725,0.20945480424721075,0.0005317637173555823,-0.14455214706253156,0.07926580645442238,0.09990678243766427,0.01717260119341263,0.057258697721903895,0.034558997086333865,0.10437440534268982,0.0005317637173555823,0.011545407576486477,0.0005699467439240768
chr3:69013894:69013895:NM_001278689:EOGT,0.06342516296845052,0.09896068307731237,-0.0022745549340003612,0.49533033310202945,0.07410933896287736,0.10157005721768692,0.016300064644330176,0.033188624787893334,0.07672624487084867,0.0255433955636179,0.06260483845251077,0.037446663421052157,0.4981357023599704,0.06342516296845052,0.4941585225196228,0.00038762150681623253,0.4958268088088512,0.09385113585474317,-0.002740680752232161,-0.0022745549340003612,0.10529771696407436,0.09947459345387497,-0.002740680752232161,0.8154379559525884,0.01217143895917952,-0.0022745549340003612,0.45735509388476836,-0.0022745549340003612,-0.0028271417284811418,0.01799778577328673,0.03809097612569046,0.6007760111453984,0.5082024572849465,0.03424538302791946,0.09947459345387497,0.5252790979379338,-0.0028271417284811418,0.8351731694693464,0.05020982026144516,0.06459697303614748,0.49195792453144704,0.49375287060452444,0.14810675610455343,0.001426485429130292,0.09642565247557414,0.016119129665757764,-0.0028271417284811418,0.06266309787451949,-0.0009146012979668883,-0.0028271417284811418,-0.0018310385336441637,0.49533033310202945,0.08369179549188005,-0.0025460985232062527,0.4922370979569063,-0.002740680752232161,0.45787687207855426,0.4567894089478157,0.2696384297997733,0.4575693079098897,-0.0018297903527922654,0.03376718094381803,0.017531285437171584,0.05693779115993322,0.6071657323078353,0.45758945821659114,-0.0028271417284811418,0.03424538302791946,0.4914476567194395,0.037976277035834144,-0.0027638736698086808,0.058182992810684064,0.49291646874422146,-0.0022745549340003612,0.07410933896287736,-0.014479710506066251,0.2696384297997733,-0.002754952361598867,0.4580394269924746,0.01217143895917952,0.4567894089478157,-0.0029134187375181864,0.017771000285189797,0.5417604067423739,0.048015084345182535,0.49201630435399046,-0.0025326588578556686,0.2461425961960026,-0.0028271417284811418,0.4580910925268065,-0.0022745549340003612,0.03732247415221393,0.4913661953343411,-0.00241606121117513,0.49139899232206574,-0.0028271417284811418,0.01746648699638209,0.6007751849790084,-0.0021880293374014204,-0.00281352353065778,-0.0028271417284811418,0.1502857881169155,0.20124221560672081,0.49367992228607077,0.8194889813891942,0.018902522707984343,0.511038997290334,0.6008370247458544,0.45803510461959396,-0.0028271417284811418,0.5310384443222096,-0.0028271417284811418,0.4942197999036353,0.4935518111647861,0.4930793043781463,0.20049312160854485,0.6070827228214432,0.49195792453144704,0.4567335076894497,0.01980621128418661,0.49285806101284557,0.45741103211768264,0.0871210549456918,0.011830487371547127,0.04869861537602774,0.09611950911346215,-0.0025326588578556686,0.4567894089478157,0.021918170107172286,-0.0028271417284811418,0.5943082633027005,0.49195792453144704,0.1742486799262872,-0.0028271417284811418,-0.0027962764594365586,0.2237402672778383,0.2237402672778383,0.9050930316780441,0.49149516863664694,0.45741103211768264,0.49130785576183067,0.5647063849839646,0.49309193544301694,0.13317561808730588,0.05330973674896691,-0.0028271417284811418,-0.0028271417284811418,0.4931413557816102,-0.002740680752232161,0.060978474041877284,0.45741103211768264,0.4567894089478157,-0.002740680752232161,-0.0022511862553475648,0.02136653441227443,0.2005464019962117,0.45999595816887934,0.03309448553643593,0.49515675364098677,0.4575693079098897,0.4943888658872666,0.4572934698355471,-0.0028271417284811418,0.4567335076894497,-0.0028271417284811418,-0.0025017827776373236,0.4934247545408705,0.5888357638276395,0.49201630435399046,0.4567335076894497,0.05809051074515892,0.11434463223727155,0.21700247740272904,0.4567335076894497,0.017301716988433746,0.4913661953343411,0.16225710242989885,0.49533033310202945,-0.0011569453213457481,0.49281205232140557,0.45771686772817977,0.4924456200745797,0.4968837562622598,0.4567335076894497,0.49226560599664054,-0.0028271417284811418,0.5310681063168117,0.8926720142586402,0.033505827631126944,-0.0028271417284811418,-0.0028271417284811418,0.007571849342272008,0.4567335076894497,-0.0028271417284811418,0.45762523613934647,0.03968975781499576,0.49285806101284557,-0.002694671356030992,-0.0005532826758196663,0.45725807135853763,0.05481691099370514,-0.0028271417284811418,0.4499732961094286,0.24591125375116546,0.24351925833670474,0.4567335076894497,0.8231507463486236,0.07243145490323946,0.016086383413517813,0.45744240745579695,0.5285529199363728,0.49130785576183067,-0.002816865672704172,0.4953444681243844,-0.0025460985232062527,0.4567335076894497,-0.0028271417284811418,0.03309448553643593,0.014486742200715663,0.45735797509478227,0.043060999180995124,-0.0021880293374014204,0.14687385173891582,0.054502697823780755,0.07589429179738283,0.49443399490269857,0.017621749042284723,0.24384679594325528,-0.0028271417284811418,0.017344586950140906,0.011414777665373882,0.4924456200745797,0.4567335076894497,0.4951048288444534,0.017361208364820108,-0.0022745549340003612,0.49537160591941765,-0.002745677563164989,0.017345705880195572,0.4567894089478157,0.49288801788163816,0.49195792453144704,0.49291617494148954,0.04786004854082418,0.49130785576183067,0.4567335076894497,0.5141089949871079,-0.0028271417284811418,0.49195792453144704,0.531345614469884,0.01737630584902161,0.5481258119173261,-0.0027829244128770025,0.4575693079098897,0.4934045614889178,-0.002800433128556712,0.017322122721595584,0.49282960881741267,0.4930899048582179,-0.002750782808832175,-0.002750782808832175,0.49130785576183067,0.10978332541255957,0.49130785576183067,-0.0028271417284811418,0.055728394087688704,0.46702160837348894,0.49390642015554775,0.02135473709762703,0.4567335076894497,0.017980088299423297,0.10508068376597879,0.017322122721595584,0.49201630435399046,-0.0036627197497479114,0.14890224596279933,-0.0028271417284811418,0.4935055228603933,0.49349718326698544,0.0378347200147488,0.4977603222588516,0.4962401891242941,0.4944973595026473,-0.0028271417284811418,0.24378693680134414,-0.002803782363722307,0.5079107689153309,-0.0028271417284811418,0.8154672532280094,-0.0022973988157264924,0.037965865614576905,0.04835020611756444,0.49365348116629,-0.0025460985232062527,0.019196487270932733,-0.00281352353065778,0.49130785576183067,0.49195792453144704,0.49195792453144704,-0.0028271417284811418
chr3:74521140:74521141:NM_020872:CNTN3,0.36007742681147015,0.4962986090253635,0.0005355904006084655,0.0005355904006084655,0.0005355904006084655,0.5119144623297959,0.22425941658902093,0.22378941056566137,0.2330143622147236,0.5359506515718899,0.13233876762604857,0.0033525457303591466,0.19839156108914668,0.3633232287268209,0.0005355904006084655,0.22377305148214166,0.0005355904006084655,0.24621055507773382,0.0005355904006084655,0.0005355904006084655,0.00045628060108926505,0.4064750291997561,0.0005489592900363993,0.0005404812651654822,0.0005355904006084655,0.0005355904006084655,0.0009044955844589309,0.0005489592900363993,0.0005355904006084655,0.0005355904006084655,0.5154500043638869,0.0005355904006084655,0.0005355904006084655,0.22455900163942366,0.36575355004026133,0.0005355904006084655,0.0005355904006084655,0.0005355904006084655,0.0005355904006084655,0.01458182588851309,0.0005355904006084655,0.0005355904006084655,0.0005355904006084655,0.3473823736050984,0.386864370889092,0.004435402390822074,0.0005355904006084655,0.0005355904006084655,0.0005355904006084655,0.0005355904006084655,0.0005355904006084655,0.0005355904006084655,0.13233876762604857,0.0005355904006084655,0.0005355904006084655,0.0005355904006084655,0.0005355904006084655,0.0005355904006084655,0.38667717764153264,0.0005355904006084655,0.0005355904006084655,0.009864866722904764,0.000611854432161052,0.008113777207697459,0.31251116889299013,0.0005355904006084655,0.0005355904006084655,0.2245683014927936,0.000611854432161052,0.13249636582424384,0.0005355904006084655,0.0005355904006084655,0.0009044955844589309,0.0005355904006084655,0.0005355904006084655,0.12031130579685734,0.38667717764153264,0.0005355904006084655,0.0005355904006084655,0.0005355904006084655,0.0009044955844589309,0.0005355904006084655,0.0005355904006084655,0.0009044955844589309,0.0005355904006084655,0.0005355904006084655,0.0005355904006084655,0.0005355904006084655,0.0005355904006084655,0.0005098369437888106,0.0005355904006084655,0.0005355904006084655,0.0009044955844589309,0.0005355904006084655,0.000611854432161052,0.0005355904006084655,0.0006651497092236003,0.0005355904006084655,0.0005355904006084655,0.0005355904006084655,0.0005355904006084655,0.103694712026419,0.10221655665336726,0.0005355904006084655,0.0005355904006084655,0.49821207399641176,0.0005355904006084655,0.0005355904006084655,0.0005098369437888106,0.0005355904006084655,0.0009044955844589309,0.00045628060108926505,0.0005355904006084655,0.0005355904006084655,0.0005355904006084655,0.008201587332596127,0.3633232287268209,0.0005355904006084655,0.0005355904006084655,0.008142863769287856,0.0005355904006084655,0.0009044955844589309,0.4866224921335778,0.0005355904006084655,0.09059399157983583,0.5926346706620556,0.0005355904006084655,0.0005355904006084655,0.23557367219885916,0.0005355904006084655,0.004446219655431238,0.0005355904006084655,0.09754554241766944,0.0010330008835431892,0.0005355904006084655,0.0005355904006084655,0.0005355904006084655,0.001194100398616449,0.0005355904006084655,0.0009044955844589309,0.0009044955844589309,0.0005355904006084655,0.0005355904006084655,0.0005355904006084655,0.13254526706446546,0.0005355904006084655,0.0005355904006084655,0.0005355904006084655,0.0005355904006084655,0.0005355904006084655,0.0009044955844589309,0.0005355904006084655,0.22380173118667313,0.0005355904006084655,0.0009527322531662774,0.008201587332596127,0.0005355904006084655,0.0005355904006084655,0.0009044955844589309,0.0005355904006084655,0.0005355904006084655,0.0005355904006084655,0.0005355904006084655,0.0005355904006084655,0.0005355904006084655,0.0005355904006084655,0.007027274236704684,0.30960436917474077,0.0005355904006084655,0.0005355904006084655,0.22396323991509448,0.1931588094706398,0.0005355904006084655,0.0005355904006084655,0.010303476090766095,0.0005355904006084655,0.0005355904006084655,0.0005355904006084655,0.00045628060108926505,0.0005355904006084655,0.014948229162377147,0.0005355904006084655,0.0005355904006084655,0.0006174721470092459,0.0005355904006084655,0.0005355904006084655,0.0009044955844589309,0.0005355904006084655,0.28166742262839983,0.0005355904006084655,0.00045628060108926505,0.0009044955844589309,0.0009044955844589309,0.0005355904006084655,0.0005355904006084655,0.0005355904006084655,0.0005355904006084655,0.0005355904006084655,0.0005355904006084655,0.0005355904006084655,0.13003525362968127,0.0005355904006084655,0.0005355904006084655,0.26029426425091695,0.0005987218423286755,0.0005355904006084655,0.0023506044395050774,0.09987603471108264,0.0005355904006084655,0.0005355904006084655,0.0005355904006084655,0.010486498033491998,0.0016060187720975394,0.0005355904006084655,0.0005355904006084655,0.0005355904006084655,0.0005355904006084655,0.0005355904006084655,0.0005355904006084655,0.0005355904006084655,0.06878891811767995,0.0005355904006084655,0.2245629372145247,0.0005355904006084655,0.5147365441054631,0.0005355904006084655,0.0005355904006084655,0.0005987218423286755,0.0005355904006084655,0.0005370991668036673,0.0005355904006084655,0.0005355904006084655,0.0005355904006084655,0.0005355904006084655,0.004890235909859486,0.0005355904006084655,0.0005355904006084655,0.005395805199727599,2.1799153834489715e-05,0.002601441732260179,0.0009044955844589309,0.0005355904006084655,0.0005355904006084655,0.13249636582424384,0.0005355904006084655,0.0005355904006084655,0.000611854432161052,0.0005355904006084655,0.0005355904006084655,0.0005355904006084655,0.004846475432881636,0.0005355904006084655,0.0005355904006084655,0.0005355904006084655,0.00045628060108926505,0.0005355904006084655,0.0005355904006084655,0.0005355904006084655,0.09253926029194681,0.0005355904006084655,0.0005355904006084655,0.000611854432161052,0.0005355904006084655,0.0005355904006084655,0.0005355904006084655,0.0005355904006084655,0.0005355904006084655,0.0005355904006084655,0.0005355904006084655,0.0005355904006084655,0.0006909031750107486,0.0005355904006084655,0.0005355904006084655,0.0005355904006084655,0.00022468873383618693,0.0005355904006084655,0.0005355904006084655,0.001119824771935729,0.0005355904006084655,0.024277083414137035,0.004806664740796496,0.2242553446760609,0.0005355904006084655,0.0005355904006084655,0.004911769877840366,0.0005355904006084655,0.0005355904006084655,0.0005355904006084655,0.0005400688481024263,0.0005355904006084655,0.0005355904006084655,0.0005355904006084655,0.0005355904006084655,0.0005355904006084655,0.0005355904006084655,0.0006734842900836258,0.000611854432161052,0.0005355904006084655,0.0005355904006084655,0.0005355904006084655
chr3:105366712:105366713:NM_001243283:ALCAM,0.36381895736914943,0.40736295613474477,0.22864810678566672,0.009512597333636075,0.0628703621614175,0.33259574503902223,0.3174986420313729,0.0018410904985634025,0.4047457533398672,0.11104668789288547,0.18691785133139155,0.2862755133191515,0.4530375599649451,0.46420115537683965,0.3936208290081643,-0.0006931183661573748,0.009512597333636075,0.8560466132789601,0.09707157047070047,0.18600142315334706,-0.000858815382380973,0.3073850505532365,0.07700427357911649,0.18600142315334706,0.2029182740724783,0.02102834283994437,-0.000858815382380973,0.07700427357911649,0.21803796458069064,0.2433272606957359,0.30106528527516524,0.18604710093321508,0.272385091674007,0.13313939345516218,0.33517113265083703,0.012224334304785867,0.19046102533449755,-0.000858815382380973,0.00185651922446195,0.008333122088559852,0.18600142315334706,0.45454928208733725,0.18893194735533003,0.003932007139669569,0.1978630764413638,0.19646407455506126,0.008066743443348234,0.11537868141011332,-0.000858815382380973,0.2726801627422751,0.06831266180914425,-0.000858815382380973,0.45192043804874965,0.24342743639292408,0.3936208290081643,0.038379380697527,0.5391050266469493,0.18796631229621624,0.45764990301605574,0.18600142315334706,0.06831266180914425,0.06800997046766682,0.18643934062032125,0.0014494856620785868,0.20638486416241564,-0.0006016959475856343,-0.000858815382380973,0.19773750784419475,0.2731721222781618,0.008129268596150818,-0.000858815382380973,0.12067912163680489,0.1765469414704824,-0.0008382963815453115,0.06514029532655108,-0.0008291945180093352,0.45764990301605574,0.018880943563415853,0.17657804077883915,0.1765469414704824,-0.000858815382380973,0.1765469414704824,-0.000858815382380973,0.49931293190022497,0.003932007139669569,0.22002679456128016,-0.000858815382380973,0.07874297379188805,0.00329273969815036,0.003262989396460414,-0.000858815382380973,0.003932007139669569,0.18600142315334706,-0.000858815382380973,-0.0008418264033268619,0.009512597333636075,0.20075074282278726,0.23427382420236204,0.003262989396460414,0.003262989396460414,0.19779933054127619,0.20091678832304138,0.09700642924825154,0.22002679456128016,0.3936208290081643,0.4876638710858999,0.04851199991124211,0.00885112782654196,0.003262989396460414,0.19046102533449755,0.009512597333636075,-0.000858815382380973,-0.000858815382380973,0.16394828434208297,0.16394828434208297,0.048544055031296884,0.17713170736661782,0.22864810678566672,0.18600142315334706,0.16485625503903484,-0.000858815382380973,0.1765469414704824,0.36183299360844934,-0.000858815382380973,0.008129268596150818,0.19856131491852003,0.04336939423546482,0.3936208290081643,0.29584996097435207,0.023687419059992942,0.4570643333381515,0.18600142315334706,0.3048385880280376,0.003262989396460414,0.18600142315334706,0.1765469414704824,0.1765469414704824,0.023687419059992942,0.18600142315334706,-0.000858815382380973,0.18600142315334706,0.22005023332766416,0.02369029214009921,0.11820541607844792,0.0239392066251089,0.003932007139669569,-0.000858815382380973,0.4516774204912131,0.003932007139669569,0.3123308217118295,0.18600142315334706,0.3936208290081643,0.27686883501685033,0.014372343822492195,-0.000858815382380973,0.048544055031296884,0.44116555359916443,0.003278873281214012,0.1765469414704824,-0.000858815382380973,-0.000858815382380973,0.048472370260650655,0.19866211358477615,0.18600142315334706,0.008096582343221193,-0.000858815382380973,0.0742631701900126,0.1846293555140876,0.18600142315334706,0.003932007139669569,0.07254692957411168,0.028446821494887087,0.12473430287801385,-0.000858815382380973,0.3517724207128852,0.18600142315334706,0.10642650671530002,-0.000858815382380973,0.19544852028642717,0.6862225725733341,0.023687419059992942,0.22002679456128016,0.20273039321863096,0.16394828434208297,0.18600142315334706,0.19866211358477615,-0.000858815382380973,0.16919445308873277,0.008530087128955088,0.008096582343221193,-0.000858815382380973,-0.0008546316687996214,-0.000858815382380973,0.008096582343221193,0.18960071977846832,0.023854992386839857,0.22002679456128016,0.1901225882358018,0.351237362433305,0.4126625486212827,0.06372656996429482,0.27077634398051786,0.1901225882358018,0.40873145705217706,0.01969000316929259,0.18600142315334706,0.39930266071172393,0.28447064569787495,0.44116555359916443,0.44356985298090723,0.45157117428593724,-0.00047997933515220303,0.0032635790907127316,0.2029182740724783,0.19866211358477615,-0.000858815382380973,-0.000858815382380973,-0.000858815382380973,0.19551020028495947,0.5391050266469493,0.20126962617408467,0.09747375305743189,0.09244157680173776,0.18600142315334706,0.19581426448640354,-0.000858815382380973,0.006135647513978326,0.014867991377813583,-0.000858815382380973,0.1879912778347247,0.17531379487359222,-0.000858815382380973,0.1765469414704824,0.40412735023279533,0.0032916255607157163,0.02102834283994437,0.39439934544134103,0.002503903949396813,0.16394828434208297,0.4421972307625488,0.3936208290081643,0.18600142315334706,0.19416599870614437,0.007122073896589365,-0.000858815382380973,0.22002679456128016,0.22005023332766416,0.00329273969815036,0.18600142315334706,0.5275477877528706,0.0188761368707816,-0.000858815382380973,-0.000858815382380973,-0.000858815382380973,0.44120262466600313,0.18798951606996162,0.16398104869055247,0.18600142315334706,0.19207955170827923,-0.000858815382380973,-0.000858815382380973,-0.00047997933515220303,0.13560712773378963,-0.000858815382380973,0.003262989396460414,0.013939945924013486,-0.000858815382380973,0.7237375548612562,0.42471325572210766,0.003932007139669569,0.00810766339547786,0.19781387539949824,0.035336147614011604,0.22002679456128016,0.19027959332663336,0.036853063517767404,0.18959993829141042,0.16656059913900045,0.2726801627422751,0.015323486725172919,0.4569809041089656,0.0628703621614175,0.21853980785837795,-0.000858815382380973,0.01969000316929259,0.003932007139669569,0.3130350471253907,0.19779933054127619,0.18600142315334706,-0.000858815382380973,-0.000858815382380973,0.004074582211221367,0.19416599870614437,-0.000858815382380973,-0.000858815382380973,0.1733402519607279,-0.00047997933515220303,0.19416599870614437,0.18600142315334706,-0.000858815382380973
chr3:126988593:126988594:NM_032242:PLXNA1,0.4302015765992387,0.18809700209138006,0.02696871843166309,0.11307417133104877,0.215794245990644,0.1457963402264621,-0.001352087034592355,0.20864944188316187,0.14522069563305035,0.01933564806383787,0.06119233392778954,0.31404838374350175,0.018804863648983646,0.3985053181552289,-0.032745674437542754,0.20711414457626648,0.1725843537400117,0.02884625514570735,0.017625332648443168,0.002269186018684942,0.042727565034210505,0.01066652614239796,0.0011978491666532892,0.20987717340645823,0.04654502393230685,0.0017181773191524419,0.04654502393230685,0.0015663313499816797,0.002265406109239157,0.15361464807192787,0.034733021997382756,0.4849360860999955,0.001644305777721275,0.0013966956130999075,0.21801808680713608,0.11223839079564128,0.0011978491666532892,0.04654502393230685,0.008757413745948909,0.021349099170240877,-0.032745674437542754,0.12985520831113656,0.0023376834693840144,0.1446698937820975,0.16650569700849513,-0.057825213895906995,0.0011978491666532892,0.14389669921969178,0.0011978491666532892,0.20823752601612283,0.02049900462966336,0.002111884227800554,0.22229692728709288,0.0011978491666532892,0.10935276948345579,0.0015663313499816797,0.0433493472978464,0.2697238048265613,-0.04041941613478055,0.11614432781879086,0.0020295964546523347,0.0011978491666532892,0.08075811000685018,0.0048854034030554015,0.30724024071183653,0.0011978491666532892,0.04654502393230685,0.0013668365919715549,0.10058195612611746,0.0023454029835820248,0.0011978491666532892,0.0015663313499816797,-0.06830708002094077,-0.09176631869718582,0.20823752601612283,0.212876372759691,-0.04053361657595113,0.02334167931273351,0.0015835071450765216,0.04654502393230685,0.04885296201340181,0.0011978491666532892,0.12985520831113656,-0.06867304386888816,0.008757413745948909,0.06836048754894974,0.04654502393230685,0.02365966763629457,0.0011978491666532892,0.07907696839551595,0.09762800589712439,0.008757413745948909,0.2277828647025693,0.001294194264384381,0.026519209661182763,0.25327765621296083,0.06871366887007119,0.15184868916416003,0.0011978491666532892,0.018276737791479775,0.0017448309814538897,0.0023454029835820248,0.18344243173987204,-0.07279979507147313,0.005327355116065732,0.1946992951349436,0.39429301625236596,0.1786944462894493,0.25769676912588646,0.0017448309814538897,0.2063482249258444,0.0015780674821028254,0.0011978491666532892,0.0011978491666532892,0.04654502393230685,0.08050578405175818,0.15768320480061673,0.2524301846273035,-0.0686740734465543,0.012858509558647934,0.04654502393230685,0.31627133944933994,0.17939252160484076,0.04654502393230685,0.2077351415504021,0.13712836208545134,0.08841515436679671,0.04654502393230685,0.006878049866883968,0.0017448309814538897,-0.06565279486594719,0.0011978491666532892,0.01896923511304597,-0.06865074535547688,0.1339994299321123,0.2063482249258444,0.2063482249258444,0.0011978491666532892,0.35900795962864995,0.0011978491666532892,0.2935942169891077,0.20703230992235375,0.0011978491666532892,0.0015327500504963044,0.05420104402142979,0.0011978491666532892,0.018248808702267583,-0.07166177070603595,0.0011978491666532892,-0.022897931887622763,-0.06867304386888816,-0.032745674437542754,0.1136504169636006,0.36049309336173363,0.00936305129350258,0.05984596659184557,0.14296920326225873,0.002612057808153906,0.13387939144478328,0.04654502393230685,0.04654502393230685,0.2083857853391708,0.0011978491666532892,0.027762366671645288,0.0011978491666532892,-0.0727659891915811,0.4484054431842011,0.4213148178842326,0.04654502393230685,0.042154010937290085,0.15435912835520504,0.203722082264658,0.0015327500504963044,0.04654502393230685,0.06717532522343052,-0.06867304386888816,0.00121630709222538,0.04654502393230685,-0.05521978716660449,0.0296835236088755,0.20647424590205343,0.04654502393230685,0.012408299271245538,0.168280595360648,-0.07241126638987294,0.0017448309814538897,0.2063482249258444,0.0011978491666532892,-0.010362392107386736,0.0011978491666532892,0.0015780674821028254,-0.032745674437542754,0.0011978491666532892,0.0011978491666532892,0.09218219937725877,0.00887978707439438,0.14349420703532262,-0.01144099744294401,0.16827672050361409,0.18706903009151193,0.13837103309922638,0.0011978491666532892,0.018248808702267583,-0.06083345520861642,0.012213350113655218,0.04654502393230685,0.0011931102219850977,0.019507759752774353,-0.06827047906339129,0.07961391639948803,-0.05790118178941759,0.027160923323744646,0.0012375831087516782,0.036844406591753254,0.0017448309814538897,-0.06873290245156419,0.0015777426024467037,-0.06719540185160203,0.035642983935193405,-0.049041671243601356,0.022515987064447344,0.0013496654785566144,0.20747083667653116,0.20823752601612283,0.19600097779415174,0.0011978491666532892,0.2063482249258444,0.019665738779097816,0.0015663313499816797,0.39005953795137593,0.0011978491666532892,0.046919402567889554,0.0011978491666532892,0.08251014760204677,0.005072283219779351,-0.060709633697064044,-0.03237177514884609,0.0011978491666532892,0.005022356894513382,0.04654502393230685,-0.01757214146017394,-0.032745674437542754,-0.07279979507147313,0.009143746338835367,-0.06867304386888816,-0.06482951341269011,0.04090382835405751,0.0011978491666532892,-0.06867304386888816,0.29063748281204677,0.005414850772262857,0.14092632800787191,0.0015663597167510576,0.009138221769700389,0.14126142225252328,0.39216207878671355,-0.0013406908470336293,-0.06867304386888816,-0.03527950824983084,0.0015663313499816797,0.0015663313499816797,-0.05099353405985245,0.3244478888694883,0.0011978491666532892,0.0011978491666532892,0.20678004669528244,0.03489671896454288,-0.030335005337085788,0.0005456816573809094,0.023344389098219773,0.025979323996107716,0.019332235083126495,0.023790429731979715,0.17603829304361748,-0.0709555302985808,0.00121630709222538,0.0011978491666532892,0.007808184727828644,0.00974067850252855,0.0014127637448424595,-0.06528785237297814,0.23427271674756356,-0.09488238505997693,0.13292014793363652,0.010730283223698275,0.14388331829716078,0.16972803399609684,0.0011978491666532892,0.2297949608258345,-0.06657425480058238,-0.0016783518642218692,0.03484922102240052,-0.06867304386888816,0.015324668321262391,0.13292014793363652,0.018347096413340994,0.002241830034176155,-0.06867304386888816,-0.012092589260639407,0.0011978491666532892
chr3:128052368:128052369:NM_013336:SEC61A1,0.12008731478599219,0.24724052056086576,0.02865318189458571,0.0023881029472179183,0.11955410437901778,0.3123124285735043,0.6608084891286201,0.12694713813001396,0.21058194407198205,0.3674885462206685,0.0427097525648763,0.026861351795097466,0.3663942225683157,0.36941835026721836,0.32750973948406914,0.11936550516583028,0.19991814093591886,0.2836421577727505,-0.0024727263217652062,0.028061960432339772,0.19370392597729597,0.12737861517703697,0.08779361514757489,0.08237264657229898,0.32106688560097446,0.028061960432339772,0.32065414152047034,0.09506206924120275,0.02864136359539221,0.35399669351239194,0.09890060718376362,0.34849807552139433,0.12031559785922666,0.048205794834062454,0.1280810752493809,0.32380142185946775,0.0023806246209906456,0.32106688560097446,0.11937392087125367,0.002810021870029933,0.3210583416719745,0.32778340038874415,0.22383905991360648,0.35373244530612075,0.48375000920613775,0.2765334417602444,0.0023806246209906456,0.23368556747688995,0.009389465852687462,0.028212868857061146,0.19370525301006242,0.6897836564920703,0.04461001584540025,0.022574839254250856,0.3375608063182496,0.12008731478599219,0.1976022794939692,0.19428988080977222,0.7102968752721411,0.02118897550510751,0.19656418743237014,0.0023806246209906456,0.025030090586931952,-0.0006259095027015271,0.37551688363001756,0.32065414152047034,0.0023806246209906456,0.048205794834062454,0.024797820606727805,0.004310754274853723,0.00340854257215073,0.02337995061639031,0.33199631232921306,0.0023951863506226356,0.028800998898515395,0.12601606944504878,0.7220917452115753,0.008889781103032568,0.3226347015748775,0.32106600961885273,0.3311914749557907,0.0029325004240394748,0.3210583416719745,0.6865002681132817,0.037013104194359714,0.3440688064833601,0.32065414152047034,0.07755728944555895,0.012043327230738254,0.3277588338502325,0.028061960432339772,0.028648622602073515,0.32899176057156837,0.32065414152047034,0.34392903599413277,0.32813098961666026,0.1865253922323007,0.416977094910879,-0.0030341162384182607,0.004977447840970872,0.028061960432339772,0.004310754274853723,0.028634632513307223,0.002618963348934633,0.3467778858293907,0.26917072030491573,0.2034660294195048,0.3813746539046575,0.3302877243444266,0.0023806246209906456,0.32708384281327396,0.22596115223866797,0.32106688560097446,0.32750973948406914,0.18189145931524792,0.008469100742040214,0.14428380853821055,0.32106688560097446,0.0023852832273240088,0.021420781725542126,0.32065414152047034,0.33790601171700096,0.6289277535403545,0.32106688560097446,0.030075398132760223,0.49382887009753323,0.002227964128241444,0.19428988080977222,0.010043267794025534,0.0023806246209906456,0.6938415243736805,0.32106688560097446,0.03169027689821269,0.004633472667679495,0.010858127628188219,0.7009032857374581,0.7009032857374581,0.3290105004967438,0.014878295931469443,0.32065414152047034,0.33902761875353227,0.6613459056814719,0.6671520066259493,0.03113136495405272,0.028819659987041946,0.0023806246209906456,0.028061960432339772,0.7325716257127431,0.0031388577722789024,0.3312375822450757,0.32106688560097446,0.32065414152047034,0.13239321965269668,0.0025629082958414373,0.03448409294245186,0.002585605028924909,0.010887401067981639,0.010630750978575076,0.6897836564920703,0.3316080811963614,0.32106688560097446,0.008476504006742325,0.0023806246209906456,0.0023852832273240088,0.0023806246209906456,0.3274367097968023,0.36253172895977576,0.12790298477509637,0.32750973948406914,0.3461354559336658,0.12767789270241497,0.34080406314293654,0.06527086652687286,0.3316080811963614,0.36541513002510856,0.32709881086171794,0.006893634055477382,0.32106688560097446,0.0026102028779371733,0.33716933295073714,0.0026081598189650057,0.32106688560097446,0.34473607158546643,0.01751960091202831,0.5755988885463968,0.0023806246209906456,0.32899263677859836,0.6663342092600667,0.2151572876038983,0.0023806246209906456,0.2260070914569861,0.0023806246209906456,0.32065414152047034,0.0023806246209906456,0.3270752899010088,0.028648622602073515,0.32106688560097446,0.0030238490942528506,0.05330817809444516,0.012591600022594684,0.08867980236154308,0.0023806246209906456,0.002380080845151511,0.38173720606025985,0.3427474397000982,0.3440688064833601,0.34935322035260746,0.0038091212765681837,0.0023806246209906456,0.16386265962135077,0.334137619497267,0.012689966803405894,0.006768207247151159,0.3279141985336237,-0.0030341162384182607,0.32065414152047034,0.22596115223866797,0.010630750978575076,0.194705863433409,0.19654900480862053,0.016767113246956067,0.02909842260032869,0.1276874853933963,0.028873180397045783,0.46582995490696166,0.1939926159116545,0.32065414152047034,0.09987202649947283,0.028061960432339772,0.21877005616603373,0.0023806246209906456,0.3216151557210387,0.32106688560097446,0.013384571676878843,0.01014574005438823,0.028065732296991164,0.3388657694700206,0.0023806246209906456,0.01014574005438823,0.3555063942860832,0.32750973948406914,0.32104221691909546,0.32106688560097446,0.02881589281021646,0.0023806246209906456,0.0022325252875404766,0.32900695803765956,0.0023806246209906456,0.32106688560097446,0.6998624214838945,0.040117045432714604,0.6965429234398388,0.010315474803527291,0.3440688064833601,0.32591458340960155,0.20231637257033852,0.02338932422315476,0.32106688560097446,0.32106688560097446,0.0023806246209906456,0.0023806246209906456,0.025030090586931952,0.025043704366314534,0.0023806246209906456,0.0023806246209906456,0.010843097371384725,0.3189204199034711,0.3285620960401001,0.2618287723714467,0.3459901190724141,0.004841886391265482,0.0389536771484712,0.020971621904189774,0.3278478312685283,0.007527454410691858,0.1965670699204486,-0.0030341162384182607,0.23438541997375756,0.1962848128238961,0.013508825300053595,0.3453360122172522,0.13255418615258618,0.1887582727804069,0.32709881086171794,0.09945455606246903,0.034482725547289594,0.35398570903207716,0.028061960432339772,0.09248822902860102,0.0023806246209906456,0.6103313767313385,0.025418538136746216,0.32752664163080103,0.029241047948476373,0.004768118566230384,0.00741954584955562,0.024797820606727805,0.32106688560097446,0.002660186441577006,0.0023806246209906456
chr3:146250864:146250865:NM_001128305:PLSCR4,0.008247684499617033,0.0647508443667127,0.00983538950479608,0.038094241916318904,0.008381340690592598,0.06115514968336513,0.041499117318150466,0.07383320712970409,0.04232371927668696,-0.02008159917225455,0.10355497535984408,0.007990878805950272,0.08508863795076123,0.008247684499617033,0.8741666219366708,0.07812495501145458,0.4104915928723405,0.7684075876820654,0.0169426728971189,0.007990878805950272,0.010902310717027602,0.09649094778455501,0.012099741996218397,-0.03832185511078823,0.4101689563601548,0.008576033690871565,0.8733502983571604,0.08094583315404327,0.008247684499617033,0.01319796224887576,0.4606058191559784,0.41265147810069025,0.014814823750939024,0.04229513547733277,0.09217011933316317,0.4901806174854499,0.008381340690592598,0.007990878805950272,0.4858486259781366,0.009459526365268617,0.41027280153812296,0.41037275425986636,0.1273944200062535,0.007990878805950272,0.07724628895436678,0.4121522989407998,0.014350363162785235,0.06194710046906508,0.007990878805950272,0.00831231966993766,0.00996619140816496,0.41037275425986636,0.10195357157014104,0.01446953944746017,0.8751743107959431,0.00812449433765397,0.008145323064559853,0.41027280153812296,0.06881448239992398,0.007990878805950272,0.00996633977572682,0.03750735613914874,0.0084533526176883,0.03725851159925568,0.012059642535014,0.41037275425986636,0.41027280153812296,0.05862530727096196,0.008416890438045152,0.027752315737357397,0.007990878805950272,0.010345136826206053,0.41027280153812296,0.034196746765885744,0.017221480133442282,0.09151592006777973,0.06881448239992398,0.007990878805950272,0.41354952941279854,0.4101689563601548,0.41027280153812296,0.008055508254699917,0.8733502983571604,0.41037275425986636,0.4835967672316484,0.03802014111022124,0.007990878805950272,0.0018122379883464199,0.014350363162785235,0.41027280153812296,0.007990878805950272,0.4201914008437481,0.4208142433950896,0.4101689563601548,0.41037953695559004,0.4309673101694612,0.016736313412633236,0.04728164363844796,0.007990878805950272,0.007990878805950272,0.02290307576388348,0.4283302640492774,0.009858970841599327,0.4101689563601548,0.4111675242034356,0.07504160179807054,0.008121628214463647,0.9251903858943745,0.41027280153812296,0.01446953944746017,0.03784898499656929,0.007990878805950272,0.008145323064559853,0.4101689563601548,0.4101689563601548,0.008014177973677136,0.008833002942527729,0.008145323064559853,0.4101689563601548,0.06486006251081693,0.008145323064559853,0.8733502983571604,0.04632280881157699,0.007990878805950272,0.4336254346109787,0.045985340313473996,0.008055508254699917,0.41027280153812296,0.0639382939595672,0.016700616654940367,0.4279416006892781,0.007990878805950272,0.04800534999264973,0.010180059981889644,0.03784898499656929,0.4101689563601548,0.4101689563601548,0.4105501381387726,0.008078808182364963,0.410069020236804,0.04011328974873975,0.4105869901310082,0.03792307651623597,0.4519354290339364,0.4225861099953671,0.00812449433765397,0.007990878805950272,0.022828945155351263,0.009953838461476627,0.008229865006543907,0.008145323064559853,0.8733502983571604,0.007990878805950272,0.008753003264206832,0.02431255497865009,0.008014177973677136,0.007990878805950272,0.056794166260416196,0.41037275425986636,0.007990878805950272,0.007990878805950272,0.00807906325656077,0.02290307576388348,0.03784898499656929,0.008381340690592598,0.03791323951616475,0.43475508149289144,0.008948626060411025,0.41037275425986636,0.41554643839917776,0.007990878805950272,0.05171115213460764,0.4343006420252142,0.007990878805950272,0.8748278620381179,0.8733502983571604,0.4379380320917736,0.410069020236804,0.008550757211210055,0.41027280153812296,0.41027280153812296,0.03802014111022124,0.04893549155798329,0.008145323064559853,0.8736231158926839,0.014350363162785235,0.41027280153812296,0.4101689563601548,0.023275474474055258,0.014939962326839473,0.007990878805950272,0.007990878805950272,0.007990878805950272,0.014350363162785235,0.41040795463337454,0.49681000817603854,0.41351470754473385,0.008098072131147493,0.009924438732984903,0.03802014111022124,0.11290222604314372,0.010226636162675412,0.007972741386565757,0.08047302643268883,0.009207077051720136,0.41027280153812296,0.4449832130789391,0.015646083622201837,0.007990878805950272,0.058480970496840104,0.4207032732463763,0.41108045131040616,0.010536716027232204,0.03792307651623597,0.01446953944746017,0.007990878805950272,0.018283595701792624,0.056794166260416196,0.4101689563601548,0.4101689563601548,0.018620202007270728,0.011934673854347808,0.007990878805950272,0.0505052695698026,0.07255628781841934,0.008209959250964086,0.007990878805950272,0.009222501597586641,0.007990878805950272,0.04608570931919456,0.410069020236804,0.4140878756916304,0.4101689563601548,0.008145323064559853,0.00799965156292555,0.00983538950479608,0.41027280153812296,0.007990878805950272,0.01644275210219942,0.41027280153812296,0.41027280153812296,0.03802014111022124,0.41027280153812296,0.5105209947831266,0.41027280153812296,0.4101689563601548,0.05469788444700427,0.014350363162785235,0.41027280153812296,0.41027280153812296,0.018275306899339427,0.4284180435925028,0.008126172487901984,0.8724122608128085,0.9093635787403869,0.04426316230691282,0.07311934848925859,0.41027280153812296,0.41012399756742685,0.007990878805950272,0.007990878805950272,0.41045714478345396,0.13829689038096488,0.410069020236804,0.014215743687770885,0.02512920872208335,0.008145323064559853,0.8741666219366708,0.043132123571073405,0.4154075274553806,0.016628265024790992,0.024885831956745152,0.06717948531375953,0.41027280153812296,0.008145323064559853,0.4675346319023179,0.008381340690592598,0.05334751780419546,0.410069020236804,0.012130861498615642,0.4129624750831714,0.03459277368437612,0.038129903383069805,0.03784898499656929,0.009207077051720136,0.008247684499617033,0.027356553340034465,0.014350363162785235,0.03823812135462419,0.007990878805950272,0.007990878805950272,0.4102072626981816,0.41027280153812296,0.01644275210219942,0.41027280153812296,0.0103435343228825,0.4100817258034807,0.41027280153812296,0.008209959250964086,0.007990878805950272
chr3:149474580:149474581:NM_004617:TM4SF4,0.9251915016384222,1.048802578104553,0.8377920863318962,0.0010504273113966511,0.015123940745033038,0.7406749249124652,-0.16312675078629285,0.19369922555491598,0.8543274266297226,0.1089081977891671,-0.15882470991846492,0.039866427202787935,0.054143727371970984,0.6556287738388769,0.000759136544078165,0.1425058862559221,0.0011123531619054994,0.9084395742715148,0.6754739804038594,0.6400369304386534,0.029137998292464218,0.7094523614945715,0.025123222474855655,0.12031481780920067,0.001170671099187226,0.6400456776105856,0.000759136544078165,1.0073740535245501,0.7026543919840487,1.0452144956713052,0.7389980363076158,0.7107442039277752,0.8702720889500226,0.0942118200721942,0.7519106731777603,0.577752945510519,0.6403795816880857,0.0009468514669491723,0.028977359819906623,0.015386383041748442,0.000759136544078165,0.000759136544078165,0.4377055207931622,0.8737786337175732,0.7566033943594532,0.022081614823528384,0.6402780335674472,0.8232198526334262,0.0007591813594894359,0.034964292391102825,0.662200388889713,0.000759136544078165,-0.14863131459162027,0.36930053949677016,0.014452206984963578,0.0008160977636764155,0.02798915538863961,0.000759136544078165,0.477094072466127,0.000759136544078165,0.6896242584932681,0.1039029676410404,0.06793589058684563,0.8084063877814931,0.7743246105296012,0.017855662461296162,0.000759136544078165,0.6982607526337969,0.06790634073804336,0.08157299965184167,0.000759136544078165,0.39288825523217913,0.000759136544078165,0.0011387810544982724,0.015135130541572228,-0.20727750538214995,0.477094072466127,-0.25465370359117273,0.6509747587957404,0.0009419893071655472,0.000759136544078165,0.0013980973671219865,0.0030654658825518544,-0.26195887338118484,0.015174839189567635,0.000759136544078165,0.000759136544078165,0.8576761317632413,0.6402780335674472,0.6508073429588619,0.02342910845742413,0.015229861881625784,0.000759136544078165,0.017849754731349476,0.06867275262352479,0.009534806876194901,0.661232470661042,0.6874347527557159,0.0007473411323330459,0.014251764069352468,0.6404638353647742,-0.23590239547754727,0.03331415133987603,0.000866871126059432,-0.0031676200197610638,0.9401246830242258,-0.2032372788011575,0.7082705418804001,0.6508295641354473,0.6403134081552213,-0.13541692269699135,0.015408743057429952,0.0007923668227686753,0.000759136544078165,-0.26672971120455896,0.6875767426950009,0.6654938447108272,0.16667053413686939,0.000759136544078165,0.11595886171514358,0.000759136544078165,0.013934334740978993,0.12312810479722797,0.000759136544078165,0.06256050309120953,0.5824156468443968,0.01715945950133313,0.000759136544078165,0.7402620915469378,0.6400758824298739,0.05844776113580452,0.000759136544078165,0.6767406084504506,0.0005542718333370056,0.000759136544078165,0.0035243127166971755,0.0035243127166971755,0.03380669273954001,0.07858544637897646,0.000759136544078165,0.014522886935633916,-0.24978928174504877,-0.2490994430702615,0.06491103353731209,0.05630462671025904,0.6848792933839325,0.6746923613993299,0.43414379941828696,0.0008043035326964487,0.0680163175033287,0.000759136544078165,0.000759136544078165,-0.1461790120552645,0.11952209953183307,0.01928967299758999,0.6872399412647534,-0.19068324817697924,0.001216379443245874,0.0011891211772194765,0.000759136544078165,0.0008480795404082753,0.513344793495643,0.6402780335674472,0.000759136544078165,0.6403032902806285,0.01447703798683908,-0.27899176072571225,0.6370529487320774,0.000759136544078165,0.0347536787414055,0.845761586693922,-0.11556153756690474,0.008711530746357832,0.000759136544078165,0.024757874948863834,0.000759136544078165,-0.2575114837154685,0.0009419893071655472,0.03175904476252733,0.0035595702784231853,0.000759136544078165,0.000759136544078165,0.015441373968589578,-0.1551723335109183,-0.26542594238585454,0.6403134081552213,0.03746121764379229,0.0007650078421796991,0.01889015899340546,0.6402780335674472,-0.25464059257294347,-0.26684864465041763,0.000759136544078165,0.6404162937976332,0.01360296645749931,0.06268736603811548,0.08430241572558439,0.000759136544078165,-0.17051100339277486,0.027823464049682722,-0.2346378019317878,0.6403795816880857,0.03940863862849475,0.3961479550652417,0.012475300012161739,0.000759136544078165,-0.25097416799495725,0.6471644893700688,0.002904126515500649,0.4318254511478221,0.012583366413839336,0.06844352196324188,0.6585490006805109,0.010441659798906822,0.6404516772025652,0.000759136544078165,-0.25369724285523143,0.001216379443245874,-0.2662788942624535,0.014371623094815156,0.02913536585015747,0.43637194778067806,-0.25654721848718426,0.5516735040590353,0.5825175592916818,0.000759136544078165,0.0009419893071655472,0.012475300012161739,-0.2666108051530435,0.19222799423594067,0.000759136544078165,0.3693203900010054,0.000759136544078165,0.0011861063785095771,0.00767142492090922,0.09969303420568199,-0.25065186943036993,0.640346675145453,0.00769586557896601,0.02342910845742413,0.01831599428774744,0.00329819955225763,0.0009864167629227705,0.06283560124833415,0.000759136544078165,0.000759136544078165,-0.30834160351705275,0.6402780335674472,0.0009864167629227705,0.02733180169515048,0.007789912186850156,0.015066564436578722,0.0009419893071655472,0.000759136544078165,0.693937751497062,0.16017079754182167,0.39539138488418235,0.0009864167629227705,0.011654662013630912,0.000759136544078165,0.000759136544078165,0.08903834949180145,0.08275278478535797,0.000759136544078165,0.6398843287195526,0.014277947830825699,0.029676571220811798,-0.2590161448125125,0.8213210751952522,-0.20748298474457422,0.6609968090599976,0.39071375149982474,0.6403392169959135,-0.2668105404531964,0.01198281351846242,0.006986477071146802,0.6403189489738212,0.45900772293125025,0.013736288345731595,0.0013859226261467295,0.013584633618565434,-0.09893898919814886,0.0008358658229388194,0.000759136544078165,0.0010454891968258995,0.12617913823516602,0.0010973886388920273,0.6404160780800925,0.04249826865727102,0.6586957262624231,0.02343407380098278,0.03540764254335915,0.000759136544078165,0.39156485024404103,0.029761522011155006,0.014958024505418333,0.02677142768019325,0.0009864167629227705,0.000759136544078165,0.000759136544078165
chr3:150408334:150408335:NM_014779:TSC22D2,0.03943803145377345,0.17305113783790416,0.0863374534469517,0.12488556288096586,0.033520056236321594,0.18763454040377825,0.03423459424936459,0.030680028513585977,0.1622186476136389,0.1101718448142256,0.10790255150313321,0.06883753367842138,0.11625849252510512,0.13597953562217496,0.05604380944300069,0.030680028513585977,0.26921756405808706,0.19923877673034318,0.02753025174099466,0.020220556843852044,0.15291357008406703,0.1117108769661187,0.10820713375785829,0.005887009065372539,0.0014503202317849295,0.081874174978182,0.20272504431579297,0.24704488988871476,0.015562852920991577,0.18369949750275738,0.03756884927381965,0.041917788108524534,0.12264748679252391,0.1571871940481835,0.1117028871580189,-0.02377778834605393,0.022648145665471464,0.0014503202317849295,0.012234328448633813,0.05484162324237696,0.05604380944300069,0.21129857260159873,0.11592015916676596,0.1850484889403251,0.2244172280688735,0.00385994805988521,0.022648145665471464,0.1744068964410309,0.0014503202317849295,0.013979842365264616,0.014158545036868753,0.14802141736629543,0.24671479681354014,0.02777184031312563,0.20272538455658246,0.022056239369025565,0.05949969396784144,0.0014503202317849295,0.18646183857832266,0.05604380944300069,0.01884728697758198,0.020546873102077146,0.11921827713486172,0.008156157698355315,0.0502979976900475,0.05604380944300069,0.0014503202317849295,0.16804732345337092,0.0018488773073184195,0.1730031452388604,0.0014503202317849295,0.046835362822326476,0.20272504431579297,0.006682303512762888,0.019030087482724833,0.07336103066956678,0.18646183857832266,0.011051099713351609,0.20863514974214054,0.12433236288940636,0.12433236288940636,0.019192883081912138,0.001450391122796657,0.20409210108553405,0.040350888177971056,0.05604410316212238,0.0014503202317849295,0.21854835209662304,0.020697231299381724,0.06243272264023775,0.08871893182774382,0.009688044258329254,0.05604380944300069,0.05604380944300069,0.0018488773073184195,0.20272504431579297,0.04151733931945811,0.1466109802620703,0.002592680168846173,0.006536700227128378,0.02777184031312563,0.18609495614250904,0.03570519405086792,-0.0002794335521122404,0.1243326608308088,0.11836898089759174,0.07166396423137877,0.09803021453859068,0.2088046685374837,0.020877488204117833,0.06322132439500766,0.1512286095922617,0.06844542578187107,0.0042341140343385986,0.05604380944300069,0.04532624023573717,0.1237750088043641,0.07573000043800066,0.06322132439500766,0.15601659040772142,0.05604380944300069,0.4704025374379214,0.1178860380150904,0.0014503202317849295,0.17305434505187034,0.06675254114285267,0.0024688736424681723,0.0014503202317849295,0.03959113686472315,0.03839684584131897,0.004548659071607175,0.06843997822152431,0.17564937477402864,0.0020799554937926956,0.05604380944300069,0.12433236288940636,0.12433236288940636,0.14480831891260681,0.1274503766865569,0.12433236288940636,0.1595947254719675,0.05674628506337254,0.05988636961838306,0.16642667124026078,0.03526375484100386,0.023110192147537845,0.01761959090443377,0.12611849850723428,0.0027549959695063464,0.1723906926083253,0.12433236288940636,0.12433236288940636,0.0031449649644639255,0.1506633954368628,0.020395384108937598,0.023044711530250006,0.00153783534080576,0.008286579984735587,0.14802141736629543,0.20272504431579297,0.0014503202317849295,0.015301204650752354,0.015709119549371597,0.05604380944300069,0.022640565138291158,0.05316221366982371,0.056794454798073435,0.21022207628907436,0.05604380944300069,0.0015499281579977042,0.08594335323162072,0.033034336866875735,0.3883440224393617,0.0014503202317849295,0.05861195348968107,0.3170186558192815,0.20841936194396793,0.12433236288940636,0.1525755011552321,0.004433872067296285,0.05604380944300069,0.05604380944300069,0.21805513547328037,0.02001757369547752,0.07594016359598876,0.022648145665471464,0.3170186558192815,0.05604380944300069,0.09549415807767525,0.022648145665471464,-0.001873753441668513,0.0015976763386434945,0.05604380944300069,0.022640565138291158,0.05900072119598171,0.15349074441883903,0.07640439364418994,0.0042341140343385986,0.13346647390043603,0.05949969396784144,0.10643099321407012,0.022737952923037152,0.0014503202317849295,0.17689423189562814,0.013927803549330764,0.0014503202317849295,0.3180320632413731,0.06293056400678387,0.126330800538906,0.15012720249273126,0.003527151405324336,0.12491608046660135,0.002258242832080426,0.131661205329416,0.02777184031312563,0.20272504431579297,0.029404718000268226,0.008286579984735587,0.029168072555346813,0.05949969396784144,0.1677942810728389,0.05600505800088207,0.026764080246173605,0.03288722739113026,0.07977243216446872,0.14802141736629543,0.0728274198551,0.013840225315671861,0.007899593206891153,0.06972715382560685,0.0014503202317849295,0.06935821693116878,0.05604380944300069,0.05296170192613209,0.018834456447417436,0.02219296370913637,0.20929766097835784,0.0150477283303464,0.0121807335230667,0.0014503202317849295,0.05604380944300069,0.23089013803916242,0.06844542578187107,0.04033958980678232,0.05604380944300069,0.06322132439500766,0.05604380944300069,0.027674049787663857,0.06843997822152431,0.49215759502012363,0.0010909378848195095,0.004583156349933004,0.009460094510777894,0.20273056409078904,0.05071221250356284,0.061958384845312686,0.008808233246804575,0.06844542578187107,0.06963660588924597,0.004833526089379148,0.004833526089379148,0.12475272098406792,0.2511431418696388,0.0014503202317849295,0.01013186063219651,0.010216301118962656,0.05604327611593313,0.22165458068613803,0.230469365240345,0.0046376325329074986,0.012319846608127905,0.054075044019611385,0.0038023450009989634,0.05604380944300069,0.0018162890781372454,0.33769163593751395,0.022648145665471464,0.12542854569933942,0.05949969396784144,0.0020082650949755365,0.004528125799827198,0.053303997232415856,0.14503909847414093,0.0014503202317849295,0.13757854534553376,0.15020006174601475,0.10529145284604885,0.02777184031312563,0.14801091372523412,0.0042341140343385986,0.04574764244990115,0.002061647695148605,0.05604380944300069,0.05426189114630375,0.09165645478030893,0.0053181880293932116,0.12475272098406792,0.06322674968374031,0.0014503202317849295,0.0014434208087509282
chr3:167735643:167735644:NM_001122752:SERPINI1,0.1612858447232684,0.7265998741807842,0.45928669255171195,1.1720401978765085,0.0008747262676314094,0.7258340427782757,0.0008747262676314094,0.0008747262676314094,0.003742649781252272,0.16755128614981002,0.0020169775025425385,0.033204198206402635,0.0008747262676314094,0.16130241521659877,1.1720401978765085,0.0008747262676314094,0.45928669255171195,0.571259682508989,0.0011670923160364,0.0008747262676314094,0.16875454771291015,0.0008747262676314094,0.0008747262676314094,0.45928669255171195,1.1720401978765085,0.0008747262676314094,0.001467710083780327,0.0008747262676314094,0.0008747262676314094,0.0008747262676314094,0.0009964756752079973,1.707952784289395,0.0008747262676314094,0.0011670923160364,0.3473536622931734,0.0008747262676314094,0.0009289044873806995,0.45928669255171195,0.046386069495079785,0.025462067852562942,1.1720401978765085,0.45928669255171195,0.005096439366074734,0.1612858447232684,0.7624712689396517,0.45937710936384357,0.0009289044873806995,0.45928669255171195,0.3500719285925708,0.3473536622931734,0.0008747262676314094,1.1720401978765085,0.0020169775025425385,0.0009289044873806995,1.1720401978765085,0.0008747262676314094,1.1720401978765085,0.0008747262676314094,0.37160145181511317,1.1720401978765085,0.0008753948056151595,0.0008747262676314094,0.47685861979209704,0.4593294964857363,0.7247363535583864,1.1842202623248184,0.0008747262676314094,0.0011670923160364,0.47641363624909905,0.0008858146534687084,0.0008747262676314094,0.0008747262676314094,0.45928669255171195,0.0008837180928427113,0.0008747262676314094,-0.0004133480909787046,0.37160145181511317,0.003389776030257363,0.3473536622931734,1.1720401978765085,0.0008747262676314094,0.0008747262676314094,1.1720401978765085,1.1720401978765085,0.04638677614805625,0.4591150626769119,0.0008747262676314094,0.028107960086917516,0.0009289044873806995,0.4670372329791121,0.34836454035722236,0.0010489705703924934,0.45928669255171195,0.47001338270877285,0.7417450981321762,0.45928669255171195,0.3550560671771637,0.5631083341958935,0.0008747262676314094,0.006534785925090547,0.0009289044873806995,0.4592960938045748,0.3544518688218205,1.1720401978765085,1.172045803016152,0.16191827706452572,1.1720401978765085,0.5631083341958935,1.1720401978765085,0.0009289044873806995,0.0008747262676314094,0.002788823955979347,1.1720401978765085,0.3473536622931734,1.1720401978765085,0.3473536622931734,1.7155393433220085,1.1720401978765085,0.3473536622931734,0.03345438398110623,0.45928669255171195,0.0008747262676314094,0.16721402987427902,0.0008747262676314094,0.0008858146534687084,0.1849212260904336,0.3473536622931734,0.0008747262676314094,0.046737516903498255,0.0008747262676314094,0.4593622779151005,1.1720401978765085,0.039677441203083974,0.7633218468820993,0.45928669255171195,0.45928669255171195,0.45928669255171195,0.46249662010888815,0.4903091121522499,0.0008747262676314094,0.3473536622931734,0.45928669255171195,0.46569296589675624,0.18450832332564765,0.04653173744611938,0.0008747262676314094,0.0008747262676314094,0.020824324810928108,0.0008747262676314094,0.4688838647444427,0.45928669255171195,0.0008747262676314094,0.45928669255171195,0.3473536622931734,0.0030001093907287557,0.3544518688218205,0.45928669255171195,0.0008662217507859893,0.45928669255171195,0.45928669255171195,0.0008747262676314094,1.1720401978765085,0.0009289044873806995,1.1720401978765085,0.0008747262676314094,1.1720401978765085,0.46040292415783723,1.707612013649476,0.45928669255171195,0.3473536622931734,0.1612858447232684,0.006219117309844924,0.20885716766211582,0.45928669255171195,1.2616071529695376,0.0008747262676314094,0.20781309356873823,1.1720401978765085,0.4619819167548248,0.34735613982260793,0.45928669255171195,1.1720401978765085,1.2518495588853507,0.0009289044873806995,1.1720401978765085,0.0009289044873806995,0.3473536622931734,1.1720442025565172,0.4618589864761066,0.0009289044873806995,0.0008769180052690118,0.001467710083780327,0.0008747262676314094,0.0008747262676314094,0.161365040611823,0.528735864731586,1.1720401978765085,0.45928669255171195,0.02930100686609094,0.45928669255171195,-0.0004133480909787046,0.0009289044873806995,0.0008747262676314094,0.37160145181511317,0.0008747262676314094,0.0008747262676314094,0.45928805550318497,0.032434729244016636,0.45928669255171195,0.3474252426313228,0.45928542944836015,0.47685861979209704,0.1915377587416977,0.45928669255171195,0.0009289044873806995,0.0008747262676314094,0.1612761723265307,0.0008662217507859893,0.7214253130803009,0.45928669255171195,0.04416016788861282,0.0009289044873806995,0.0008747262676314094,0.0008747262676314094,0.18475896150367177,0.45928669255171195,0.3473536622931734,0.0008747262676314094,0.0012110762703230193,0.35336287150505424,0.0008747262676314094,1.1720401978765085,0.0008747262676314094,0.45928669255171195,0.027448613223140184,0.0008747262676314094,0.46216911508745,0.0008747262676314094,0.006534785925090547,0.45858062067615846,1.1720401978765085,1.1720401978765085,1.1720401978765085,0.04651116390431986,0.45928669255171195,0.3473536622931734,1.200760778053193,0.0008747262676314094,1.1720401978765085,1.1720401978765085,0.029497836407240574,0.0008747262676314094,0.0005234510954020277,0.0008747262676314094,1.172399995442043,0.35336287150505424,0.0010489705703924934,1.1720401978765085,1.17293184411806,0.0008983014797749322,0.0008983014797749322,0.47841436229471807,1.1759197579251057,0.0008747262676314094,0.0008747262676314094,0.34735954892632726,0.3473536622931734,1.172038597418144,0.5580759815624047,0.0008747262676314094,0.006658072039681162,0.0009289044873806995,0.3473837962256282,1.1720540108131146,0.45928669255171195,0.01348340206602211,0.0008747262676314094,1.1733881361612897,0.45928669255171195,0.005530484385563916,1.1787534209022528,0.0008747262676314094,0.45928669255171195,0.0008747262676314094,0.0026998464180844617,0.0008747262676314094,0.0008858146534687084,0.0009289044873806995,0.45928669255171195,0.3473536622931734,0.0008747262676314094,0.0026998464180844617,1.1720401978765085,0.3474407680814627,0.0006908645498582278,0.3564823616054328,0.47685861979209704,1.1720401978765085,0.45928669255171195,0.0008747262676314094
chr3:174859320:174859321:NM_207015:NAALADL2,0.002561358593602514,0.026079702364431023,0.006047782493852072,0.0016979150225986395,0.0018479755042382084,0.3271149057966616,0.0018553009420357869,0.002174773189559165,0.012716540922084851,0.0019150415296772527,0.0018878793093404234,0.01123884748795545,0.0021700529882517916,0.0025113373346058454,0.0016979150225986395,0.002174773189559165,0.0016979150225986395,-0.541836454729708,0.001969338104721552,0.0018479755042382084,0.0016979150225986395,0.0025304026322165996,0.0023023725448663157,-0.7193613564500903,0.0016979150225986395,0.001791052449174324,0.0016979150225986395,0.0023754595830244307,0.0016979150225986395,0.20889023513975347,0.0865368801789822,0.0016979150225986395,0.0018479755042382084,0.001737798829159809,0.09656838212555563,-0.7191300563662776,0.0018479755042382084,0.0016979150225986395,0.0024181574576011,0.0975536297883478,0.0016979150225986395,0.0016979150225986395,0.0018878793093404234,0.001791052449174324,0.4231434014061819,0.020263926548509836,0.001791052449174324,0.0021917677835744387,0.0016979150225986395,0.0016979150225986395,0.001737798829159809,0.0016979150225986395,0.0018878793093404234,0.0018479755042382084,0.0016979150225986395,0.001791052449174324,0.0016979150225986395,0.0016979150225986395,0.32729137078852755,0.0016979150225986395,0.001737798829159809,0.0016979150225986395,0.0016979150225986395,0.0018608457128155287,0.014236161294760796,0.0016979150225986395,0.0016979150225986395,0.001737798829159809,0.0017252832832093112,0.001737798829159809,0.0016979150225986395,0.0018479755042382084,0.0016979150225986395,0.0016979150225986395,0.0018479755042382084,0.0017573652855004118,0.32729137078852755,0.020303143249667976,0.32717504580477474,0.0016979150225986395,0.0016979150225986395,0.0018154057765594755,0.0016979150225986395,0.0016979150225986395,0.0023612180672502037,0.0016979150225986395,0.0016979150225986395,0.004046888687850303,0.0017548353761092095,0.5687922209125078,0.0016979150225986395,0.0020743133585406914,0.0016979150225986395,0.0016871342469184647,0.01426971629485041,0.0016979150225986395,0.7516166556530558,0.0016979150225986395,0.20833874379626183,0.06848441300067887,0.0018479755042382084,0.0017707313408497072,0.28917236948655245,0.0016979150225986395,0.0016979150225986395,0.07676679489937965,0.28618387994937944,0.0016979150225986395,0.585369341147471,0.0018479755042382084,0.001737798829159809,0.0016979150225986395,0.0016979150225986395,0.0016979150225986395,0.0016979150225986395,0.2836431914155698,0.3278961443312227,0.0016979150225986395,0.0016979150225986395,0.0008107041783950164,0.0016979150225986395,0.0016979150225986395,0.0026617452257379215,0.0016979150225986395,0.001804865978760395,0.4232809396359757,0.20833874379626183,0.0016979150225986395,0.20651652887995342,0.0016979150225986395,0.12218415858195841,0.0016979150225986395,0.16058547808944945,0.20846276808566966,0.0016979150225986395,0.0016979150225986395,0.0016979150225986395,0.0018904959452441528,0.0016979150225986395,0.0016979150225986395,0.0016979150225986395,0.001804865978760395,0.0021116015755221484,0.14250764901116697,0.0024239151940114168,0.0016979150225986395,0.20840136887743033,0.32715488056677544,0.0016979150225986395,0.0016979150225986395,0.0016979150225986395,0.0016979150225986395,0.001737798829159809,0.3529030371769506,-0.7072878082298154,0.2834472721512461,0.0016979150225986395,0.0017001144119284106,0.0016979150225986395,0.0016979150225986395,0.0016979150225986395,0.2834472721512461,0.0018479755042382084,0.0016979150225986395,0.001791052449174324,0.0016979150225986395,0.3270404063471076,0.012140431796336282,0.0016979150225986395,0.0017548353761092095,0.0025044149237396507,0.019395192582489784,0.1066329364965708,0.0016979150225986395,-0.6966975363988585,0.0016979150225986395,0.08454438760941174,0.0016979150225986395,0.0017880086168829967,0.06842324514311626,0.0016979150225986395,0.0016979150225986395,0.0016979150225986395,0.0020816039361324368,0.0016979150225986395,0.0017548353761092095,0.0016979150225986395,0.0016979150225986395,0.31609392183874796,0.0017548353761092095,0.0016979150225986395,0.0017036712074534055,0.0016979150225986395,0.0018479755042382084,0.11438022387335467,0.06910983804507143,0.0016979150225986395,0.0016979150225986395,0.0017268589899606113,0.0016979150225986395,0.00032826873494129494,0.0018479755042382084,0.0017001144119284106,0.32729137078852755,0.03795745355092317,0.0016979150225986395,-0.7341633419287702,0.030791385411491845,0.02025252993435167,0.06879829402743365,0.026884131335762618,0.0016979150225986395,0.28423865089640743,0.0016979150225986395,0.0018479755042382084,0.0016979150225986395,0.0016979150225986395,0.0017001144119284106,0.0016979150225986395,0.0016979150225986395,0.21418385657881933,0.0018878793093404234,0.0018410523781638988,0.0018309506215199445,0.4260591965502467,0.0016979150225986395,0.0016979150225986395,0.03795745355092317,0.0016979150225986395,-0.7092821363766589,0.0016979150225986395,0.0016979150225986395,0.0016979150225986395,0.06931345495046037,0.1366624752673321,0.001791052449174324,0.0016979150225986395,0.0017315924883788414,0.11978918333689248,0.0016979150225986395,0.0016979150225986395,0.0016979150225986395,0.0016979150225986395,0.0024239151940114168,0.0016979150225986395,0.0016979150225986395,0.0016979150225986395,0.0018479755042382084,0.0016979150225986395,0.0016979150225986395,0.06517770394030198,0.0024181574576011,0.0018103419998657388,0.0016979150225986395,0.0016979150225986395,-0.7092426268881058,0.32722550335629463,0.0016979150225986395,0.0060853467257669935,0.0016979150225986395,0.0016979150225986395,0.0017252832832093112,0.011399549676552101,0.0016979150225986395,0.0017548353761092095,0.0016979150225986395,0.0016979150225986395,0.0016979150225986395,0.0016979150225986395,0.0017548353761092095,0.26488091425896465,0.006198328153307453,0.3270474065088351,0.0016979150225986395,0.470867418829386,0.06381937349599276,0.0018479755042382084,0.006211234234798191,0.0016979150225986395,0.07917209840491468,0.022211842292894635,0.2084001361237453,0.0016979150225986395,0.0016979150225986395,0.026845203716172827,0.001791052449174324,0.001791052449174324,0.0017548353761092095,0.20847394903428973,0.0016979150225986395,0.0016979150225986395,0.0016979150225986395,0.0016979150225986395,0.06876969655375786,0.0016979150225986395,0.3538460409753539,0.0016979150225986395,0.0016979150225986395,0.3269768121119937,0.0017548353761092095
chr3:184017939:184017940:NM_005688:ABCC5,0.0053759619674522,0.5148209570410839,0.007000785582374977,0.0070145156898559075,0.00701811677628035,0.5427171025980213,0.2107808914718318,0.27322023008000484,0.43336514088221295,0.05182897062606662,0.2697917525343002,0.16527022858491508,0.3092762098211158,0.2483953676879596,0.13121936319651673,0.2717477381590712,0.22283956741436106,0.5442295539818554,0.05661748280123877,0.00701811677628035,0.22776899424453806,0.27773639752434764,0.24978325661051526,0.007546770241606118,0.22283956741436106,0.00701811677628035,0.0070145156898559075,0.24978325661051526,0.0070145156898559075,0.5529685857305262,0.46383740818658115,0.21994417987161202,0.13114785877319232,0.24978325661051526,0.272378013931562,0.15018402396024474,0.006997184578168572,0.22283956741436106,0.2620795624470531,0.009275240689431419,0.22283956741436106,0.620291218084976,0.2712018138806772,0.47959131685037454,0.49557094994349254,0.20790168753781924,0.006997184578168572,0.0070145156898559075,0.22127160768188048,0.0070145156898559075,0.018545822621597444,0.22283956741436106,0.2697917525343002,0.006997184578168572,0.22287401137177998,0.007000785582374977,0.5700081485332359,0.22283956741436106,0.309920163848739,0.0070145156898559075,0.018545822621597444,0.06410535324961139,0.17371365264741534,0.08082755695432965,0.4954991516881635,0.13121936319651673,0.0070145156898559075,0.24978325661051526,0.17382897119322166,0.21077653716177117,0.22283956741436106,0.13373303209477183,0.2228487144208524,0.0070145156898559075,0.00701811677628035,0.5633908279815709,0.309920163848739,0.005372368495886279,0.23892676230160653,0.22283956741436106,0.22283956741436106,0.24963199819078008,0.13121936319651673,0.5600083437066558,0.26174149541320935,0.22474728763974908,0.22283956741436106,0.5075261765075063,0.006997184578168572,0.3866786264027126,0.08233668210353146,0.26177487832086427,0.0070145156898559075,0.21938731438591222,0.007012404996825677,0.22283956741436106,0.08918873779280193,0.27603035098542833,0.1362893609981432,0.07659583274050677,0.006997184578168572,0.21072250357190903,0.5267336032375363,0.29827968302855495,0.2238356522534025,0.1480028775649851,0.4259021953881952,0.22281478569685467,0.2967717923896117,0.006997184578168572,0.022984211258701148,0.22776899424453806,0.2966721688201416,0.0070145156898559075,0.22283956741436106,0.30749505930180043,0.22570104425623527,0.22283956741436106,0.2963534721848048,0.16959100222766887,0.0070145156898559075,0.22283956741436106,0.3116858128580843,0.13121936319651673,0.21072250357190903,0.40620542851010244,0.007014991016570479,0.5600098809092666,0.2563973013475216,0.007000785582374977,0.2056276258145457,0.5600047741751376,0.32504207690458253,0.16417126110857386,0.0070145156898559075,0.5586289478245878,0.5586289478245878,0.5604075547358401,0.18514628847541428,0.0070145156898559075,0.3145406647784853,0.6202381284019801,0.29611772745796705,0.1355181164633314,0.2627853999718408,0.5919966084551327,0.006920938590526102,0.08393375931996241,0.0070145156898559075,0.03389305048850895,0.22283956741436106,0.22283956741436106,0.5497729783637517,0.007025614064205252,0.008684656238744357,0.2525292479934205,0.13121936319651673,0.007031885437698671,0.22283956741436106,0.022984211258701148,0.5600047741751376,0.956951015276258,0.006997184578168572,0.22283956741436106,0.006997184578168572,0.0070145156898559075,0.22470755048649568,0.252762665416413,0.22283956741436106,0.00701811677628035,0.13121936319651673,0.09873442658803169,0.18537198555913675,0.5600047741751376,0.651670971508049,0.22283956741436106,0.1377606553595051,0.22283956741436106,0.00703163033057852,0.34392402529255295,0.0070145156898559075,0.5600047741751376,0.21834691545449067,0.2228111775339546,0.31319268955639346,0.006997184578168572,0.5600047741751376,0.13121936319651673,0.027938281872733797,0.006997184578168572,0.22776899424453806,0.0070145156898559075,0.0070145156898559075,0.006997184578168572,0.6389382107028743,0.263294578361726,0.13121936319651673,0.007041012475186431,0.2566344230614127,0.5700081485332359,0.52982858792166,0.007000785582374977,0.0070145156898559075,0.3092094758013554,0.014405418941248083,0.5600047741751376,0.23885788437639938,0.14864711367479622,0.007996033300230534,0.013406699762686367,0.2808272718281407,0.17378291543118485,0.07421973705111809,0.3538676122828024,0.006997184578168572,0.22283956741436106,0.227732582171225,0.007031885437698671,0.47412863044486486,0.22932904883350033,0.13619555079182571,0.14315332039500733,0.00701811677628035,0.00701811677628035,0.4226518395104934,0.22283956741436106,0.5600047741751376,0.012810744313258737,0.0070145156898559075,0.037309631732427365,0.22283956741436106,0.2966721688201416,0.0070145156898559075,0.246192120661211,0.13537161329965525,0.0070145156898559075,0.2228269669990786,0.19484988581557475,0.049746686679395885,0.5600099453735631,0.22283956741436106,0.7565059308824191,0.22283956741436106,0.26174149541320935,0.0070145156898559075,0.30002235472029704,0.16040028449830612,0.006997184578168572,0.22283956741436106,0.8050591601865209,0.05107055055627703,0.24080321426029852,0.131438023486995,0.22283956741436106,0.14408396564047735,0.03583904860902115,0.14318199347929406,0.22283956741436106,0.22283956741436106,0.23026349587652337,0.23026349587652337,0.17371405457193353,0.5530535625855268,0.2228431757891385,0.006997184578168572,0.0066867616993274565,0.21076669656571195,0.22378194360441744,0.7235237059611624,0.2228431757891385,0.16675316861422856,0.22273801952105318,0.1386177405828825,0.22283956741436106,0.3255879412997198,0.13778461637598388,0.006997184578168572,0.09567248780382043,0.22283956741436106,0.005025406635209395,0.20906481352547468,0.5803644512328547,0.21295704452101205,0.0070145156898559075,0.012702592141453695,0.24975720051192143,0.22276641449549733,0.006997184578168572,0.0070145156898559075,0.0070145156898559075,0.026135843077855048,0.006901976040571106,0.5600083437066558,0.21066274905208562,0.019566295466013725,0.07421973705111809,0.019878519772824288,0.22283956741436106,0.31037058036295645,0.009162864706007398
chr3:184155495:184155496:NM_004423:DVL3,0.07764251865877853,0.09408324811832086,0.02251282872643018,0.1707805915914053,0.022485312798767754,0.09889938262398451,0.0053928698456037205,-0.004442053704234505,0.14500567906693873,-0.003910723595492993,0.03897350518216952,0.24708388451142105,0.15276401503071502,0.03951524009539831,0.22499285606226993,-0.004441273920815392,0.08625892916747774,0.332591582553111,0.17206470125473317,-0.00390843310841571,0.005393035713828487,0.1448203795939189,-0.004441273920815392,0.3633595417066919,0.1759540572012897,0.02251282872643018,0.07253316360482609,0.17877269629612855,0.021988067062477912,0.18443786000741458,-0.0011355807064586942,0.7025101675980587,0.24688138722548542,0.0028451012155722433,0.19735512104923253,0.0569914858406434,-0.004415171331288215,0.3073971639463916,0.13926574629284866,0.06460351783618234,0.0937535584483557,0.12174578606606745,0.07566571853315751,0.18039403122276645,0.04675843040224481,0.010541278191307901,-0.004441273920815392,0.3047869781012408,0.04828575741997465,0.22318639670885543,-0.004441273920815392,0.22499285606226993,0.08505832441141908,-0.004441273920815392,0.08899248992472866,-0.00390843310841571,0.31322767998354073,0.11969113539581355,-0.0012018969796228074,0.22502964417762766,-0.009513492732108497,-0.004441273920815392,0.23353456819221435,0.14104900958397848,0.22381702554013747,0.07107591990323903,0.07253595526108947,0.0028451012155722433,0.3004414159591107,-0.004441273920815392,0.048326209408053766,-0.003910723595492993,0.5847662409193695,0.030327455259959724,0.02248145334287971,0.001268994945398061,-0.0012018969796228074,0.02840734273831752,0.3764852933126056,0.3073645299784117,0.07240746083885025,-0.004441273920815392,0.03465178457496487,0.21214903360008686,0.0329360639381826,0.17599314884431316,0.29607051100039683,0.1503218631222381,-0.004441273920815392,0.4477605826915191,0.21839635889112827,0.09200111720741316,0.024068960357299662,0.03446098475516429,0.4999202236841692,0.3372688994108993,0.20575521438265576,0.35323688112740004,0.03501108088491861,0.03612628563256248,0.02196056912697686,0.22570482064028463,0.019306293972420507,0.034112428818704355,0.5812045154048509,0.12352429491267097,0.07155142018372332,0.46109984242199636,0.1382124747613131,-0.004441273920815392,0.04163771330712701,0.021124702226425596,0.6552876456563232,0.17595476444065505,0.41323158304322605,0.028769228909436506,0.26802308451029777,0.09603710843218452,0.025739933719371333,0.28743166837609574,0.04163771330712701,0.08899427367096627,0.21565769823794545,0.3073971639463916,0.2019400090749206,0.25565703292999375,-0.0072417190533179965,0.08440178087681899,0.02446149278541654,-0.00390843310841571,0.019477129995034814,0.09606480790642882,-0.009657405046933742,-0.004441273920815392,0.04706937013837442,0.34612130910684175,0.34612130910684175,0.07942919633444356,0.18661624002632404,0.12446437584716888,0.199595976933504,0.046442373770925305,0.13238250239066018,0.0752285489760171,0.14697624732588144,0.042159301504211044,-0.004417462384405102,0.07232063539942268,-0.004441273920815392,0.07773633184840462,0.12444645496470863,0.05350558460584559,0.16050516065049786,0.37929130120317484,-0.0044328727554655,0.019277478627449496,0.0676605070274274,-0.004441273920815392,0.3073621011574227,0.12857043581743158,0.17597123518685645,0.07155211286880991,-0.004441273920815392,0.024090797087523708,-0.004441273920815392,0.10193922096694596,0.26742390027496865,0.286992504093868,0.4112831263307356,-0.003934551826829058,0.28640988067651674,0.1927055506967995,0.07187671994560219,0.07251027877934035,0.08222639969477996,0.0808105197784506,0.07211375677814275,0.17599205377557042,0.0759734277125435,0.12374366646522489,0.07250110492327022,0.08960452688490544,0.26384882361838563,0.041634243236814195,0.06802474542259557,-0.004441273920815392,0.004889585857503431,0.13246423769963792,0.05895747017549069,-0.004441273920815392,0.021137377407984048,-0.00443604417630028,0.07251027877934035,-0.004441273920815392,0.09702899588130826,0.19847125735546578,0.1207173052424024,0.03231645049776738,0.10989278510800593,0.35686298412178896,0.1421449823777473,-0.003934551826829058,0.05088753323236467,0.02570547263296058,0.06778798550767845,0.16977888296238233,0.43511048958076715,-0.004661574280626579,0.0028812205180643313,0.4381921126953428,0.011012882323902462,0.46318162117755085,0.024068960357299662,0.3262244807567876,-0.004441273920815392,-0.009517758783955388,0.021135842913953207,0.03501108088491861,0.1996434338931288,0.21571958507481376,0.03153864135765383,0.051447491016224756,0.02251696143318377,0.27611271042450647,0.03839048305475967,0.0003253851438150268,0.08959414869327353,0.06778798550767845,0.07986795754227588,0.18050323254284434,0.041640286998203546,0.09176613293354272,-0.004443819283445949,0.08439645706442994,0.031346113425168964,-0.009513492732108497,0.04046508399549503,-0.007237175234240112,0.024068960357299662,0.11969817493229168,0.08961261007193605,0.0938053237889612,0.12069879672299241,0.1917616585335662,0.083890476755901,0.025740390881499653,0.3802094657871811,-0.004441273920815392,0.12069879672299241,0.5244832640454411,0.03154171748097051,0.005436235262402833,0.05101397987504824,-0.009585415863427982,0.3896469564548095,0.08603201983122394,0.10246234861226527,0.12069879672299241,0.35246858371610834,0.00539595205318627,0.00539595205318627,0.46116416160955764,0.27233798432522194,-0.0039019438982382804,-0.004441273920815392,0.00488434205850502,0.019278979585206968,0.6232676129985598,0.5921333652247722,0.11694655000887347,0.03586730795338283,0.06777960481148915,-0.009514248828400518,0.12072725384556665,0.223200640261171,-0.004682011431061672,-0.004441273920815392,0.3264448240302146,0.18351166341555233,0.019073430988041595,0.01782789201452195,0.4404633750882628,0.3262524540144567,0.024068960357299662,0.09849838030612523,-0.009513492732108497,0.0850773427455197,-0.004415171331288215,0.40555392928923917,0.07172913703110678,0.23683382982819418,0.05097798307822454,0.08440753362756959,0.06394302071690672,0.08573451959860912,0.1449158820571953,0.3533079475385137,0.12069879672299241,0.025708879166623122,-0.004441273920815392
chr3:190862676:190862677:NM_001146686:GMNC,0.0022979853384267335,0.0010089922095283532,0.6462537986828494,0.0022979853384267335,0.0022979853384267335,0.008112185846549269,0.0022979853384267335,0.0022979853384267335,-3.783490562012104e-05,0.023126374730605803,0.02171551780077574,0.014074222057028324,0.0022979853384267335,0.0022979853384267335,0.1983546278101907,0.0022979853384267335,0.0022979853384267335,0.6426928342310687,0.01313820589363826,0.0022979853384267335,0.003550397047880155,0.04472150281917259,0.0022979853384267335,0.0022979853384267335,0.0022979853384267335,0.0022979853384267335,0.6462537986828494,0.0022979853384267335,0.0022979853384267335,0.008063871271054374,0.002916346374852885,0.7298730089941763,0.6462537986828494,0.0022979853384267335,0.02171551780077574,0.0022979853384267335,0.0022979853384267335,0.0022979853384267335,0.0022979853384267335,0.08169627029396082,0.6462537986828494,0.6462537986828494,0.0022979853384267335,0.0022979853384267335,0.03698636904482283,0.6462537986828494,0.0022979853384267335,0.0022979853384267335,0.03017743521946309,0.0022979853384267335,0.0028420204282627592,0.0022979853384267335,0.02171551780077574,0.0022979853384267335,0.6462537986828494,0.0022979853384267335,0.6579403443860259,0.6462537986828494,-0.0029174900815714666,0.0022979853384267335,0.027533676218644443,0.0022979853384267335,0.0022979853384267335,-0.0011796143840775986,0.0022979853384267335,0.0022979853384267335,0.0022979853384267335,0.0022979853384267335,0.01273589580800677,0.0022979853384267335,0.0022979853384267335,0.003354328582059779,0.1983546278101907,0.0023004249770795515,0.0022979853384267335,0.0024069965006631167,-0.0029174900815714666,0.0022979853384267335,0.0022979853384267335,0.0022979853384267335,0.6462537986828494,0.004362920439812068,0.6462537986828494,0.6467339496751148,0.0022947672490883086,0.6462537986828494,0.0022979853384267335,0.035935670418634935,0.0022979853384267335,0.0022975808074934267,0.0022979853384267335,-3.783490562012104e-05,0.0022979853384267335,0.6462537986828494,0.014777637675647715,0.6462537986828494,-8.763699660768731e-06,0.7622550071586942,0.0022979853384267335,0.0016332332593959054,0.0022979853384267335,0.022283654614016962,0.6609625311543401,0.004362920439812068,0.6674778676163808,0.03292500829430639,0.6579377554696586,0.7630017830002249,0.0022979853384267335,0.0022979853384267335,0.0022979853384267335,0.0022979853384267335,0.0022979853384267335,0.1983546278101907,0.0022979853384267335,0.6579377554696586,0.6462537986828494,0.0022979853384267335,0.002297173207207931,0.03567573078287539,0.0022979853384267335,0.6462537986828494,0.03300148861292812,0.6462537986828494,0.0028590483136910205,0.02856773582289468,0.6462537986828494,0.6462537986828494,0.014248102723222411,0.0022979853384267335,0.6346799299896202,0.6462537986828494,0.09189890269773998,0.00285864444906464,0.6462537986828494,0.6462537986828494,0.6462537986828494,0.7004376425627422,0.0022979853384267335,0.6462537986828494,0.0022979853384267335,0.0022979853384267335,0.0022979853384267335,0.21354610032863214,-3.16537843728093e-05,0.02380851820079824,0.0022979853384267335,0.6812873445696759,0.0022979853384267335,0.041200155521999515,0.6462537986828494,0.6462537986828494,0.0022979853384267335,0.0022979853384267335,0.048233690069838575,0.6579856309143042,0.6462537986828494,0.0022979853384267335,0.0022979853384267335,0.0022979853384267335,0.0022979853384267335,0.7083674655180207,0.0022979853384267335,0.0022979853384267335,0.0022979853384267335,0.0022979853384267335,0.6462536850604935,-3.783490562012104e-05,0.6462537986828494,0.1959302790959797,0.0022979853384267335,0.007723835477131541,0.0665961642327974,0.0022979853384267335,0.00675492918707829,0.6462537986828494,0.22060386666596998,0.0022979853384267335,0.017120632702789657,0.0022979853384267335,0.0022979853384267335,0.6462537986828494,0.6470318830184583,0.017958590461827628,0.0022979853384267335,0.0022979853384267335,0.6462537986828494,0.01946496947986462,0.021175379124876548,0.0022979853384267335,0.0022979853384267335,0.0022979853384267335,0.002334052063426323,0.0022979853384267335,0.0022979853384267335,0.6433134512346911,0.6462537986828494,0.0033719232695375856,0.015198085768772518,0.6579403443860259,0.01660402080230497,0.0022979853384267335,0.0022979853384267335,-0.0005167742761768013,-0.0045419413629663175,0.6462537986828494,0.6808193614527999,0.003532095571317756,0.0022979853384267335,0.029728666357289824,0.634511841297519,0.6661680988100288,0.00285864444906464,0.6462537986828494,0.0022979853384267335,0.0022979853384267335,0.007723254889490022,0.0022979853384267335,0.21834092646985087,0.6579403443860259,0.2673206729021806,0.0022979853384267335,0.0022979853384267335,0.0022979853384267335,0.028005294094483324,0.0022979853384267335,0.0022979853384267335,-0.0045419413629663175,0.0022979853384267335,-0.0025015092206818745,0.0022979853384267335,0.6462537986828494,0.6462537986828494,0.19577841611400337,0.00356351203298505,0.0022979853384267335,0.0022979853384267335,0.0028590483136910205,0.003072498762300646,0.6462537986828494,0.6462537986828494,0.6462537986828494,0.6462537986828494,0.6433160175525203,0.0022979853384267335,0.004362920439812068,0.6661759128438602,0.0022979853384267335,0.6462537986828494,1.4865731481671896,0.002948349901286812,0.1983546278101907,0.0022979853384267335,0.1983546278101907,0.002297704451292487,-0.0042351045982644,0.017665721943661894,0.0022979853384267335,0.002301403581405015,0.0022979853384267335,0.0022979853384267335,0.649816459710847,0.02171551780077574,0.0022979853384267335,0.0022979853384267335,0.010184120344102293,0.0028590483136910205,0.6725457418871315,0.7182012509533893,0.1959302790959797,-3.82451557604524e-05,-3.783490562012104e-05,0.0022979853384267335,0.008063871271054374,0.0022979853384267335,0.03357097537321024,0.0022979853384267335,0.026970237360371324,0.00997872871982794,0.02172028751822566,0.6346852047296163,0.0022979853384267335,0.6462537986828494,0.0022979853384267335,-0.0045419413629663175,0.0022979853384267335,0.6462537986828494,0.0022979853384267335,0.6462537986828494,0.0022979853384267335,0.0022979853384267335,0.6462537986828494,0.6462537986828494,0.0022979853384267335,0.0022979853384267335,0.06681822841028007,0.012699612897376422,0.6462537986828494,0.002334052063426323,0.0022979853384267335
chr3:195443088:195443089:NM_012287:ACAP2,0.006531266478334352,0.05699779674292546,0.006531266478334352,0.006531266478334352,0.006531266478334352,0.05486651554181873,0.17190957351531974,-0.041456011814604066,0.04026237521743564,0.06244436975372192,0.01109956967080794,0.17287513228265242,0.09241111070869629,0.32299870073221915,0.5870668606690261,0.020635354100617675,1.0404451095325618,0.14926695116716496,0.00830608435900776,0.006531266478334352,0.17190957351531974,0.025415914550200203,0.007259728836370827,0.006531266478334352,0.587094496731162,0.020635354100617675,0.006531266478334352,0.0072638061004355325,0.006531266478334352,0.021377128428069547,0.1552512491326389,0.5916839687853779,0.006531266478334352,0.03837222216975797,0.05661045618192395,0.53752796235914,0.006531266478334352,0.5870668606690261,0.05634571087753404,0.3023530787230888,0.5870668606690261,1.0024834705999646,0.07151474712453759,0.5878910788385594,0.06807169526127976,0.30855661347645214,0.006531266478334352,0.6034251090371139,0.006531266478334352,0.006531266478334352,0.006531266478334352,0.5870668606690261,0.01109956967080794,0.006531266478334352,0.587094496731162,0.006531266478334352,1.0676284148487702,0.5870668606690261,0.007374914480561323,1.0024493058588866,0.006531266478334352,0.05476818213846896,-0.04221750891716716,0.21494366232358925,0.022959871492563566,0.5871934429664959,0.5870668606690261,0.037590312917673174,-0.02327027500504039,0.01109956967080794,0.006531266478334352,0.0072641962528735005,0.5870668606690261,0.0065336649073499675,0.30235056409242206,0.09255361511087284,0.007374914480561323,0.031211166100690857,0.30105853958057505,0.5870668606690261,0.30105838737663204,0.006531266478334352,0.006538079583817469,0.587094496731162,0.044692965977561505,0.5870668606690261,0.587094496731162,0.07217733235538609,0.006531266478334352,0.30105853958057505,0.006535334067355236,0.041471737515696994,0.5870668606690261,0.5870865529544618,0.5375245221960436,0.30105838737663204,0.028058208652431194,0.5917172203286692,0.006535334067355236,0.0066009922461524595,0.006531266478334352,0.01109956967080794,0.12007995981015152,0.01109956967080794,1.0024834705999646,0.064170034198067,0.062458821142104104,1.0024446262521054,0.30105853958057505,0.006531266478334352,-0.04221750891716716,0.1720807187950601,1.6904276701900776,0.5870668606690261,0.006539395177386942,0.0976961668579821,0.30740756700652855,1.0024493058588866,0.5875533780572773,0.04661243327033604,0.5870668606690261,0.5870668606690261,0.06718248130924614,0.587094496731162,0.01109956967080794,0.06881365879574347,0.006531266478334352,0.5870668606690261,0.3394781040420485,0.006535334067355236,0.31501922090873585,1.0024493058588866,0.1530561634088492,0.006721543516351736,1.0024493058588866,0.1719037122280622,0.1719037122280622,0.5366718166884095,1.0090388779793562,0.5870668606690261,0.30105838737663204,1.0024493058588866,0.5864744400889063,0.030072745824957836,0.06542812535887538,0.006531266478334352,0.062382563980119266,0.6564399161171077,0.062382563980119266,1.0271569522086015,0.5870668606690261,0.5870668606690261,0.006535334067355236,0.007338506843820314,0.05641581471202989,-0.005168275428756697,0.006531266478334352,0.006558523285310924,0.5870668606690261,0.5870668606690261,0.5870668606690261,0.062382563980119266,0.006531266478334352,0.30105838737663204,0.006531266478334352,0.5876436606888343,0.3029142529582637,0.02137373803330589,1.0024493058588866,0.5871239065088334,0.007259728836370827,0.18763999945986667,0.03691467074780308,0.006531266478334352,0.05275447480829537,0.587094496731162,0.023428385733054613,0.5870958505553068,0.5882421700455488,1.0024493058588866,0.5870668606690261,0.5870668606690261,0.17796248969619252,0.006531266478334352,0.5870720551375856,0.006531266478334352,0.5870668606690261,0.5877579486571995,0.3303245534164509,0.006531266478334352,0.17208579090201237,0.006531266478334352,0.006531266478334352,0.006531266478334352,1.0024834705999646,0.044692965977561505,1.0024493058588866,0.5880235894554665,0.0065557921868443225,1.0661976305973198,0.29499173682267316,0.006531266478334352,0.006460047519265377,0.30212201077528555,0.008010021811169,0.5870668606690261,0.6440112908518614,0.09785712814343225,0.0065325640980624655,0.3010917472975671,0.303009254643637,-0.04221522317418089,0.006699413044310709,0.5870668606690261,0.006531266478334352,0.30105838737663204,0.1720807187950601,0.006558523285310924,0.026263512693132707,1.0770015251367115,0.17394840081220775,0.30105853958057505,0.006531266478334352,0.3023491737640011,0.06803656243117928,0.5870668606690261,0.5870668606690261,0.008010021811169,0.020635354100617675,0.6176443050831879,0.587094496731162,0.5870668606690261,0.5870668606690261,1.0030418821434401,0.006609950401554987,0.007259728836370827,1.0039522694492526,0.05476818213846896,0.006573733822209271,0.5870668606690261,0.5870668606690261,1.0024493058588866,1.0024493058588866,0.05959582118970075,0.006531266478334352,0.5943580736481983,1.0024493058588866,0.006531266478334352,0.5870668606690261,1.0682322169377683,0.006631500663098477,0.6178623446149714,0.008555904120073732,0.5870668606690261,0.2950732265337642,0.600194451400979,0.006560249616046954,1.0024493058588866,1.0286693242214604,0.006536693136019844,0.006536693136019844,-0.04221750891716716,0.014165203586356812,0.5870668606690261,0.006531266478334352,0.007259728836370827,0.30555981828740386,0.5870668606690261,0.5879220826403895,0.587094496731162,0.027247506412252542,0.006531266478334352,0.0073696698119186665,0.5870668606690261,0.2115759000323404,0.028034926487104428,0.006535334067355236,0.14975415949325582,0.3545130777400848,0.03379160715429497,0.3092086860901146,0.30105838737663204,0.18745134269187688,0.006531266478334352,0.008010021811169,0.6034159463467638,0.006531266478334352,0.006531266478334352,-0.04221750891716716,0.5870668606690261,0.008301999413883154,0.04151078727638674,0.006531266478334352,0.06242632033237877,0.006324953841986669,0.006558523285310924,-0.04221750891716716,1.0024493058588866,0.5870668606690261,0.006531266478334352
chr3:196287752:196287753:NM_005017:PCYT1A,0.2648377403860237,0.056715399442345465,0.27081767696069536,0.3683341585516578,0.3724844939123083,0.4588897000063942,0.8297296542775326,0.3685557346741672,0.004326361878699281,0.039688434017396856,0.012731475128026304,0.132244548914665,0.0027898082338029817,0.8342232901644007,0.7624735818567264,-0.0001479595288607083,0.7624735818567264,0.4599310379124669,0.010448260026172662,0.25535403742408813,0.8583724285769665,0.45289112526942377,-0.0001479595288607083,0.25936881206575724,0.3801851286350266,0.03274456144207319,0.007381479384743622,-0.0001479595288607083,0.25535403742408813,0.8310316530143126,0.8620371041720386,0.9085465326618376,0.8984312622400832,-0.0001479595288607083,0.45289112526942377,0.8311384571986414,0.002543283202876695,0.7285662797739374,0.019629810118439783,0.042631142311326475,0.7285662797739374,0.36832961471806097,0.4072013994492445,0.24888961915809418,0.9277363173706258,0.8289797150485407,0.002370880716367707,0.2464440312089058,0.013956329263118128,0.012169595931349059,0.29593119744462903,0.36839903019804227,0.012731475128026304,0.002543283202876695,0.12405896768973793,0.0053647607998164315,0.9471901452126364,0.3801851286350266,0.041157646641079654,0.01179736504243556,0.297230677179033,-0.0001479595288607083,0.36912785708741225,0.3694112882952703,0.8274389291704836,0.3724827959282211,0.00421835206723617,-0.0001479595288607083,0.004582631994614811,-0.0001479595288607083,0.01124033884355538,0.3603007118637527,0.7752115982220142,-0.00014129024336040352,0.005190401657442167,0.37229803924366756,0.041157646641079654,0.2650322395062825,0.3722938818622225,0.3622700006588712,0.007381474526191784,-0.0007746882451251935,0.007382663533941014,0.2780504238324337,0.04944243533245801,0.13161082118999312,-0.0001479595288607083,0.10922601577963556,0.002370880716367707,0.3801565867864882,0.28221953922629694,-0.0001479595288607083,0.3720910116363635,0.7285660618745984,0.0027898082338029817,0.3683337639294906,0.2710163197794899,0.9274717935997284,0.24593585592111655,-9.512975028500015e-05,0.002370880716367707,-0.0001479595288607083,0.8213131320981419,0.8175509427311306,0.7841258363151007,0.9277368861422554,0.8305408520872103,0.9065245671658837,0.3801565867864882,0.3724844939123083,1.300492590432146,0.8390995983377669,0.38480204113641897,0.36891976912326113,0.3685540349524034,0.24593408705505662,0.8287274738788662,0.3683341585516578,0.830452152151577,0.4153798646562297,0.13160218578525593,0.1332004095673227,0.30980240159765354,-0.0001479595288607083,-0.0001479595288607083,0.9302008434811206,0.3685557346741672,0.7286341692222083,0.25049515464309347,0.002370880716367707,0.8254204058485664,0.7285662797739374,0.2663311620157084,0.3685557346741672,0.38017683916824296,0.3801042010940041,0.3801042010940041,0.3685544599307714,0.37859090372964305,-0.0001479595288607083,0.840520897585366,0.8487023459148123,0.42490335986500677,0.014800999006776033,0.2571214692878747,0.24593585592111655,0.2640732621865939,0.8362261893997732,-0.0001479595288607083,0.4469318978057437,0.36930628698635426,0.14084923201385344,0.8295017234942612,0.8204081684504398,0.04413573195823986,0.8189037876478714,0.3685511464956628,0.0073786448420780915,0.38015762742746567,0.37228349841252484,0.3801851286350266,1.300593084604458,0.002370880716367707,0.38019278159768666,0.002370880716367707,0.0042389918586064335,0.3688965239226045,0.8437956450300775,0.38111649164847705,0.27802224625252214,0.8187980055323408,0.8285489462370135,0.451294180546953,0.3683341585516578,0.4338462549849571,0.13160218578525593,0.009693610036524719,0.7285154860214018,0.4502635240146954,0.40665514271502035,-0.0025390915202006537,0.3683341585516578,0.36536484534945124,0.36401949561434277,0.36316214056369667,0.002543283202876695,0.7285506515345641,0.3724844939123083,0.15202319854859128,0.002543283202876695,0.8412656079438838,0.0005905723186436507,-0.0001479595288607083,0.002370880716367707,0.8260799538013892,0.27252248485643116,0.3683341585516578,0.3681008268785559,0.8374550599383783,0.9526263155380053,0.004824279130536624,0.002543283202876695,0.3618276899971202,0.38287059402947066,0.24746651428506086,0.3801851286350266,0.40705953557195496,0.24893481413870208,0.3685637858606934,1.000252208152638,0.8280200572143279,0.008939539155531001,0.36839903019804227,0.8366404976932857,0.002543283202876695,0.13160218578525593,0.8302334470570697,0.0073786448420780915,0.9335640367626327,0.450706153892731,0.0015543886303238386,0.8331794092919862,0.24593585592111655,0.8404418757696854,0.9266094072903281,0.3683341585516578,0.00421835206723617,0.2474349601305735,0.36890120761104345,0.182643256451363,0.3685557346741672,0.8525298117959172,0.13535117623573692,0.36969677735668616,0.004360824394523649,-0.0001479595288607083,0.43484369971322706,-0.0001479595288607083,-0.0001479595288607083,0.7630738045956793,0.7746851173157607,0.3683341585516578,0.37300795888278787,0.3571077480675475,-0.0001479595288607083,0.8366418000253173,0.37402542924406373,0.002370880716367707,0.37228349841252484,0.46361285421863907,-0.0007796380455886154,0.016924421885436525,0.246387898132806,0.13159397633569908,0.36930985613106204,0.04269686441236056,0.8331794092919862,0.37228349841252484,0.7775902333535919,0.8299990692528076,0.8299990692528076,0.007174610634157752,0.4487838945227785,-0.0001479595288607083,-0.0001479595288607083,0.014073160548169789,0.3683341585516578,0.7560526638516707,0.9286990127320908,0.1443821780326116,0.8333596446838589,0.8246029885751629,-0.0001479595288607083,0.3682775633532397,0.004848786725506066,0.375996609717749,0.002370880716367707,0.4210626490024647,0.3724844939123083,0.036212905956470226,0.8295115645320328,0.2618767348415256,0.8366404976932857,0.0002697960342685213,0.24746651428506086,-0.0001479595288607083,-0.0001479595288607083,0.002543283202876695,0.0002697960342685213,0.37335719016728564,0.8717259469328886,-0.00014788017817629617,0.3683341585516578,0.3718290147988814,0.4289905628040317,0.0017539072681965195,0.004582631994614811,0.37228349841252484,0.8268318338603775,-0.0001479595288607083
chr3:196432474:196432475:NM_015562:UBXN7,0.22910937863048858,0.0013984604750219287,0.030147720697174807,0.37399990545901574,0.029626444630225374,0.0765441870709947,0.0033013860167160625,0.05996401655647582,0.0014542151544337245,0.19857728855584064,0.030654034495254084,0.19689382243072318,0.19756618983616167,0.23524582434388022,0.006659478365643378,0.02791173538513006,0.7703390071906024,0.0411764573969933,0.029603587752737276,0.029359892905900048,0.02698480631096581,0.03474126649461784,0.05474027139018359,0.26895898628894344,0.37399990545901574,0.029356950903227763,0.006629257237321967,0.05474027139018359,0.00307948288895879,0.034635910598434294,0.03316596706205266,1.1129662833803327,0.030451887267125388,0.0014447029967313285,0.059150184826819246,0.26971288617270023,0.00307948288895879,0.37399990545901574,0.03240502711756349,0.013695985260843226,0.006736187484585576,0.7703390071906024,0.004431860070199717,0.029356950903227763,0.0298138561409437,0.006188424912692642,0.0030766077958278293,0.029334466105481183,0.003825713479659265,0.006884411428261655,0.3738017396859442,0.006739700154756487,0.030654034495254084,0.00307948288895879,0.7703457061021064,0.003292884297160209,0.055383901429785755,0.006735087263981176,0.0031356820600177415,0.006659478365643378,0.4818132273308439,0.003051313549679635,0.16923666494134632,0.7727121194697194,0.2358165485496697,0.0033087635449264297,0.003051313549679635,0.0014447029967313285,0.003051313549679635,0.003051313549679635,0.004068753045786577,0.029616427038947152,0.7703457061021064,0.003051313549679635,0.0033157290175610254,0.026970123180679317,0.0031356820600177415,0.20365405948784757,0.4058932334772224,0.37399990545901574,0.0030561309693387384,0.3735662156760088,0.37400658153758115,0.006264593983248834,0.02722321518264395,0.006704744560103023,0.37357288957425056,0.24413171972153985,0.0030766077958278293,0.37473687600445205,0.054177029831100565,0.008335834674219916,0.006735087263981176,0.0033504561567027358,0.1361554776721428,0.0038695450258243447,0.0030658771359107218,0.7716845782543609,0.003051313549679635,0.0030556946771888582,0.029356950903227763,0.37389758743245927,0.003592511606533899,0.13613714182854775,0.5466307179452322,0.02980962424989969,0.015074645212840604,0.8230626968434755,0.37473687600445205,0.0030766077958278293,0.006659478365643378,0.026987066137090288,0.374033750438698,0.006735087263981176,0.00654978909284905,0.003055265107835825,0.42594137455401937,0.7703431362251973,0.0033338353592598513,0.006449501713321315,0.006659478365643378,0.006704794711553438,0.19931865468050367,0.37357288957425056,0.0032900086376335125,0.054098105461562046,0.003051313549679635,0.0030561309693387384,0.030204987370432368,0.0030766077958278293,0.007763163263914149,0.006736187484585576,0.03294767876660945,0.003051313549679635,0.006735087263981176,0.006774015686142871,0.006774015686142871,0.0032645760857945016,0.23239448504843452,0.003051313549679635,0.7796611183929365,0.042116272309362074,0.046478835300923546,0.016058675738065104,0.05617352689291555,0.003051313549679635,0.02944095924856452,0.029651010165178793,0.029331157658447432,0.3812828612229341,0.006578624948853981,0.0033338353592598513,0.04542404247314277,0.029521716870576364,0.014321690607736026,0.0030618374872506127,0.006735087263981176,0.002706223432806215,0.006740800354505128,0.3740364652512197,0.37357288957425056,0.0066619445320178355,0.0030766077958278293,0.3735662156760088,0.0030766077958278293,0.0030072224911259215,0.768910304601284,0.6431342910642955,0.006736187484585576,0.04525465523979736,0.03444473529474912,0.007074506042835113,0.8266604620183773,0.003051313549679635,0.014478500908771544,0.0033338353592598513,0.02159609080210108,0.0067750641159295185,0.37837058738933643,0.16013183397630737,0.006704794711553438,0.006735087263981176,0.0066976432946887696,0.0030896625292784474,0.006734612488596484,0.00307948288895879,0.0029726747237038553,0.3735960880740005,0.04410665524408573,0.00307948288895879,0.026996101161462255,0.0032944128569166453,0.006735087263981176,0.0030766077958278293,0.37399990545901574,0.05910707939172605,0.006897863032197339,0.37755992948754635,0.7786385289866153,0.3754013292433398,0.2695253528314283,0.00307948288895879,0.006659478365643378,0.003443499503752112,0.003059207764801397,0.003051313549679635,0.18753912394401787,0.0330324601827843,0.003051313549679635,0.02989871882304007,0.03573330672681144,0.13612293827583738,0.37357160999002503,0.0067373084027469495,0.00307948288895879,0.0030589713303244004,0.026999100594123637,0.002706223432806215,0.5462692621619865,0.055313163074410074,0.02141069271481716,0.029365540196052614,0.16923666494134632,0.08151369112641071,0.029812393777636115,0.37399990545901574,0.003051313549679635,0.003057016436014137,0.003051313549679635,0.19575815827520993,0.003051313549679635,0.006931034586056354,0.3735662156760088,0.006904952045343998,0.003009277079303624,0.029331157658447432,0.4163107135471538,0.003051313549679635,0.005891319603704842,0.0033386536100457054,0.006735087263981176,0.006735087263981176,0.0067736075626275635,0.05940641368880201,0.3735662156760088,0.0033338353592598513,0.006753604020358782,0.0030766077958278293,0.00676962173891405,0.05512552454715021,0.003052424755369293,0.05359816883875182,0.003098447937595089,0.006660586564840447,0.00689896030844089,0.1386572090014228,0.40470940626843566,0.00676962173891405,0.37430418313011693,0.4043942199116325,0.4043942199116325,0.307284098362856,0.003295572720176082,0.006659478365643378,0.003051313549679635,0.006428410593139231,0.006736187484585576,0.18756439728459934,0.5479783483318137,0.045265754754072046,0.006674999014366552,0.029616471746821887,0.003051313549679635,0.006735057996579601,0.0035847772385553256,0.01596185743403586,0.0033591373493976895,0.000992182506790229,0.055132374131935426,0.004089127650730301,0.007733138504510212,0.04949278801324439,0.0067373084027469495,0.003051313549679635,0.003059207764801397,0.029331157658447432,0.004349827207247442,0.00307948288895879,0.19688909621216377,0.13646655752623252,0.027992968353479586,0.006659478365643378,0.006735087263981176,0.003482231628559068,0.023392890215545883,0.0066640913906255775,0.13612293827583738,0.006855738844536779,0.7703390071906024,0.029331157658447432
chr3:196968871:196968872:NM_025163:PIGZ,0.0035182801035249303,0.02476952492823014,0.012455211006061041,0.3815246410695915,0.0035182801035249303,0.09004887152603389,0.05770531037309311,0.0035182801035249303,0.0035182801035249303,0.003477179162676404,0.005381214867502378,0.2440060470053909,0.0035182801035249303,0.0035182801035249303,0.1204351370265972,0.0035182801035249303,0.39131536973733866,0.13182823864284807,0.08040713420958609,0.0035182801035249303,0.10827792755806262,0.0035182801035249303,0.0015122686562816928,0.011741001689519324,0.10914970679240632,0.0035182801035249303,0.6151946885968453,0.0035182801035249303,0.0035182801035249303,0.003534436748818738,0.006309640315255577,0.5063608443532043,0.08902833240320988,0.0035182801035249303,0.0035182801035249303,0.22156750760827074,0.0035182801035249303,0.31589028763525034,0.0017822369727788778,0.005778194124160925,0.8125612701162348,0.3360016490304116,0.15106479171440257,0.02152060505164516,0.07968577542475805,0.24631453724555136,0.0035182801035249303,0.0035182801035249303,0.004411565085789611,0.38347922448941196,0.15218818699757186,0.07712264562454113,0.08127977897767086,0.0035182801035249303,0.4561165988751545,0.0035182801035249303,0.36670055805571683,0.2857839148300182,0.024402772259541076,0.24503761411835473,0.15218818699757186,0.005936649680162019,0.021263210258502432,-0.0612362914104423,0.07926744481607821,0.07738177461740336,0.08392636131745633,-0.05926481816077152,0.021498610078641338,0.0035182801035249303,0.002936851935902353,0.0035182801035249303,0.3183006900734048,0.07098180210242719,0.007697379352805095,0.07952671813207121,0.024402772259541076,0.008654709807902242,0.8153556693951419,0.10914970679240632,0.8137788790708245,0.0015122686562816928,0.37802359824727094,0.8212994868234527,0.001780231005573188,0.8460209263932938,0.282061167672996,0.3025330168890544,0.0035182801035249303,0.335982330230646,-0.0382460934864593,0.001780231005573188,0.07710761580429118,0.39084034981173266,0.09888042996438766,0.3355996395073894,0.12404684227222168,0.4707822793974441,0.0035966224234224714,0.02316763455121354,0.0035182801035249303,0.0035182801035249303,0.007466030950152774,0.07710761580429118,0.0052369164514094665,0.07968577542475805,0.001780231005573188,0.3742780550686944,0.8137794292189446,0.0035182801035249303,0.0886892780168187,0.09537332446018942,0.42777050618243406,0.6070523850655083,0.07725837508874075,0.0075446577586646205,0.07300741213422007,0.08391121060688012,0.3810790543263104,0.003118776066859001,0.2732025509244186,0.8023410940541229,0.03338272794795243,0.28168159922381186,0.0035182801035249303,0.13923709826983113,0.0015122686562816928,0.6206765927377522,0.006640611949207023,0.0035182801035249303,0.2708725422179928,0.08391121060688012,0.005990033970322946,0.0023242110099653407,0.282042454015498,0.07712264562454113,0.07712264562454113,0.07768347908670437,-0.009017192498490263,0.3810571473388634,0.3875994947571999,0.4784916717761339,0.08976388727422173,0.022371502685044488,0.004015122467663126,0.0015122686562816928,0.0035182801035249303,0.17573530611886837,0.0035182801035249303,0.38665186897384185,0.39084059981769415,0.8137788790708245,0.07926744481607821,0.0015641968115328517,0.08998459932719959,0.0015122686562816928,0.16223872391862332,0.07710761580429118,0.39503808332216656,1.146080419929033,0.282061167672996,0.004506868556685882,0.0035182801035249303,0.002207178048668712,0.0035182801035249303,0.22849156453919722,0.8464337553812671,0.08183283000442101,0.3954697726700743,0.32267834150251684,0.07926744481607821,0.07300741213422007,0.04921236054417693,0.601640757520082,0.3156421926115875,0.3815246410695915,0.02209932368107636,0.33274570428204053,0.3837161343866283,0.1416977032772741,0.07710761580429118,0.08417279789936612,0.5233129571870937,0.47433983762217286,0.0818479521500338,0.0035182801035249303,0.005357822106816762,0.07710761580429118,0.034061387268583945,0.0035182801035249303,0.09537332446018942,0.28166290017273793,0.003932799434891769,0.0035182801035249303,0.08534990460054986,0.0037722464073038295,0.07710761580429118,0.03514908962707846,0.26507534829750334,0.3440777355457012,0.2545844839057862,0.0035182801035249303,0.0033700896665009306,-0.05220344592950203,0.005952975915378009,0.3954697726700743,0.0777511058045023,0.003605511277253122,0.22888790238342138,0.05824687041225986,0.2945452376812166,0.021498610078641338,0.0038331317163928444,0.5103637626637493,0.0035182801035249303,0.38560072750671015,0.09537332446018942,0.07710761580429118,0.2777637103920042,0.08611633537686166,0.09003880158487566,0.07926744481607821,0.1748305510542291,0.07926744481607821,0.013347450903547945,0.07712264562454113,0.0015122686562816928,0.006601467278844066,0.07710761580429118,0.2528035897432249,0.0015257829919150534,0.39372691046537084,0.27318404447786326,0.13674092442117594,0.08916563149412458,0.0015122686562816928,0.40616657049767346,0.06050066748275825,0.08916563149412458,0.3960968421922527,0.4092629486223702,0.3912931538810179,0.8139386579756223,0.0037870838320320233,0.3810571473388634,0.3810790543263104,0.41775955309454954,0.0035182801035249303,0.3912931538810179,0.9014644824531719,0.08916563149412458,0.32123670391853526,0.024385407596499743,0.8016823000977665,0.0030909754318981797,0.15234643679472193,0.0035182801035249303,0.8137788790708245,0.5170036242174486,0.09537332446018942,0.09537332446018942,0.021498610078641338,0.03654406825141044,0.07736673784838093,0.0035182801035249303,0.0015122686562816928,0.0015122686562816928,0.3118813346249595,0.1776677424536326,0.33159828788392437,0.032204562813242,0.0035182801035249303,-0.0008655052157636421,0.027713186256421225,0.005079882156371764,0.0024222344494749734,0.0035182801035249303,0.2558062254578657,0.10613754861522262,0.0017533080754454713,0.2585569626717257,0.08651833338402407,0.5103637626637493,0.0015122686562816928,0.006031420287442413,0.0035182801035249303,0.0035182801035249303,0.0035182801035249303,0.011720637662077642,0.0035182801035249303,0.024385407596499743,0.6113647606884618,0.11447846112789203,0.07926744481607821,0.2153863224061422,0.038640675259915186,0.021498610078641338,0.39143379641581655,0.08391121060688012,0.0015122686562816928
chr4:6782731:6782732:NM_001100590:KIAA0232,0.1499666974447724,0.16120523901565809,0.02963624350317917,0.2975835408761672,0.001620751150228722,0.16401181954951127,0.00281243252512664,0.001620751150228722,0.10714036597448853,0.08061944931644507,0.0442542360228719,0.0765761386488637,0.019600014546289873,0.15248520324649428,0.5967541264042074,0.0016000225729650708,0.5999744004494136,0.1654646979581768,0.002627291082791583,0.014447877720047991,0.06677913834988689,0.013512819980484453,0.0016000225729650708,0.12194072769068912,0.2987464169241453,0.07226214780618542,0.05971725969376842,0.013049300894713872,0.07168901017814086,0.004609523940831001,0.0906598754686109,0.6753979775719137,0.10537151111580359,0.10681148024638781,0.013215654826384149,0.06089072281098138,0.001620751150228722,0.2987464169241453,0.0107169372729983,0.039536792502992996,0.6055634813604718,0.6393609838510785,0.06259489959545544,0.09096000492269676,0.3373697962685199,0.6616814646521215,0.0016000225729650708,0.02460520243390918,0.08472260105003937,0.07504703734475537,0.07669687094916416,0.2987464169241453,0.04613772078401171,0.001620751150228722,0.6430891152835216,0.002627291082791583,0.7008031809020048,0.06828591423272151,0.03466245596190251,0.6328214341647471,0.04488406531450423,0.002179289296034892,0.25426360054640407,0.08037737739477954,0.01726341338741144,0.0032358176509357517,0.05971725969376842,0.10710495689034769,0.20025964823982503,0.016984330194973335,0.04447907994059938,0.002998293840890759,0.30723574738794995,0.004479433184256948,0.05930048124416277,0.014889703333286097,0.03466245596190251,0.010776333780824543,0.10359781748885574,0.2987464169241453,0.6032758628765604,0.00589862878826411,0.0758600861478976,0.09467404092511959,0.010696075666455168,0.6289269984224468,0.2987464169241453,0.1286758306196723,0.0016000225729650708,0.3688935551166718,0.08095217267136051,0.05940478966179863,0.002008871471872953,0.06231843687550408,0.21587515424079995,0.6434170232286252,0.07379264231363511,0.6567217679854287,0.012763532323543297,0.0016235311278936793,0.002630074732081489,0.016984330194973335,0.05740084237286058,0.0019187185492439973,0.10539953964246077,0.3045638906050023,0.1856912569503567,0.6328223033583291,0.15132067929930443,0.0016000225729650708,0.060804380786403954,0.035914911641930725,0.6064407688138891,0.299057560392687,0.2987529092381165,0.059793177600051844,0.7641695170637768,0.6055966511175729,0.5967627509369803,0.21370073262385475,0.2987464169241453,0.603609904143062,0.08444372892618662,0.002173856006507935,0.016984330194973335,0.21908640002476504,0.17066232521128163,0.05971725969376842,0.12152486072647825,0.001620751150228722,0.6925910874394362,0.6049436271430035,0.10923699368259232,0.09070453919037846,0.6224002272247626,0.2987464169241453,0.2987464169241453,0.6078954276206561,0.12365033747698917,0.05971725969376842,0.06224024696294689,0.06345926893436324,0.2978683965877424,0.07561175438416631,0.10325499766337753,0.0016000225729650708,0.0031286834700461896,0.6450130267263341,0.0016000225729650708,0.08784973355092698,0.5967541264042074,0.05986854957087402,0.07655077612595992,0.17448047313892173,0.18181908834554017,0.0476250498276328,0.0593421000688506,0.03466987340016925,0.2987464169241453,0.6038561281666852,0.2987464169241453,0.26911537168013844,0.0016000225729650708,0.06600009104677695,0.0016000225729650708,0.37040633568167847,0.6415512501465617,0.21041316361312995,0.6049436271430035,0.6346412489796178,0.05986854957087402,0.03731288766179314,0.04179736962561742,0.002008871471872953,0.15194303309393437,0.05986854957087402,0.04002099733418554,0.2987464169241453,0.07436501637585735,0.13831011464274823,0.0599212730184213,0.6049436271430035,0.7742329775750296,0.0023838494318299264,0.016836991924036815,0.001620751150228722,0.6049071010022311,0.2978683965877424,0.013914116098650259,0.001620751150228722,0.03917573912092409,0.05971725969376842,0.05927628056851902,0.0016000225729650708,0.6217678712258795,0.026003773293430454,0.3005448053576412,0.04000566005650849,0.597389985268761,0.38450681387921964,0.05970236018155654,0.001620751150228722,0.0655155812853161,0.04109923452540046,0.03207219676708689,0.05986854957087402,0.616333582707695,0.10538689336757523,0.7461502862165232,0.045292336188043236,0.6867235403261681,0.2713124976562072,0.1778771154035562,0.3393594431810868,0.001620751150228722,0.05971725969376842,0.09788143587661621,0.03464494000107149,0.13871999663440313,0.44691755957637297,0.16909644592156975,0.03166356194621736,0.001620751150228722,0.0032014059508360115,0.23306474645317785,0.2987464169241453,0.05927628056851902,0.12097494818393809,0.003628441558807899,0.7229773917918162,0.002173856006507935,0.6190119456435742,0.05986854957087402,0.687926960720274,0.005734768986258465,0.013028330251957182,0.3410887853602503,0.3680896969379833,0.0026691141804933705,0.6064756284390627,0.640731191481307,0.6049442475352786,0.6190119456435742,0.06535690042880524,0.3009224394111346,0.2975868119193811,0.8058991661095308,0.0016000225729650708,0.6056127670308578,0.8742009278617779,0.03605371775042848,0.6564262673215928,0.002247688680379334,0.6032367153317255,0.31562797936251563,0.29028485271993654,0.0017789104468719785,0.6189618597674709,0.6102178342264297,0.05986171443673574,0.05986171443673574,0.27106938168820316,0.0319490260425454,0.002173856006507935,0.0016000225729650708,0.0352428070009804,0.10855598786838555,0.7580477705224571,0.1894072858302886,0.6584966008078461,0.020219996269560003,0.002815216737791837,0.001764935909621318,0.6049547241652861,0.4846957319005171,0.039853036254118845,0.0016028024865503698,0.17723195367787242,0.0749045904804427,0.004012330607295722,0.7822526392575688,0.08147537568537791,0.002194593422818386,0.05927628056851902,0.12097494818393809,0.013028330251957182,0.026847866746908977,0.001620751150228722,0.12185148202186477,0.38530588282011186,0.10276959668366945,0.2985735682724515,0.07381141263782987,0.01873276799579973,0.043327270162093895,0.004475616571065072,0.20003692681477284,0.6189618597674709,0.596814178480797,0.003607679540715253
chr4:26583923:26583924:NM_001292054:TBC1D19,0.7150840451493155,0.817281085655192,0.5724642786391654,0.572405319482924,0.29878638974864097,0.8017130522689897,0.6842431548129277,0.4169521739613477,0.279350978995797,0.6873600067303507,0.135774346250989,0.5869210174279401,0.33841284991096654,0.6771696252737317,0.572405319482924,0.7275688899636361,0.572405319482924,0.5025030484059089,0.6765410463079504,0.007382311289286181,1.2674594653187001,0.40475700401910675,0.135774346250989,0.21640250699906305,0.572405319482924,0.007433644629230823,0.007382311289286181,0.135774346250989,0.572405319482924,0.16993918944659064,0.5828523492881578,0.7085662650362683,0.8884890135825958,0.2248106114647557,0.5627195146248325,0.7233748134221408,0.007382311289286181,0.572405319482924,0.13734367468089922,0.6210824334899188,0.572405319482924,0.572405319482924,0.135774346250989,0.13703669181169725,0.5620901825870982,0.6400016812428405,0.135774346250989,0.15597992919874804,0.5840210975315188,0.5736642866310121,0.572405319482924,0.572405319482924,0.6842431548129277,0.135774346250989,0.572405319482924,0.007433644629230823,0.007389094152542408,0.572405319482924,0.13658439724741867,0.21151563520895322,0.21151563520895322,0.5724245117331196,0.04523157599982257,0.2534114160236608,0.7964565740256156,0.572405319482924,0.007382311289286181,0.18776653692024065,0.6150099278332339,0.13660634584737952,0.007382311289286181,0.13657625858080885,0.572405319482924,0.007557913584118031,0.29878638974864097,0.13579314996660058,0.13784739161794488,0.25477003351120175,0.007382311289286181,0.572405319482924,0.007382311289286181,0.14195348926100848,0.626267796962879,0.20969679278971232,0.14768291253578847,0.007382311289286181,0.572405319482924,0.016546114402286455,0.007382311289286181,0.007382311289286181,0.572405319482924,0.1946689701767611,0.5724053877443974,0.007382311289286181,0.572405319482924,0.572405319482924,0.6744135088977783,0.7086285977852949,0.007382311289286181,0.007382311289286181,0.135774346250989,0.35492367318107626,0.36947372103102044,0.5759447673484641,0.5724119259638396,0.2997266319034423,0.007382311289286181,0.4162331903967394,0.007382311289286181,0.6842431548129277,0.6035302929376126,0.6849146681528467,0.572405319482924,0.572405319482924,0.572405319482924,0.5724931696360183,0.7131431536530206,0.21151563520895322,0.572405319482924,0.25158777276774746,0.572405319482924,0.007382311289286181,0.6803467110400796,0.572405319482924,0.35455067655494266,0.8920829053943187,0.007382311289286181,0.007382311289286181,0.7428782465715817,0.007382311289286181,0.5724635774837699,0.572405319482924,0.5781659539581432,0.007382311289286181,0.007382311289286181,0.21151563520895322,0.21151563520895322,0.5778164284582115,0.6046528504158294,0.007382311289286181,0.6048729411967266,0.572405319482924,0.572405319482924,0.05245516648097073,0.14768291253578847,0.135774346250989,0.007433644629230823,0.8878289272943218,0.29665245143573704,0.009833565212257256,0.572405319482924,0.007382311289286181,0.6069597951602415,0.13738411991003005,0.007491624780069567,0.2116066200821532,0.2116066200821532,0.620935570302988,0.572405319482924,0.572405319482924,0.572405319482924,0.7291315678323943,0.007382311289286181,0.21199790320039308,0.007382311289286181,0.007382311289286181,0.5727049437738831,0.41737411977473227,0.572405319482924,0.684320391757743,0.6771696252737317,0.4148415282972647,0.5801380572579251,0.007382311289286181,0.008023937916313922,0.007382311289286181,0.21188383339081024,0.572405319482924,0.009832992210166841,0.6842431548129277,0.5724053877443974,0.572405319482924,0.20969679278971232,0.5887048695855743,0.572405319482924,0.135774346250989,0.572405319482924,0.572405319482924,0.08633636756404317,0.007382311289286181,0.6876264860709353,0.13583937693751075,0.572405319482924,0.007382311289286181,0.135774346250989,0.13734367468089922,0.572405319482924,0.007382311289286181,0.6048843219852327,0.6064526229698151,0.7036965770392494,0.007382311289286181,0.0073840528374723435,0.6859090377708885,0.0074547081014469385,0.007382311289286181,0.5705858970759774,0.13950446455938004,0.007382311289286181,0.1371017769997164,0.21458605665455505,0.6035302929376126,0.007382311289286181,0.5759447673484641,0.135774346250989,0.007382200890398621,0.6846030231489122,0.620935570302988,0.6784584137461711,0.5840403658347995,1.4324911524328208,0.135774346250989,0.6851589583150108,1.2231827333480425,0.8902907812241607,0.572405319482924,0.6842431548129277,0.0074547081014469385,0.135774346250989,0.5713089706145537,0.572405319482924,0.21151563520895322,0.007382311289286181,0.015936226998946257,0.5792222635704485,0.21151563520895322,0.5724072691537982,0.011741330168448638,0.007382311289286181,0.007382311289286181,0.572405319482924,0.35792608690276306,0.5729152752384692,0.13651120323855898,0.007382311289286181,0.5724245117331196,0.572405319482924,0.135774346250989,0.572405319482924,0.6035371488502312,0.6179057164030409,0.13657625858080885,0.007382311289286181,0.007382311289286181,0.5759447673484641,0.011161545436261466,0.354624706494594,0.572405319482924,0.5725233489468373,0.135774346250989,0.135774346250989,0.6035302929376126,0.3594880265850871,0.572405319482924,0.007382311289286181,0.2116066200821532,0.007382311289286181,0.572405319482924,1.26699502919921,0.684320391757743,0.6852362305151487,0.5609903700039535,0.007382311289286181,0.21151563520895322,0.5752099463458947,0.571665123733508,0.6842431548129277,0.572405319482924,0.007382311289286181,0.35969348725995737,0.5741740961711468,0.603603343923595,0.5759640083485005,0.007382311289286181,0.0074547081014469385,0.007382311289286181,0.6842431548129277,0.135774346250989,0.07374597249232144,0.572405319482924,0.684453474224876,0.008942836624771744,0.572405319482924,0.35455067655494266,0.01662429983117912,0.572405319482924,0.04523157599982257,0.572405319482924,0.5724245117331196,0.007382311289286181
chr4:44448807:44448808:NM_198353:KCTD8,0.00026568571430268806,0.00026568571430268806,0.0040424428292177295,0.09749860577905628,0.00026568571430268806,0.00026568571430268806,0.00026568571430268806,0.00026568571430268806,0.00026568571430268806,0.001989286146234115,0.00026568571430268806,0.00026568571430268806,0.00026568571430268806,0.00026568571430268806,0.00026568571430268806,0.00026568571430268806,0.151084351904599,0.04350527804692417,0.00034599569886295534,0.00026568571430268806,0.005018030746533841,0.005748742604347656,0.00026568571430268806,0.09749860577905628,0.00026568571430268806,0.00026568571430268806,0.00026568571430268806,0.00026568571430268806,0.00026568571430268806,0.00026568571430268806,0.00034599569886295534,0.151084351904599,0.10191381684452461,0.00026568571430268806,0.008271270379511086,0.151084351904599,0.00026568571430268806,0.00026568571430268806,0.09776107032411635,0.013700679178215325,0.00026568571430268806,0.151084351904599,0.0002921521658028614,0.00026568571430268806,0.00039765839609029463,0.09749860577905628,0.00026568571430268806,0.00034599569886295534,0.00026568571430268806,0.00026568571430268806,0.0019297381316186746,0.151084351904599,0.00026568571430268806,0.00026568571430268806,0.2728101228965024,0.00026568571430268806,0.00026568571430268806,0.151084351904599,0.00034599569886295534,0.00026568571430268806,0.0019297381316186746,0.00026568571430268806,0.00026568571430268806,0.00026568571430268806,0.00026568571430268806,0.00026568571430268806,0.00026568571430268806,0.00026568571430268806,0.00026568571430268806,0.00026568571430268806,0.00026568571430268806,0.00026568571430268806,0.151084351904599,0.07466644536693573,0.00026568571430268806,0.00026568571430268806,0.00034599569886295534,0.06673427117467651,0.00026568571430268806,0.00026568571430268806,0.09025572551605271,0.00026568571430268806,0.00026568571430268806,0.09749860577905628,0.00026568571430268806,0.00026568571430268806,0.00026568571430268806,0.00026568571430268806,0.00026568571430268806,0.00026568571430268806,0.00026568571430268806,0.00026568571430268806,0.151084351904599,0.00026568571430268806,0.151084351904599,0.2728101228965024,0.00026568571430268806,0.09749860577905628,0.00026568571430268806,0.00026568571430268806,0.00026568571430268806,0.01600852289541177,0.0039618986997977945,0.00026568571430268806,0.151084351904599,0.004069023161916208,0.00026568571430268806,0.00027100654481487796,0.00026568571430268806,0.00026568571430268806,0.00026568571430268806,0.0002682629879496301,0.00026568571430268806,0.151084351904599,0.09749860577905628,0.0039618986997977945,0.09749860577905628,0.151084351904599,0.151084351904599,0.0019623659772354807,0.00026568571430268806,0.2728101228965024,0.07666720828728774,0.00026568571430268806,0.01600852289541177,0.190439964381087,0.00026568571430268806,0.151084351904599,0.026312981226177423,0.0002921521658028614,0.12218151696589552,0.00026568571430268806,0.005864351837387316,0.00026568571430268806,0.151084351904599,0.09025572551605271,0.09025572551605271,0.2728101228965024,0.09749860577905628,0.00026568571430268806,0.00026568571430268806,0.00026568571430268806,0.09749860577905628,0.00026568571430268806,0.09749860577905628,0.00039127751943018874,0.00026568571430268806,0.00026568571430268806,0.00026568571430268806,0.00026568571430268806,0.151084351904599,0.151084351904599,0.00026568571430268806,0.00026568571430268806,0.033565795251573494,0.0039618986997977945,0.09749860577905628,0.0038200753939989784,0.151084351904599,0.00026568571430268806,0.00026568571430268806,0.1565507302350081,0.00026568571430268806,0.00026568571430268806,0.00026568571430268806,0.09749860577905628,0.2039396096897697,0.00026568571430268806,0.3918655597697033,0.00026568571430268806,0.00026568571430268806,0.0002922080201774313,0.00026568571430268806,0.151084351904599,0.07558220042246644,0.151084351904599,0.00026568571430268806,0.00026568571430268806,0.00026568571430268806,0.09749860577905628,0.151084351904599,0.00026568571430268806,0.2728101228965024,0.00026568571430268806,0.151084351904599,0.00026568571430268806,0.15544480074132894,0.00026568571430268806,0.1643085669621675,0.00026568571430268806,0.0013207559868442242,0.00026568571430268806,0.00026568571430268806,0.00026568571430268806,0.00026568571430268806,0.14414578262552974,0.00026568571430268806,0.00026568571430268806,0.1164694135170411,0.00026568571430268806,0.00026568571430268806,0.00026568571430268806,0.09025572551605271,0.00034599569886295534,0.0040798772113721515,0.00026568571430268806,0.16206766886519508,0.005941987236209534,0.00026568571430268806,0.02068802606647363,0.15108222771294466,0.151084351904599,0.0019297381316186746,0.151084351904599,0.00026568571430268806,0.00026568571430268806,0.0002922080201774313,0.0038200753939989784,0.3918655597697033,0.00026568571430268806,0.13367753290857365,0.00026568571430268806,0.00026568571430268806,0.00026568571430268806,0.019858684229523582,0.09025572551605271,0.0003711894696002971,0.07067977512425022,0.00026568571430268806,0.27769984006655146,0.00026568571430268806,0.00026568571430268806,0.00026568571430268806,0.151084351904599,0.00026568571430268806,0.00026568571430268806,0.00026568571430268806,0.00026568571430268806,0.00026568571430268806,0.151084351904599,0.151084351904599,0.00026568571430268806,0.00026568571430268806,0.01600852289541177,0.00026568571430268806,0.151084351904599,0.3313563437099142,0.00026568571430268806,0.00026568571430268806,0.151084351904599,0.0039618986997977945,0.00027017845006477303,0.00026568571430268806,0.151084351904599,0.00026568571430268806,0.2937344329573537,0.00026568571430268806,0.00026568571430268806,0.00026568571430268806,0.00026568571430268806,0.00026568571430268806,0.151084351904599,0.00026568571430268806,0.00026568571430268806,0.00026568571430268806,0.10151665838304896,0.00026568571430268806,0.151084351904599,0.16881941615477258,0.00026568571430268806,0.00026568571430268806,0.00026568571430268806,0.00026568571430268806,0.151084351904599,0.00030306785465505914,0.00026568571430268806,0.00026568571430268806,0.00026568571430268806,0.00026568571430268806,0.0019297381316186746,0.018914800551422806,0.151084351904599,0.151084351904599,0.00026568571430268806,0.07065742282399168,0.00026568571430268806,0.00026568571430268806,0.00026568571430268806,0.09749860577905628,0.00026568571430268806,0.00026568571430268806,0.00036586809482219707,0.00026568571430268806,0.00026568571430268806,0.00026568571430268806,0.00026568571430268806,0.00026568571430268806,0.00026568571430268806,0.09749860577905628,0.00026568571430268806
chr4:52051330:52051331:NM_001297608:SPATA18,0.026498378571825666,0.19550093682792052,0.026498378571825666,0.0827038610065636,-0.0024085191589428285,0.19887438602789265,0.40233511547341216,0.026498378571825666,0.0625737867117025,0.029499552882753396,0.08857426732729992,0.011580085812250014,0.02737203966079612,0.02784317137667173,0.0827038610065636,-0.0024085191589428285,0.3661057909483443,0.24661102797465018,0.026639854385438214,-0.0024085191589428285,-0.0024085191589428285,0.029945023889132213,0.026498378571825666,0.13893053164209068,0.5712118431810307,-0.0024085191589428285,0.5229208050788704,0.026498378571825666,-0.0024085191589428285,-0.0017866380615767959,0.07905583722777322,0.5229208050788704,0.02741157083530188,0.01831982662215941,0.029945023889132213,0.5229208050788704,-0.0024085191589428285,0.13603151412687528,0.012934382015433092,-0.001277075423209531,0.0827038610065636,0.5229208050788704,-0.001091689196433,-0.0024085191589428285,0.19716466122951903,0.5318945145052492,-0.0024085191589428285,0.026498378571825666,0.3661057909483443,-0.0024085191589428285,0.02010265169693852,0.7978232148148844,0.6147992095604156,-0.0024085191589428285,0.5712118431810307,-0.00048256270904665577,-0.0018910379114322265,0.5229208050788704,0.19184082456720286,0.0827038610065636,0.016286772954984246,-0.0024085191589428285,0.15027579115361847,0.17313510504561175,0.026498378571825666,-0.0024085191589428285,0.0827038610065636,0.01831982662215941,0.24099643743998717,-0.0024085191589428285,-0.0024085191589428285,-0.0024085191589428285,0.5363052940552866,-0.0043151694977818875,-0.002409347799070704,-0.0024085191589428285,0.1567426903329777,0.3914998943590756,-0.0024085191589428285,0.5712118431810307,0.0827038610065636,-0.0024085191589428285,0.2344776703975246,0.7978232148148844,0.012934382015433092,0.5229208050788704,0.0827038610065636,0.21226985800831144,-0.0024085191589428285,0.11328992545659838,-0.0024085191589428285,0.01231263922120072,0.18471633738267956,0.0827038610065636,0.25120846418889314,0.5292531554708002,3.645257715443706e-05,0.0935770451365282,-0.0024085191589428285,-0.0018917493988553807,-0.0024085191589428285,-0.0024085191589428285,0.1001763227918836,0.3661057909483443,0.5363052940552866,0.22067243126200553,0.0827038610065636,0.5269472331235899,-0.0024085191589428285,-0.0024085191589428285,0.5712118431810307,-0.0008532345369649913,-0.0024085191589428285,0.13603151412687528,-0.0015403045377070646,0.3693688421540696,0.026498378571825666,0.5229208050788704,0.5229208050788704,0.08909372288888087,0.5229208050788704,0.7978232148148844,0.07327900193611712,0.0827038610065636,-0.0024085191589428285,0.6693072584841877,0.0827038610065636,0.5229208050788704,0.020564386783411465,0.026498378571825666,0.5199894650756066,0.0827038610065636,0.02792019761109024,0.020704412195600607,-0.0024085191589428285,0.08293467722248328,0.08293467722248328,0.5369321687467755,0.13707516448530982,0.5229208050788704,0.23663662400689928,0.5229208050788704,-0.0024085191589428285,0.015434852973771826,0.01396894992910093,0.026941147305121815,0.026498378571825666,0.00046406930415671826,-0.0024085191589428285,0.09202513030737318,0.0827038610065636,0.5229208050788704,-0.0008544486736920628,-0.0024085191589428285,0.00028306344681176343,0.036938610123950465,0.3661057909483443,-0.00227062690421785,0.7978232148148844,-0.0024085191589428285,0.0827038610065636,0.0827038610065636,-0.0024085191589428285,0.5229208050788704,-0.0024085191589428285,0.0827038610065636,0.5318414984815897,0.04175194428904861,0.172636290829228,0.5681746839466864,0.0827038610065636,0.029987135162437284,0.0678998385437041,-0.0024085191589428285,0.3979072124400149,0.5229208050788704,0.014893657480971514,0.0827038610065636,0.07184612799901491,0.7978399776979258,0.18471633738267956,0.5229208050788704,0.3661057909483443,0.3661057909483443,-0.0024085191589428285,-0.0024085191589428285,0.5363052940552866,-0.0021070261851963,0.10287187723049011,-0.0024085191589428285,-0.0024085191589428285,0.0827038610065636,-0.0024085191589428285,-0.0024085191589428285,0.3960718372021651,0.005587422543689541,0.2344776703975246,-0.0024085191589428285,0.3793325934155559,0.3661057909483443,0.0176365287671023,-0.0024085191589428285,0.0944584482996688,0.1760630607597371,0.09990615537864206,0.0827038610065636,0.5372158815973611,0.0268080157628372,0.3661057909483443,0.1890025872302074,0.5318586458665696,0.25120846418889314,0.022613541926641938,0.5253135443131739,-0.0024085191589428285,-0.0024085191589428285,-0.0024085191589428285,-0.00227062690421785,0.5712118431810307,0.08423392414661149,0.025159972577128032,-0.0017997784810037634,-0.0024085191589428285,-0.0024085191589428285,0.21801877215709792,0.0827038610065636,0.0827038610065636,0.1021026625743697,-0.0024085191589428285,-0.0022421446821994295,-0.0024085191589428285,-0.0024085191589428285,0.3661057909483443,0.172636290829228,0.005680682516522577,-0.0024085191589428285,0.23838572899826188,-0.001091689196433,0.005163683732212665,0.5363052940552866,0.5229208050788704,0.5229208050788704,0.0827038610065636,0.006616981747499396,0.3661057909483443,0.5229208050788704,0.5405010191221763,-0.0024085191589428285,-0.0024085191589428285,0.5239650306031945,0.0062931567690816545,0.5630736310480813,-0.0024085191589428285,-0.0024085191589428285,0.5262495025328583,-0.0022752536325067628,-0.0024085191589428285,0.0827038610065636,0.10652305885940586,-0.0024085191589428285,-0.0024085191589428285,0.23876760225432586,0.2367589154496461,-0.0024085191589428285,-0.0024085191589428285,-0.002399067182243799,0.013120992864628998,0.5363052940552866,0.21961588481699232,0.5237944762783842,-0.0018910379114322265,0.026498378571825666,0.08293467722248328,0.5229208050788704,0.18691224508073934,0.033429994379936365,-0.0024085191589428285,0.5311836659140032,-0.0011544461183513703,-0.0006696111137864546,0.5229243494770531,0.3661057909483443,0.5229208050788704,-0.0024085191589428285,0.10209162220105089,-0.0024085191589428285,0.0827038610065636,-0.0024085191589428285,0.13744186410366313,-0.0024085191589428285,0.00046406930415671826,0.48330826992835196,0.5229208050788704,0.003772533515330295,-0.0007304711053606878,-0.0018910379114322265,0.08687621337861953,0.0827038610065636,0.3661057909483443,-0.00227062690421785
chr4:70902339:70902340:NM_001244767:MOB1B,0.0003233596823133261,0.007327124517647152,0.0003233596823133261,0.18927835551941924,-0.014269344071313403,0.17220539306661053,0.0018550727969908337,0.005397359616788763,0.009374409258509436,0.0017434682877987967,-0.0048697397911288826,0.1646506522669786,0.0004616464344701504,0.006100422774239195,0.18926019488214224,-0.025028866922594456,0.22800605483396885,-0.020839292466051096,0.00041772998136267725,0.00041772998136267725,0.17429684467856332,-0.019695073505888352,0.0018550727969908337,0.0008217619627865214,0.18927835551941924,0.00041772998136267725,0.18927835551941924,-0.030080822661690113,-0.030080822661690113,0.0004315067963265723,0.000421298357716704,0.1923918311005699,-0.03019569557896422,0.0004215456680036339,-0.019695073505888352,0.11182316883394217,0.0003233596823133261,0.16477639026138868,0.01593247283912043,0.03176265426213215,0.18927835551941924,0.18927835551941924,0.001328776071280971,0.0320727933726245,0.0007507796810916484,0.251699003345076,0.00041772998136267725,-0.030080822661690113,0.00041723701920151623,0.00043969275682693987,0.0007701093411013049,0.18927835551941924,-0.0048697397911288826,0.00041772998136267725,0.18927835551941924,-0.03019569557896422,0.2021156497761442,0.18926019488214224,0.00041772998136267725,0.188928449220847,0.0024434086053387732,0.00041772998136267725,0.2573668635306013,0.18975703180321224,0.19003449243275644,0.0004315067963265723,0.18927835551941924,0.0004215456680036339,0.2669298260294621,0.00041772998136267725,0.00041772998136267725,0.0003233596823133261,0.18927835551941924,0.0006515935062099826,-0.01389628744694224,-0.030039154519621095,0.00041772998136267725,0.16440426445433018,0.18927835551941924,0.18927835551941924,0.18927835551941924,0.03686600819279427,0.5475941913442114,0.18803448133697837,0.00041772998136267725,0.18927835551941924,0.0008217619627865214,0.5180692615119706,0.00041772998136267725,0.18927835551941924,0.1652007385186472,0.01558611053495873,0.18826257542298513,0.0004315067963265723,0.4523159669081747,0.18927835551941924,0.003115797927883829,0.1923918311005699,0.00042648984130390366,0.00041772998136267725,0.00041772998136267725,0.16423290581091712,0.0005149293360054014,0.19931676314890096,0.18929585971667112,-0.03018448419405602,0.18826257542298513,0.18927835551941924,0.18927835551941924,0.00041772998136267725,0.000835538301256683,0.17228380694128856,0.18927835551941924,0.1892776965111464,0.18927891163201976,0.00041772998136267725,0.1910811962924484,0.18927835551941924,0.18826257542298513,0.1909562771749181,0.18927835551941924,0.18927835551941924,0.030791439085250658,0.18926019488214224,0.16423290581091712,-0.029773853716846002,0.00041772998136267725,0.18927835551941924,0.005660362136690758,0.00041772998136267725,0.24667180237076197,0.18927835551941924,-0.006936527967246545,0.18826257542298513,0.1879138670694625,0.16477639026138868,0.16477639026138868,0.19604748854962573,-0.004368794748196833,0.18927835551941924,0.11463461182239043,0.09635866687153374,0.19312859523598674,0.17667810082332178,0.017098526021217225,0.0014229876642425227,0.00041772998136267725,0.1879138670694625,0.00041772998136267725,0.5728256182234852,0.1892674507221726,0.000835538301256683,0.1107386500564525,0.00041772998136267725,0.249944267663508,0.18837062120250347,0.18824460539530408,0.18824460539530408,0.18927835551941924,0.5475941913442114,0.1892776965111464,0.0004315067963265723,0.0003233596823133261,0.1879138670694625,0.00041772998136267725,0.18826257542298513,0.19557364497935914,0.5496217029898154,0.18927835551941924,0.18826200701790408,0.00041772998136267725,0.23858593892318924,0.19210206615156505,0.0008217619627865214,0.14404583919997438,0.18927835551941924,0.0037689244346992973,0.18927835551941924,0.5682342668091576,0.18826257542298513,0.18927835551941924,0.18927835551941924,0.18579284836596488,-0.0129568311284423,0.18927835551941924,0.0003233596823133261,0.18826257542298513,0.19312802005439744,0.0028966335161653284,0.00041772998136267725,0.17228380694128856,0.00041772998136267725,0.000835538301256683,0.0003233596823133261,0.00042992863413347793,0.016945018350972285,0.18927835551941924,0.191980336526881,0.11205870725504341,0.20008768698260115,0.11329172713554309,0.00041772998136267725,0.002198296401393074,-0.029738061067692764,0.1665796294821101,0.18927835551941924,0.19378426541869542,-1.2607440876527543e-05,0.00042648984130390366,0.14729633152916272,-0.00244171721334889,0.45232471136434826,0.00041772998136267725,0.19963485044766727,0.00041772998136267725,0.18927835551941924,0.18166237057144957,0.18824460539530408,0.14968646693991242,0.2021156497761442,-0.02681261593367601,0.0003233596823133261,0.0004315067963265723,0.10520521005224243,-0.02930756157046159,0.18927835551941924,0.0018413279606619426,0.16423290581091712,0.00041772998136267725,0.1886127525401507,0.1892776965111464,0.18927835551941924,0.18927835551941924,0.14654957878865238,0.0008292314407939705,0.00041772998136267725,0.1878070723393908,0.000612994082023699,-0.00410375477058654,0.1899367889411535,0.18927835551941924,0.18927835551941924,0.18927835551941924,0.016598482533643863,0.18927835551941924,0.18826257542298513,0.18927835551941924,0.0003233596823133261,0.18927835551941924,0.20721628455220376,-0.03514853814953524,-0.030305010121278772,0.165545661813802,0.18927835551941924,0.18927835551941924,0.0007837222312944425,0.00041772998136267725,0.18927835551941924,0.17390628899918203,0.17377026234914,0.17377026234914,0.5334439767866307,0.16478170892209487,0.0008217619627865214,0.00041772998136267725,0.03390921045724103,0.00041772998136267725,0.18929585971667112,0.17019605873507504,0.10598684872362979,0.0004173715577263787,0.0003233596823133261,0.0004315067963265723,0.18927835551941924,0.0007409245789891661,0.00527221764106843,0.0003233596823133261,0.19086235451175299,0.19204094036312597,0.0008964160100916052,0.24993951101645392,0.057994779745971725,0.18855856805411553,0.18826257542298513,0.16654907963949073,0.00041772998136267725,0.0004315067963265723,0.0003233596823133261,0.0008217619627865214,0.006528368149288158,0.19527658146544458,0.00041772998136267725,0.1114899913754609,0.0024346301616228333,0.001774169366518405,0.0004173715577263787,0.2715317759097878,0.18927835551941924,0.4603114840992049,0.00041772998136267725
chr4:82798857:82798858:NM_024906:SCD5,0.2560250791976385,0.35399636075994906,0.24721001168100268,0.08590473194087936,0.24686805644017376,0.54536131664949,0.00444057007205656,0.27515695634318127,0.354328579506342,0.25799401650369364,0.41243259225495066,0.050539434671339256,0.2540903614900887,0.4146513106099521,0.07904287345289798,0.24958125332357414,0.16868180627998478,0.5670930066612591,0.396749934807183,0.2468573875146116,0.01606881542803784,0.27358003143564236,0.005588127548529609,0.006831077262680341,0.0041906397254182215,0.2468573875146116,0.07904287345289798,0.005546877345547568,0.2468573875146116,0.10415783872032855,0.6057517735802156,0.37058659029776997,0.412858416901277,0.2474998799581229,0.4341653430940584,0.0739539920135037,0.0041645317215881494,0.0790857489974094,0.08902368090382773,0.012920328474711362,0.07906706394956876,0.09392975608557852,0.4133569942885782,0.08222960284717545,0.4784216986688015,0.0899521851764863,0.2468573875146116,0.06665112377026083,-0.021283401361243237,0.2540606989390517,0.005546877345547568,0.07906706394956876,0.4124521305323764,0.2468573875146116,0.07933623030252916,0.2468573875146116,0.4257011177462303,0.07904287345289798,0.31241399658195945,0.07906706394956876,0.0054910658336310425,0.0041645317215881494,0.09191921593905,0.004232380371758937,0.4443580729764883,0.018540294117237344,0.0041645317215881494,0.2475799868882542,0.09414121694081773,0.27596787125423083,0.0041645317215881494,0.2540716454044909,0.17277355458278063,0.0042067470217951874,0.24688400807495578,0.004177537753845301,0.34472820577087054,0.006432454477760002,0.20275525651470047,0.0041906397254182215,0.07906706394956876,0.2294418491624458,0.018540294117237344,0.18247267919505916,0.08890361471755112,0.07906706394956876,0.0790857489974094,0.11364128915178776,0.0041645317215881494,0.13935695969366368,0.24798591021300628,0.0879878508980591,0.004110811748619964,0.004185395622052057,0.04681374341794621,0.03555582257912984,0.25059318177753853,0.3705731894347126,0.004173879417163129,0.0077287023477576045,0.2468573875146116,0.24686171786598304,0.03658319279522043,0.006902402312396361,0.0910072571569639,0.4970696143981255,0.009648037104835638,0.34548786258780184,0.0040828059355587365,0.2468573875146116,0.006759002608015652,0.0185190361391607,0.0043763727281612985,0.07906706394956876,0.01858949126035636,0.009648037104835638,0.390764088199094,0.004185395622052057,0.04569616277093026,0.04783873861368093,0.07906706394956876,0.07906706394956876,0.26425798428500613,0.0790857489974094,0.2936671517550854,0.5221406695627387,0.0041645317215881494,0.07904287345289798,0.3920285650276463,0.24716940578974533,0.08904256790164221,0.004185395622052057,0.11660053732035802,0.004185395622052057,0.07906706394956876,-0.021550663798199754,-0.021550663798199754,0.09481038489766314,0.19821895199135414,0.004185395622052057,0.0823892873985593,0.004358853761457532,0.0189478291973863,0.2546283003230055,0.0890347182536575,0.0041645317215881494,0.2468573875146116,0.30585956346974963,0.0041645317215881494,0.004123345163982967,0.0907376219128351,0.07910994337514485,0.0668795304236576,0.2373957576506193,0.15703007131715724,0.009731613215361617,0.1435958117317003,0.2523451670151574,0.07906706394956876,0.004185395622052057,0.07906706394956876,0.009648037104835638,0.2468573875146116,0.006923696454228356,0.0041645317215881494,0.07942164779189084,0.12445157221237459,0.5468666616126208,0.004103661996153918,0.2468573875146116,0.322456221996831,0.27188771067778283,0.25046453412871933,0.07906706394956876,0.19111706969600328,0.07904287345289798,0.2570291684694044,0.07906706394956876,0.009974663683521151,0.552616296625362,0.004110811748619964,0.07925926269212252,0.10026062727597287,0.003695291335208045,0.004185395622052057,0.2468573875146116,0.09078738982787743,0.004543808613735295,0.02081676087170664,0.2468573875146116,0.0185190361391607,0.01852611844231239,0.0041645317215881494,0.2468573875146116,0.004185395622052057,0.3536844650209731,0.07939049297632671,0.0041645317215881494,0.028851229441114706,0.45014214993227203,0.009661122621879126,0.0041645317215881494,-0.021569517698485502,0.3028509361310878,0.03738720278797672,0.07904287345289798,0.10065689335728693,0.3856900640392612,0.11158841190408508,0.24689797778028527,0.08932999266991577,0.23276252745559622,0.004476194378339571,0.0790857489974094,0.2468573875146116,0.0041645317215881494,0.0185190361391607,0.2841665781091182,0.4834304741347293,0.36391288757120094,0.060611513293253066,0.2540716454044909,0.2557076077538145,0.39958634778828667,0.5221406695627387,0.004185395622052057,0.004185395622052057,0.03738720278797672,0.004185395622052057,0.16082690995915652,0.0041645317215881494,0.004185395622052057,0.004185395622052057,0.03259845800540654,0.004234315793513882,0.2468573875146116,0.07889753451052293,0.004185395622052057,0.0041645317215881494,0.07977048219642825,0.09051795267870434,0.032466446409435884,0.07925926269212252,0.08799887182533594,0.0907134520669407,0.09118593008828832,0.5941902194730126,0.0041645317215881494,0.0043763727281612985,0.34856260468433675,0.007658583248441014,0.34412634432012695,0.004166488349502562,0.004185395622052057,0.07906706394956876,0.06580199935190673,0.3207442818562799,0.004185395622052057,0.07842505140875886,0.0041645317215881494,0.0041645317215881494,0.09236600358604515,0.4085615164986054,0.004185395622052057,0.0041645317215881494,0.259706624021923,0.07906706394956876,0.1814955047751543,0.47775825964530094,0.24687556364816274,0.026466502115894547,0.2543864499688431,0.023065823337855562,0.006959724635066944,0.06699418891901479,0.2607597516632643,0.0041645317215881494,0.004231071187416113,0.25723232715106537,0.13800795272566282,0.12547059048933984,0.32328278908977276,0.035044505222479594,0.004185395622052057,0.09748932634316224,0.03416156240232057,0.40439338849240214,0.2468573875146116,0.006818053770004523,0.13913678028028476,0.255511061547413,0.00417160694852739,0.028768891050751227,0.02309501420760074,0.018897699170380033,0.08111978410640379,0.021600121593455895,0.012328373200357234,0.1127887260821416,0.01064979556175688
chr4:84966391:84966392:NM_014991:WDFY3,0.09162351950429864,0.20082037659268873,0.06542426758917647,0.44739312162143835,0.06213718097728421,0.16269290108319642,0.0478166503557276,0.07323240374636297,0.14804917103622695,0.19578643639745236,0.07278621586397035,0.08556196200670839,0.23926253250870047,0.21592311644534876,0.03388205767339255,0.024251421363116893,0.03388205767339255,0.11795767214433373,0.1989002404164481,0.09433691446367448,0.04736776945974999,0.19596171350827762,0.07647139703064296,0.02274557708375451,0.329191701315279,0.09121980130089827,0.03388205767339255,0.23700044395537936,0.09445067572908802,0.2158964960719931,0.1989912730415128,0.2532008888179951,0.21553678230772602,0.10330942039770805,0.19596171350827762,0.03388205767339255,0.1127735656295819,0.15636447729210556,0.06532223878795629,0.074355380275548,0.03388205767339255,0.3402085098298083,0.08370755132577148,0.07655021723537137,0.2952389083190763,0.06772405516611027,0.1127735656295819,0.07349977695750665,0.024647389232824335,0.08449287680645001,-0.0034549289932369054,0.329191701315279,0.07282234968969417,0.1127735656295819,0.329191701315279,0.19620047387826514,0.15636447729210556,0.03388205767339255,0.22132390879639735,0.3402085098298083,-0.0034549289932369054,-0.0034964156006461466,-0.003416050996621567,0.03168192475269453,0.3946775540128715,0.329191701315279,0.03388205767339255,0.10373490767516397,0.03413592792876313,0.13432564807245773,-0.0003561949135915954,0.1427411144502718,0.15636447729210556,0.13424136006379153,0.06542515734925577,-0.006953659577129956,0.22132390879639735,0.10973288989893132,-0.0034964156006461466,0.329191701315279,0.03388205767339255,0.08811009485927701,0.15636447729210556,0.329191701315279,0.2791277638127749,0.329191701315279,-0.0034964156006461466,0.282095637965055,0.1127735656295819,-0.0031777550620520068,0.0478166503557276,0.1518983964392782,0.03388205767339255,0.03388205767339255,0.15636447729210556,0.15636447729210556,0.11890986453817759,0.3119274470826121,-0.0034964156006461466,0.1127900665597292,0.1127735656295819,0.21874157143998824,0.20279357978790957,0.2511406184568985,0.329191701315279,0.2963218617569437,0.1908466348190702,0.08833096423613626,0.11312226847386148,-0.0034964156006461466,0.03388205767339255,0.31071842254892634,0.03388205767339255,0.329191701315279,0.03388205767339255,0.23162768992916133,0.507276809009704,0.03388205767339255,0.15591206941495084,0.26417556523827834,0.03388205767339255,0.03388205767339255,0.20020312753156455,-0.0034964156006461466,0.1343287128482399,0.22181801499490383,0.03388205767339255,0.329191701315279,0.030920576132109995,-0.0034964156006461466,0.17057444066082744,0.03388205767339255,0.03497033540112199,0.03412255265371808,0.3402085098298083,0.03334849881626385,0.03334849881626385,0.04479612781180318,0.03334849881626385,0.03388205767339255,0.38437955660359513,0.03388205767339255,0.03388205767339255,0.42562032604023065,0.012651695478610225,-0.0034822348025504712,0.10968847202492424,0.16797560230726172,0.04788596269784762,0.5345741304188434,0.015713818063177027,0.03388205767339255,0.10974838434039291,0.07649521316185859,0.10573468222023863,0.19084519479731138,0.03386734705814261,0.033896705210446215,0.329191701315279,0.03388205767339255,0.03388205767339255,0.09944238492506718,0.11278638523686146,-0.0034964156006461466,0.1127735656295819,0.15636447729210556,0.15636447729210556,0.45709659702969674,0.03388205767339255,0.39551560239946887,0.3708814037723137,0.5475743067953805,0.34570394000872173,0.03388205767339255,0.20985564568764026,0.03388205767339255,0.429292285134831,0.03388205767339255,0.2587493582261764,0.1563674876953696,0.03388205767339255,0.03388205767339255,0.03388205767339255,-0.006875912316046617,0.03388205767339255,0.1127735656295819,0.15636447729210556,0.32511756643551126,0.25626098622196225,0.1127735656295819,0.25094947072133944,0.03388205767339255,0.03388205767339255,0.1127735656295819,0.15549282285904598,0.15146322223309275,0.03388205767339255,-0.0034866006858050302,-0.019986942711666233,0.03385269938176005,0.07746184222220673,0.1127735656295819,-0.0034964156006461466,0.22926944491712592,0.10973288989893132,0.03388205767339255,0.32887019685721747,0.15255651912313775,-0.0034964156006461466,0.16483073803174564,0.06984125332728175,0.15284042371119413,0.11312226847386148,0.03334066752237115,0.1127735656295819,-0.0034964156006461466,0.25094947072133944,0.033896705210446215,0.08801130084688094,0.3291594319673393,-0.00918969653156182,0.024195967227498144,-0.006970836995215585,0.11121132098720997,0.22124197454414127,0.329191701315279,0.03388205767339255,0.11281806754620124,-0.0034946046458097513,0.02336632854058997,0.15636447729210556,0.03388205767339255,0.329191701315279,0.03388205767339255,0.14688693114247073,0.09456093013542932,0.03388205767339255,0.00613452587890112,0.003043881791051112,0.033875074614855755,0.329191701315279,0.329191701315279,0.03388205767339255,0.1519159243819266,0.329191701315279,0.15636447729210556,0.03413578851794327,0.1127735656295819,0.03388205767339255,0.3291594319673393,0.11378554837959115,0.22863750304391844,-0.0034959863273372194,0.15636447729210556,0.031498756043175376,0.45264767353782337,0.11278638523686146,0.03388205767339255,-0.003493895541530484,-0.0034964156006461466,-0.0034964156006461466,0.03388205767339255,0.2652468235859479,-0.0034964156006461466,-0.0034964156006461466,-0.0023909724535566557,-0.0034964156006461466,0.329191701315279,0.8955807991274065,0.11344467770182187,0.11313877595518512,0.1988858953512932,0.14319405055935877,0.03388205767339255,0.15671534692401629,0.41922297590324975,0.11278638523686146,0.03389200149906384,0.3291616774537399,-0.003432641749123888,0.11380202044241433,0.07316114811653832,0.03334066752237115,-0.0034964156006461466,0.10973288989893132,0.09458158360083052,0.04782888099630708,0.1127735656295819,0.03390846065743572,-0.0034964156006461466,0.0478166503557276,0.08047525643139994,0.03388205767339255,0.2613046853549428,0.18437132266260203,0.10510361023851625,-0.003097361795843162,0.03388205767339255,0.03334849881626385,-0.0034964156006461466
chr4:86594314:86594315:NM_080685:PTPN13,0.16074673680202894,0.4825751709254964,0.2478176561740295,0.40725879127873854,0.0019852834133217145,0.5500448016794501,0.001953030954766899,0.0019852834133217145,0.5499155513184505,0.25102648754903445,0.002009795754350119,0.25438149405803273,0.03790446918765977,0.2154334909246048,0.2478176561740295,0.001953030954766899,0.4072847761102897,0.4996552417344208,0.000988734365805266,0.001953030954766899,0.0019985744500625735,0.21498924249193152,0.16257154536863588,0.002031143535981994,0.2478176561740295,0.001953030954766899,0.001953030954766899,0.16260766569110102,0.001953030954766899,0.5441974445446445,0.18401688535591137,0.24787847918444741,0.16235242416725137,0.42109788811214055,0.16435483479495644,0.4139908830968463,0.002009795754350119,0.001953030954766899,0.01269297172709033,0.1587722997462775,0.2478176561740295,0.8381335581651701,0.002009795754350119,0.001953030954766899,0.5456608322277031,0.019676348208847227,0.002009795754350119,0.24786424872104568,0.4138578568763617,0.001953030954766899,0.0019703438066614454,0.2478176561740295,0.002009795754350119,0.002009795754350119,0.2478051345667745,0.002009795754350119,0.25254399728481924,0.2478176561740295,0.061888989542251804,0.001953030954766899,0.4140168263859384,0.001953030954766899,0.001953030954766899,0.24781292944842587,0.6555914579582454,0.0103956063581791,0.001953030954766899,0.42108716068452534,0.002859749884861873,0.003688718498207677,0.0019545994864721417,0.002009795754350119,0.2478176561740295,0.001953030954766899,0.2478176561740295,0.0018753109474834995,0.07363691641554648,0.04759217917024777,0.2478176561740295,0.2478176561740295,0.001953030954766899,0.5730046528274486,0.001953030954766899,0.24989739523168597,0.001983190098624632,0.24776489457429024,0.001953030954766899,0.06369500247015908,0.002009795754350119,0.3578842349475975,0.001953030954766899,0.001981621494431429,0.2478176561740295,0.001953030954766899,0.001953030954766899,0.24784222189973387,0.07874363140209639,0.24791394137322648,0.04809696059417656,0.004384979964597746,0.002009795754350119,0.001953030954766899,0.12086119463898132,0.0019703438066614454,0.2478051345667745,0.05156122547220893,0.0019540874709021994,0.838249901645612,0.3578993106415778,0.0020179265594966744,0.001953030954766899,0.0030167854407104344,0.001953030954766899,0.2478176561740295,0.001953925928563416,0.047783196273455675,0.46926386202636483,0.2478176561740295,0.4139908830968463,0.9138874160422124,0.2478176561740295,0.2478051345667745,0.32061824457300786,0.001953030954766899,0.003690292488374658,0.05284125969424808,0.001953030954766899,0.2478176561740295,0.163269132720407,0.002009795754350119,0.014569883126785976,0.2478176561740295,0.2171178686770484,0.03368391256909736,0.2478176561740295,0.467725420504219,0.467725420504219,0.2500858247224021,0.001953030954766899,0.2478176561740295,0.2478176561740295,0.8381335581651701,0.0019533082365127963,0.10977698359039068,0.01269297172709033,0.0020565889479527977,0.002009795754350119,0.3557426715758073,0.001953030954766899,0.055897390297286687,0.2478176561740295,0.001953030954766899,0.4140358462317669,0.04739473519960252,0.002157751520459772,0.11956922199430531,0.001953030954766899,0.001953030954766899,0.2478176561740295,0.2478176561740295,0.001953030954766899,0.0019622178775923205,0.002009795754350119,0.2478176561740295,0.002009795754350119,0.006558064225958449,0.25343098579657525,0.6639661804259983,0.2478176561740295,0.001953030954766899,0.6347726131915389,0.004835618183632706,0.08156663163551103,0.2478176561740295,0.25949908496252927,0.2478176561740295,0.09155846824282637,0.001953030954766899,0.05439073293652935,0.24786424872104568,0.2478176561740295,0.2478176561740295,0.24781869953652785,0.0035175850940655784,0.2478176561740295,0.002009795754350119,0.2478176561740295,0.0019533082365127963,0.41280438587974067,0.002009795754350119,0.001953380812332317,0.001953030954766899,0.003688718498207677,0.002009795754350119,0.24534257056290965,0.17364461613003634,0.2478176561740295,0.001953030954766899,0.4140839812006964,0.2513221473489621,0.30918332910116814,0.002009795754350119,0.2478176561740295,0.0024985976382387864,0.06525057209366064,0.2478176561740295,0.2546512971592265,0.1609810789821292,0.001974662613026923,0.3107349033367553,0.25824732893261404,0.0028920547520838724,0.034784095371457435,0.0019852834133217145,0.002009795754350119,0.0019703438066614454,0.001953380812332317,0.001953030954766899,0.47696422310107434,0.25325718951517606,0.07103883928554444,0.24790014108777492,0.001953030954766899,0.24855847232714645,0.21754336384123035,0.2478176561740295,0.003688718498207677,0.06525057209366064,0.0030289038564128012,0.47949357316963526,0.001953030954766899,0.8381335581651701,0.2478176561740295,0.0030180666823510505,0.054396524924823275,0.001953030954766899,0.252536914520657,0.03416251246739971,0.037121772192623026,0.2478176561740295,0.2478176561740295,0.8388785195645327,0.2478176561740295,0.012701162386924258,0.2478176561740295,0.4139908830968463,0.24455041446739423,0.002009795754350119,0.2478176561740295,0.84342968866048,0.0438556383678102,0.001993492215702275,0.001953030954766899,0.2478176561740295,0.2448922695039919,0.4790463312456752,0.0020271094928171474,0.2478176561740295,0.24786449270158745,0.001953030954766899,0.001953030954766899,0.001953030954766899,0.004863255409649936,0.001953030954766899,0.001953030954766899,0.0019662128048335004,0.2478176561740295,0.2478051345667745,0.05288144999246641,0.2478314548450254,0.042506873110191024,0.21134952219635617,0.012564729915360506,0.2478176561740295,0.3096943014817125,0.10262227256806566,0.002009795754350119,0.8381882648626742,0.2513221473489621,0.00525621168391982,0.016273718937062476,0.24793708032344494,0.0019545994864721417,0.001953030954766899,0.0652498852845827,0.16067336444734875,0.2478176561740295,0.002009795754350119,0.001953030954766899,0.001953030954766899,0.001953030954766899,0.001819009933811122,0.2478176561740295,0.002032429178959516,0.43727339958835043,0.07490657082013985,0.001953030954766899,0.2478176561740295,0.4139908830968463,0.001953030954766899
chr4:86935001:86935002:NM_001166693:AFF1,-0.0037320139266082963,0.3633394785835823,0.250576119665436,0.0792107011242226,-0.017995977340182046,0.3876455340727345,-0.1107923217831357,-0.004810181707843475,0.35806841246710464,0.14413926171756908,0.37828815239173696,0.0888661961005158,0.21583565204273597,0.21583565204273597,0.28530515473261997,-0.004815177033061002,0.8472249994978414,0.7200910779916776,0.2793086544893076,0.2103374882721415,0.030914090992652687,0.6188970045501055,0.061456473012294566,0.2643870168302067,0.28530515473261997,0.257089120577609,0.28986696203291784,0.11346300272246918,0.21347166086535427,0.25544242199894496,0.24249494090075893,0.5238664986890144,0.20072146034536326,0.3464448315840657,0.36653359203283553,0.1671803974225638,0.19831650484269567,0.28530515473261997,0.1186916022204022,0.049735182839476255,0.398295019687117,0.8475530011843121,0.31107149798475286,0.01996779627309775,0.43922681539795166,0.3621888702363976,-0.01935990733434806,0.13722672547138953,0.015253812051562399,0.34734471397476985,0.02018166853178094,0.01244093938270796,0.31106325359324966,0.029142416526648007,0.29221757931664305,0.14696703194983174,0.08100808198295226,0.2900548251921836,0.24359930545172326,-0.05381657410355181,-0.18435907442324248,0.01910220474082369,0.019076908366061462,0.36347108387985794,0.11157388993873579,0.008674487300486755,0.2850967933875106,0.25718155065355786,0.006483036438005962,0.08866601852581957,0.06924372712118482,0.19476133410180524,0.2900548251921836,0.006457231092143689,0.019028857268763022,-0.07793591669126204,0.24438778187479537,0.019296407210846356,0.22830667666826943,0.28152811881324613,0.2900548251921836,0.1189693081262242,0.08373982235646535,0.3985801548164352,0.11397358337928931,0.29007652137282125,0.008565808757183324,0.3623004795054929,0.1946814190641395,0.08674287668215289,0.13953686246762756,0.07847154196853165,0.03523103568167746,0.0769853667973511,0.281624909137143,0.0883038251603945,0.01720869997354063,0.08900770702164507,-0.07427944839763029,-0.018483363764264737,0.029142416526648007,0.30710057378419214,0.02978922666786804,0.045251998724028686,0.29006480424326436,0.08002539151258736,0.012668340192577288,0.30812300960011046,0.08044059354611388,0.1946814190641395,0.1459341593560562,-0.08457069696444497,0.6624670997535878,0.01700725506641171,0.28530515473261997,0.016895927412516165,0.29631686566196697,0.0792439789643479,0.28530515473261997,0.20272003971637356,0.2898452705079755,0.2901602114137354,0.05171644780287307,0.008565808757183324,0.08876902469491238,0.08448869420669525,0.28235288175127865,0.01244093938270796,0.24593973486799553,0.1450639860499084,0.3699500914592079,0.28160979839059946,0.2810479245116241,0.0781620897981147,0.39808768692483665,0.2853106746146758,0.2853106746146758,0.31035688491055036,0.2957667840798398,0.28517941835770066,0.3980946710340466,0.23417167341324355,0.2975681742141326,0.07796630908084307,0.11097123623251137,0.006485488211053048,0.2119618636124417,0.22213755888266606,0.04728811844896241,0.29828135382964005,0.39829376813424877,0.28530515473261997,-0.05726678559572285,0.07343250829459974,0.2814554426810707,0.07813668778066257,0.04723631096240266,0.24689381349075035,0.398295019687117,0.28530515473261997,0.008674487300486755,-0.04683124370103159,0.1946814190641395,0.3220628094520611,-0.02114585660010676,0.0772861717578098,0.22146661632048945,-0.001664100109329436,0.32223651717246965,0.01682767440829791,0.2172018171137459,-0.04104149577563104,0.3769760855161185,0.008565808757183324,0.17997914496670714,0.28530515473261997,0.1496087481161672,0.2853878052406009,-0.001126117247156,0.3965122769734013,0.0067756330024089095,0.3984335882386494,0.40053659564760563,0.22159570489101138,0.2869479911520864,0.23958451033208447,0.28530515473261997,0.28740193137160064,0.07032748174555442,-0.018086158156404242,0.034890547803739624,0.006484619229370214,0.0792439789643479,0.1946814190641395,0.12822976370140943,0.08442038996710893,0.8475530011843121,0.022278899761969673,0.234541889603522,0.07924970847716464,0.16814452541567476,-0.18061053110812206,0.24022396646754596,0.29190272664331207,-0.10856104590775512,0.28530515473261997,0.34083497150825126,0.27415107457697047,0.059472961113657685,-0.047921415082581686,0.37033614501715323,0.2960608591870296,0.07889072265388317,-0.060345564310053945,0.07546243196085908,0.0792439789643479,0.03539238401561062,0.24689381349075035,0.28448527231368703,0.32286526795096593,0.11522481802182516,0.2605105164900292,0.09352655613902988,0.4183352238383897,0.08449590044756666,0.28530515473261997,0.28160979839059946,-0.10855873321672072,0.019076908366061462,0.2197238157541194,0.008565808757183324,0.5347960943955804,0.28530515473261997,0.31012480482628346,0.2637851652075267,0.04503941893536806,0.22434585570016785,0.04738989255213466,0.04964701731079535,0.29005542904695936,0.28532675028564947,0.6780676275101215,0.20206593688339577,0.08717843979586704,0.28530515473261997,0.28530515473261997,0.12815326634801025,-0.01935990733434806,0.2896266691039501,0.3810754415965769,0.05150505795004873,0.06738017382790684,0.09626743734832155,0.29007652137282125,0.39377247117551883,0.28813822276621065,0.021016718031649173,0.28530515473261997,0.2938659126507938,0.23394621615661051,0.23394621615661051,0.28140175566865094,0.24192210918654355,0.28517941835770066,-0.06197183336400647,0.2767227778371436,0.0769853667973511,0.2892144432876218,0.6141453301024797,0.34170656095383045,0.014932184836817602,0.02928041410233792,0.24198652796514591,0.4125067572280524,0.32872299360752955,0.11896963931734994,-0.01935990733434806,0.7231491261877865,0.32286526795096593,0.058732725978731914,0.3739100001747836,0.4153917945520881,-0.060303907164749704,0.006453971133730585,-0.10855873321672072,0.06143123251462551,0.6575750184471626,0.029142416526648007,-0.017662808180672396,0.41635063173991504,0.20477606093616083,-0.09794695540099385,0.08374602828855585,0.18481402124342652,-0.09820938062212353,-0.027347408405718476,0.019076908366061462,0.28530515473261997,0.2129334032738431,0.006453971133730585
chr4:107824564:107824565:NM_001136258:SGMS2,0.667184640755141,0.12994231520593744,0.7018150514900505,-0.003055610495547284,0.7144558304409614,0.9116973953403761,-0.0030708227961513124,0.004431475410658692,0.096280055435187,0.7246703006101695,0.9071168191406042,-0.0030519029578991164,0.7057565436091569,0.6672505554649679,0.31947961020033844,-0.002610501403449844,0.31947961020033844,0.838528820134013,0.6906410692320742,0.8104107558437884,-0.0031669654905682465,0.7494610920050072,0.022636678006346223,0.06382885263816274,-0.003055610495547284,0.7751684793612679,0.6663467193688647,-0.002610501403449844,0.7434251834709471,0.7186183663697147,0.9259636759221066,0.7951030044946581,0.8194254278821578,0.06334756709912776,0.7578105577273515,0.667184640755141,0.667184640755141,0.31947961020033844,0.727590763044023,0.015308917944525019,0.31947961020033844,0.6663467193688647,0.7068162730514725,0.022192782603680627,0.906048551013221,0.32096250595946174,0.8318258492604674,0.02262769156508468,0.10842001410875926,0.6671981693990815,0.0773063807955395,1.2381872579607245,0.9071168191406042,0.8318258492604674,0.31947961020033844,-0.002610501403449844,0.6682420789482535,1.2381872579607245,0.8255710226004311,0.31947961020033844,0.08015708204117522,0.056623909057559985,0.06335786296305188,0.0920944546062806,0.6672454471050724,0.6663467193688647,0.6663467193688647,0.001295755947138072,0.06335786296305188,0.7144777899231319,0.10842001410875926,0.7144558304409614,0.6663467193688647,-0.0025060760140389327,0.6690817882333318,-0.002610501403449844,0.8255710226004311,0.001763612921804214,0.6697698751226291,-0.002971515826312998,0.6663467193688647,0.001722219227749816,1.2381724516884856,0.31947961020033844,0.023381685149027526,0.31947961020033844,0.31947961020033844,0.8123160896267737,0.667184640755141,0.6663389139932729,0.6739198291923545,-0.003173247038813415,-0.0030109643982379752,-0.003055610495547284,0.7835516713712846,0.3200818743525418,0.7113072793740577,0.7688685779258722,0.023201116766935426,-0.0025737095161272594,0.8318258492604674,0.7144452846765188,0.7219794789394834,0.3540724956638391,0.6663467193688647,0.8903592727281852,0.6697662772500856,0.7065793022940298,0.6662866658102082,0.8318258492604674,1.2381872579607245,-0.0030708227961513124,1.2381872579607245,-0.003055610495547284,1.2381872579607245,0.6629019033965627,0.667300221930088,0.6663467193688647,0.6663989791639356,0.09227495874148506,0.6663467193688647,0.31947961020033844,0.7816109300154706,-0.003055610495547284,0.7144777899231319,0.9859371358963922,0.666351913134558,1.2381872579607245,0.2524289661740462,-0.003055610495547284,0.3499687990124276,0.6663467193688647,0.20636339079398705,0.6663285258830342,1.2381872579607245,0.6663467193688647,0.6663467193688647,0.6681125849814559,-0.0029969740871836903,0.6663467193688647,0.6663467193688647,0.6780183090617258,1.2381872579607245,0.11987061574441327,0.02500321278132822,0.7236187686176238,0.67061074113408,0.8677217330939271,-0.002610501403449844,0.18086682298182122,0.6663467193688647,1.2381872579607245,-0.002610501403449844,0.3200028547193881,-0.0020093035794704617,0.6605078650971148,0.6663467193688647,0.6663582625180019,1.2381872579607245,-0.003055610495547284,0.31947961020033844,0.6663467193688647,0.8318258492604674,0.6663467193688647,-0.003055610495547284,-0.003055610495547284,0.3250163287960771,0.6672579220745747,-0.003064994091759976,0.0790508843799245,0.6663989791639356,-0.002567165380002151,0.030477535656831367,0.31947961020033844,0.3149871983827193,1.2381872579607245,0.10080443230355954,0.31947961020033844,0.02663425844538206,0.6663467193688647,-0.003055610495547284,0.6663467193688647,1.2594911952441792,0.02262769156508468,0.7873436669084151,0.8318258492604674,0.31947961020033844,1.2381872579607245,0.0009788295843044248,0.7108999764856161,-0.0030708227961513124,0.6663467193688647,0.6663467193688647,0.6505304358390008,1.2381164757466898,0.7274857193553843,0.6663467193688647,0.0011352009241924754,0.6661829240412575,0.6663467193688647,0.06382050343236037,0.7108999764856161,0.6681116257413434,0.8326129087594076,0.011723408253607737,0.6663467193688647,0.32010839616748893,0.7851581998648615,-0.0030444029295533803,0.7471040190378639,0.3214402766047624,0.7835516713712846,0.6671665280147242,1.2382779416604337,0.8318258492604674,0.31947961020033844,-0.0030691461671360776,0.6663582625180019,0.3544541918489866,0.6744748181788586,0.7113653600685181,0.7144449180002522,-0.003055610495547284,0.7129552696694759,0.9085641808863975,-0.003055610495547284,0.02217587274475072,0.006682279298114074,0.051658491950414,1.2870345501790823,0.31947961020033844,0.6663467193688647,1.2381872579607245,0.3295841733377757,0.6666976015645557,0.667184640755141,0.028590459483999436,0.666563532294105,-0.0028037564107117052,0.31947961020033844,0.31947961020033844,0.6663467193688647,0.6663467193688647,0.7284628014494379,1.2381872579607245,0.31943923553452647,-0.003055610495547284,0.8318258492604674,0.6663467193688647,0.7120007143148287,0.024256736823371955,0.035759073043745926,-0.003055610495547284,0.31947961020033844,0.7267625217280648,0.6696257428600411,0.7144473331585685,0.6663467193688647,0.6670424936251118,-0.003055610495547284,-0.003055610495547284,0.7835516713712846,0.9099892664424327,-0.003055610495547284,0.667184640755141,0.6663566087564832,0.6663467193688647,0.31947961020033844,1.6803449274370443,0.7735171777397173,0.6675165658232337,0.693954461989557,0.7882405659344021,0.6662939748490756,-0.0012877365358182902,0.03206477838519109,0.7108999764856161,1.4587914626342866,0.6682420789482535,-0.002089099615829787,0.3517391610405513,0.7018010665852049,1.2382779416604337,-0.003055610495547284,0.012570782775144645,0.0037006410412448176,0.67061074113408,0.8318258492604674,-0.003031999296802673,-0.003055610495547284,0.6773698525603474,0.8737329265242368,1.2381872579607245,0.6790617139799627,0.0012642554143429963,0.6671298244491652,0.06335786296305188,0.6663467193688647,0.31947961020033844,-0.003055610495547284
chr4:107931560:107931561:NM_183075:CYP2U1,0.20011853977707117,0.22051987729473982,0.05605377815810628,-0.0035284416712904054,0.055661474823409315,0.4213926612037302,0.004532213845473806,0.20236453501100868,0.08257632682200335,0.08094467216539913,0.05575473899497185,-0.0044252188748880195,0.6312398943594022,0.20012975160954039,0.5499745828316033,0.40487296322463073,0.5534375545174743,0.27575386572290495,0.2701646529881016,0.05550336088428666,0.004480990681893733,0.8568739532478105,0.20045501569113477,0.09497700035305151,-0.0035284416712904054,0.05550336088428666,0.5520949573887546,0.8555142452483318,0.055326741496801994,0.428874056148859,0.05758412392396052,0.6340439701987421,0.055965028015901544,-0.0042914717548330605,0.8571559499882466,0.406092894090182,0.05503187884835967,0.552944455063261,0.05909316001737268,-0.004079057976625004,0.5520949573887546,0.5522666079573377,0.05572780793502029,0.004717279410009885,0.05601409611961629,0.9549556547963587,0.05535406987676819,0.06626483049294471,-0.0044252188748880195,0.05598331620713479,-0.001532793473947719,0.5525613689137553,0.05575473899497185,0.05535406987676819,0.5520949573887546,0.05503187884835967,0.552286316224447,0.552944455063261,0.06668215027106739,0.5499745828316033,0.05712119318131502,0.2026081692430399,0.5438010906959837,-0.0032433348261873517,0.060743874026053205,-0.003602065014179704,0.5499745828316033,-0.0026465023335047223,0.5521446747150711,0.05572740331783584,-0.0044252188748880195,0.055525717417589174,0.552944455063261,0.6279640370695021,0.056183843080674666,0.07606142287255786,0.06668215027106739,0.07974609300916549,-0.002535445937438756,-0.0035284416712904054,0.5499745828316033,0.05521545617720647,0.5499745828316033,0.55227684868676,0.05918166737145066,0.5550873391194855,-0.0035284416712904054,0.09962941731602427,0.05503187884835967,0.5522124574134242,-0.0044252188748880195,-0.001465527306242699,0.5520949573887546,0.5499745828316033,0.5521344335047056,0.5551357465659494,0.05941718972400628,0.6296814703804998,0.05520845244202955,0.05701274457535434,0.05535406987676819,0.05554603678061373,0.06645456608479072,0.5509537408386476,0.8198697032350465,0.06672967725087177,0.004601311829448555,0.6293336301698744,-0.003512838396935643,0.05535406987676819,0.32789987780498475,0.005223694973514544,-0.003602065014179704,0.552944455063261,-0.003602065014179704,0.066226194067585,0.6329750073820193,0.5520949573887546,0.5520949573887546,0.009406890384236465,-0.0035284416712904054,0.5520949573887546,0.24933300693120097,0.552944455063261,0.05572740331783584,0.06678277212643959,-0.0044252188748880195,0.552944455063261,0.26234022054420486,-0.0044252188748880195,0.645510613047247,0.5520949573887546,0.29771620727757026,-0.0008477597216099506,0.5520949573887546,0.5550873391194855,0.5550873391194855,0.5522694886057646,0.5521051980835204,0.5520949573887546,0.762948243354588,0.5523266645153758,-0.003602065014179704,0.6575115637280986,0.1745973560306807,-0.004145460019113274,0.05520845244202955,0.6276000325160774,0.05503187884835967,-0.0004611251765022171,0.5520949573887546,0.5520949573887546,0.630678313146593,0.6280789872292398,-0.0032071834797129904,0.0052463229139229454,0.5520949573887546,-0.004105319847031651,0.552944455063261,0.5499745828316033,0.552944455063261,-0.0044252188748880195,0.05535406987676819,-0.0044252188748880195,-0.0044252188748880195,-0.003602065014179704,0.551787500750696,0.6328444413388967,0.5512208446393623,0.6294372365923885,0.1329150950751272,0.004050102643753443,0.6806924257158452,0.552944455063261,0.13017412916478574,0.5520949573887546,0.09560220195016024,0.552944455063261,-0.004506784445118102,0.5551247066975589,0.5520949573887546,0.5520949573887546,0.5520949573887546,0.6299337276764643,-0.003407540985849557,0.05535406987676819,0.552944455063261,-0.0016450449590445521,0.550074568466946,0.055326741496801994,0.0044787920571326065,-0.0035284416712904054,0.552944455063261,0.055032462816542005,0.5530620260573934,0.0841043377866489,0.8198697032350465,0.06101704585522905,0.004444769183481603,0.555102628120693,0.06838924630941659,0.055326741496801994,-0.0035282756975998173,0.06652974166108314,-0.0013005833287971346,0.5520949573887546,0.5541696216668031,0.2712235515642676,0.8153841639328254,0.05822774312475697,0.8437475710474771,0.552029391319022,0.05894203124536417,0.5530220293348093,0.05535406987676819,0.5520949573887546,0.0044310743505955735,-0.004105319847031651,0.8223127744353631,0.5526918938529586,0.8220738681538716,0.05550336088428666,-0.0044252188748880195,0.23975559253408288,0.05586547416365845,0.061731521142240536,-0.004145460019113274,0.02208212735997476,0.05695622327629084,0.24660598825806096,-0.0035284416712904054,-0.003602065014179704,0.552944455063261,-0.004131876432769115,-0.0024590160564370613,0.05503187884835967,0.06361103569533626,-0.0027543705741022075,-0.004059989883438102,0.8207728832189005,0.5520949573887546,0.7560100149139396,0.5520949573887546,0.03335994093297881,0.552944455063261,0.5521723982692359,0.5521051980835204,0.05535406987676819,0.5520949573887546,0.821929203534202,-0.003611762289857207,0.6636538676202707,-0.004334564616959469,0.5520949573887546,0.5553809661436553,0.06099990413129917,0.06658756108642777,0.5520949573887546,0.5556228700280141,-0.004724772536959765,-0.004724772536959765,0.5521446747150711,0.6334704851721619,-0.0035284416712904054,0.05503187884835967,-0.004105319847031651,0.5499745828316033,0.5520949573887546,0.0651084372057944,0.6315685061927332,0.06638871064343263,0.06626521745472086,0.06700605256896422,0.5526670659483507,-0.0033602162372210562,0.12596617185766587,0.055326741496801994,0.5535046652578971,0.5531358606573821,0.20076668254824132,0.6455031517103416,0.9191221461298971,0.5530220293348093,-0.0044252188748880195,0.022679187498793472,0.17072750609504955,0.05605377815810628,0.05535406987676819,0.034420713365516165,-0.0027543705741022075,-0.003955044634375305,-0.0029620703646611422,0.8234402125105338,0.05520928851663797,0.06182112488284299,0.05512233797845254,-0.0014836438789562843,0.5520949573887546,-0.0044252188748880195,-0.0044252188748880195
chr4:109433771:109433772:NM_001300813:SEC24B,0.00971476635957777,0.2803476453009969,0.006554782605923792,0.1441888475162055,0.006554782605923792,0.2837553137323241,0.00971476635957777,0.006554782605923792,0.17416056560621107,0.12181453589883492,0.1819256985444643,0.16051415572562863,0.00971476635957777,0.11759667624543918,0.1441888475162055,0.006554782605923792,0.14596668734005214,0.3040398748659986,0.13368037991013912,0.006554782605923792,0.06198262725917336,0.044605243325924165,0.006554782605923792,0.00971476635957777,0.1441888475162055,0.006554782605923792,0.1441888475162055,0.014981990372987752,0.006554782605923792,0.15833119444781893,0.24003736203788215,0.1441888475162055,0.01949821835678367,0.0840644177145772,0.2028484308774794,0.1441888475162055,0.006554782605923792,0.31408305766172456,0.016203134305968148,0.11372729502401635,0.1441888475162055,0.1441888475162055,0.1819171007406464,0.15724320309811035,0.22305752622085553,0.19624471058369936,0.006554782605923792,0.15514283069658272,0.013209695755821482,0.31408305766172456,0.041661206108919324,0.8075192327771143,0.1819256985444643,0.006554782605923792,0.1441888475162055,0.006554782605923792,0.7809934737612396,0.006554782605923792,0.2434610643977792,0.1441888475162055,0.11680669736475671,0.012081793642913091,0.01103634467010825,0.26791571333197495,0.009724431037281989,0.006554782605923792,0.31408305766172456,0.07986205169610416,0.01103634467010825,0.06753891976291387,0.006554782605923792,0.00971476635957777,0.1441888475162055,0.0065584597323953275,0.006554782605923792,0.01832401674432002,0.2434610643977792,0.014808527755602485,0.2828244416374036,0.31408305766172456,0.8075192327771143,0.05683035941842726,0.1441888475162055,0.158817133432155,0.00971476635957777,0.8075182091257305,0.31408305766172456,0.11139523116676003,0.006554782605923792,0.14586888122758154,0.00971476635957777,0.00971476635957777,0.006554782605923792,0.1441888475162055,0.01103634467010825,0.820290200043512,0.01482424909796981,0.11287987433574452,0.006554782605923792,0.01483282258709312,0.00971476635957777,0.006561869818386357,0.019901866429371362,0.011357715462793821,0.1443733189566773,0.14600765676549898,0.010019880195865416,0.11287987433574452,0.2987242789191661,0.006554782605923792,0.1441888475162055,0.01949821835678367,0.8075192327771143,0.8075192327771143,0.1441888475162055,0.022982726445562512,0.03945500596581261,0.1441888475162055,0.006554782605923792,0.11469085577613541,0.8075192327771143,0.1441888475162055,0.1407136981908747,0.31408305766172456,0.08181243224046017,0.4063694479750681,0.008361173445253112,0.31408305766172456,0.24444607116360284,0.006554782605923792,0.1411591281609157,0.1441888475162055,0.13505186501147726,0.006554782605923792,0.1441888475162055,0.31408305766172456,0.31408305766172456,0.14745944608578096,0.1510269839208519,0.8075192327771143,0.8075192327771143,0.12887583787570417,0.1441888475162055,0.11555506245397867,0.016203980240913324,0.006554782605923792,0.006554782605923792,0.14695727584048446,0.006554782605923792,0.15913706771865693,0.1441888475162055,0.1441888475162055,0.00017990504407092156,0.016808948752162906,0.04101966290085879,0.02299692573231668,0.006554782605923792,0.01278773476926337,0.8075192327771143,0.1441888475162055,0.31408305766172456,0.006554782605923792,0.006554782605923792,0.006554782605923792,0.006554782605923792,0.006554782605923792,1.0301804310672371,0.0032546840495923657,0.1441888475162055,0.8075192327771143,0.00971476635957777,0.17088601575226234,0.18223667313124411,0.006554782605923792,0.33198072100971326,0.1441888475162055,0.4937585911502681,0.8075192327771143,0.16421918627287824,0.8074468278483543,0.15779717160818546,0.1441888475162055,0.026916873994205115,0.11287987433574452,0.1441888475162055,0.006554782605923792,0.1129509872845605,0.8080686717614466,0.17287301884105108,0.006554782605923792,0.01949821835678367,0.006554782605923792,0.1441888475162055,0.006554782605923792,0.1402887563867905,0.034263094725349996,0.1441888475162055,0.15651342226317722,0.11634402104534945,0.14512360580399475,0.01832136942936058,0.00971476635957777,0.33037451098432846,0.09867511966166334,0.014808310061822538,0.8075192327771143,0.14966879080803178,0.13847510045680983,0.006541082199675086,0.1441888475162055,0.8693425571623213,0.1497797520312191,0.006554782605923792,0.1130288914635974,0.006554782605923792,0.1441888475162055,0.01949821835678367,0.01278773476926337,0.03144685260555782,0.9712443618473261,0.18674657630408592,0.023418936641274896,0.00971476635957777,0.006554782605923792,0.4073184518611935,0.8075192327771143,0.006554782605923792,0.014808310061822538,0.006555798998978041,0.843338566364368,0.31408305766172456,0.1441888475162055,0.1441888475162055,0.3244208298028923,0.028578143664626687,0.006554782605923792,0.16603527053391115,0.05866479508115241,0.10372340530977761,0.1441888475162055,0.1441888475162055,0.1441888475162055,0.1441888475162055,0.009715693011143917,0.006554782605923792,0.31408305766172456,0.1497797520312191,0.006554782605923792,0.1441888475162055,0.7879561917164792,0.11400378654075155,0.14695727584048446,0.0080671505456692,0.1441888475162055,0.1441888475162055,0.34621616075790657,0.023418936641274896,0.1441888475162055,0.1515274238519294,0.006554782605923792,0.006554782605923792,0.1497797520312191,0.06947843953352259,0.31408305766172456,0.006554782605923792,0.02014780561960569,0.1441888475162055,0.809478117078318,0.17344718306141194,0.31408305766172456,0.025176061691952967,0.00971476635957777,0.014848307340221634,0.14459811115218632,0.008402983473378534,0.1157444244662123,0.006554782605923792,0.3334503611494388,0.0074715195741933416,0.009421769884167375,0.1961825583070561,0.1515264615759833,0.11535049756987997,0.1441888475162055,0.014808310061822538,0.008361173445253112,0.14422207722441835,0.006554782605923792,0.006554782605923792,0.006554782605923792,0.00971476635957777,0.003260285713690997,0.1441888475162055,0.006554782605923792,0.027753086956473022,0.01666513023220595,0.01103634467010825,0.1441888475162055,0.006554782605923792,0.006554782605923792
chr4:109730086:109730087:NM_030821:PLA2G12A,0.039655882586108554,0.7848721624123157,0.039655882586108554,0.028410588285808898,-0.0063278048435753825,-0.006250826666228754,0.18782832052856413,-0.0063278048435753825,-0.0063278048435753825,0.04321805248009174,0.1239378659812524,0.3572815990930831,0.07496494540988471,0.039655882586108554,0.32732803797915266,-0.0063278048435753825,0.9178989277833409,1.115751710876996,-0.0063278048435753825,-0.0063278048435753825,0.12648752514035266,0.11775921690989252,-0.0063278048435753825,0.0022430887571886493,0.27434294114798835,-0.0063278048435753825,0.784673104571681,-0.0063278048435753825,0.039655882586108554,-0.0063278048435753825,0.0320242337061827,0.3573755641592148,0.03965678105961164,-0.0063278048435753825,0.11881274753046969,0.29897052938185664,-0.0063278048435753825,0.2988956331817163,0.01976248202873114,0.009966772357113976,0.32732803797915266,0.9181821551310869,0.03984806113127225,-0.0063278048435753825,0.03992716090337174,0.33476548811473616,-0.0063278048435753825,-0.0063278048435753825,0.002435605184331238,0.31257463141939273,0.04625393862977771,0.32732803797915266,0.1239378659812524,-0.0063278048435753825,0.327215345781828,-0.0063278048435753825,0.028418950397916906,0.917899977884485,0.291717566911811,0.02840818582819088,0.2513354909747318,-0.0063278048435753825,-0.0063295005720906405,-0.006234505896624887,-0.0061032464242215395,0.327215345781828,-0.0063278048435753825,-0.0063278048435753825,0.31257146052579915,-0.006180238152687506,-0.0063278048435753825,-0.0063278048435753825,0.327286811088225,-0.0063278048435753825,-0.0063278048435753825,-0.0063278048435753825,0.291717566911811,-0.0063278048435753825,0.32732803797915266,0.27441630811053164,-0.0063278048435753825,-0.006144939008362008,0.9181866894199917,0.32736489914426947,-0.006165020760444964,0.3580846105178551,0.010877080058557143,0.3593383223721241,-0.0063278048435753825,0.32732803797915266,0.10659271780282491,-0.006180238152687506,-0.006250826666228754,0.02840818582819088,0.31257146052579915,0.3739312380117672,0.18861924725401213,0.42362412420270507,-0.006250826666228754,-0.0063278048435753825,-0.0063278048435753825,0.011026394571986425,0.187923498855175,0.3126670382279066,0.32736489914426947,0.03992716090337174,0.3126670382279066,0.4179283119009929,0.327215345781828,-0.0063278048435753825,0.01095520359776593,0.12094213915492655,0.9181866894199917,0.29897052938185664,0.9181866894199917,0.187923498855175,0.10211411159195391,0.35737889617313523,0.917899977884485,0.28450177219755013,0.32732803797915266,0.32717412642257826,0.09115319390839499,0.32725219963316,0.011026394571986425,0.09976729724817363,-0.0063278048435753825,0.917899977884485,0.02650582592654238,-0.0063278048435753825,0.3368836623312793,0.32732803797915266,0.2559466804469069,-0.006250826666228754,0.028486982453662275,0.7849684683422722,0.7849684683422722,0.3274076396351596,0.3125706716079584,0.2743100919868504,0.9181866894199917,0.9181866894199917,0.32721535378393135,-0.012529890193599347,-0.005268345790686163,-0.0059956479844257005,-0.0063278048435753825,0.32511849236769014,-0.0063278048435753825,0.00952530757595721,0.3572232618597592,0.327215345781828,-0.006250826666228754,-0.0063278048435753825,-0.002774663599744903,-0.006250826666228754,-0.006248745766514019,-0.0063278048435753825,0.32732803797915266,0.36701568359471703,0.32725219963316,-0.006250826666228754,-0.0063278048435753825,0.028486982453662275,-0.0063278048435753825,0.3572815990930831,0.37411791810146733,-0.0061032464242215395,0.32732803797915266,0.35012187890410806,-0.0063278048435753825,0.1950245734132616,0.1813960907261953,-0.0063278048435753825,0.04637329228841981,0.327215345781828,0.18989699525112452,0.9180657167634596,-0.00715375232920494,0.9181866894199917,0.327286811088225,0.32732803797915266,0.3621176365407017,-0.006250826666228754,0.3573755641592148,-0.0063278048435753825,0.3573755641592148,0.32732803797915266,0.038593620623502835,-0.0063278048435753825,0.042010507527060204,0.31257463141939273,0.02840818582819088,-0.0063278048435753825,0.32761832721572093,-0.0056699610433335185,0.9181866894199917,-0.00037754107785675783,0.3574763886910024,0.028425151043780343,-0.0063290048201758015,-0.0063278048435753825,0.327215345781828,0.291717566911811,-0.005490599962779355,0.2743100919868504,0.3565494072241082,0.2723507972255352,0.028486982453662275,0.03965678105961164,0.3312890590801947,-0.0063295005720906405,-0.006250826666228754,0.35737204615806,-0.0063278048435753825,0.2743100919868504,0.25012729601898437,-0.0063278048435753825,0.35764473480995707,0.028418950397916906,0.22759563936371144,-0.0063278048435753825,-0.006143243586390956,0.5070487237326432,0.03992716090337174,0.27441630811053164,0.31257463141939273,-0.005490599962779355,-0.006325055572977245,0.40982007809509013,-0.0063278048435753825,0.3126670382279066,0.32732803797915266,0.33358787069672524,0.009518304522043289,-0.0063278048435753825,0.02939294145309526,0.007814651238586282,-0.006301263987450165,0.9180657167634596,0.32732803797915266,0.3573755641592148,0.3573755641592148,0.0036857834710359444,0.3573755641592148,0.32732803797915266,0.3573755641592148,-0.0063278048435753825,0.3573755641592148,0.35730057354196487,0.025230370887448603,0.010877080058557143,-0.00551775333120591,0.2743100919868504,0.3572815990930831,0.029884780160963492,0.2917786261865366,0.3573755641592148,0.2989743450905125,0.1283017471201307,0.1283017471201307,0.31257146052579915,0.05308779648676676,0.2743100919868504,-0.0063278048435753825,-0.006178621649381974,0.02840818582819088,0.3274664597045644,0.5713104862735473,0.9863543807452991,-0.0018774073978832517,0.03973669818527846,0.27462190865079916,0.9181866894199917,0.030280778459976426,-0.011641201642475882,-0.0063278048435753825,0.9259808952816053,0.028418950397916906,-0.0013403095802364262,0.33460163883440297,0.3126670382279066,0.35737204615806,-0.006250826666228754,-0.0063278048435753825,-0.0063278048435753825,0.05731596694972606,-0.006326954832187759,-0.0063295005720906405,0.010877080058557143,0.08230627295839664,0.27433947135585773,0.3573755641592148,0.2743100919868504,0.01114516270969397,-0.0019540908576362176,-0.0063295005720906405,0.3573755641592148,0.31266386623812276,-0.004682861387443046
chr4:118850687:118850688:NM_001286754:SYNPO2,0.2663338752366003,0.34295429490055085,-0.0027130434002688927,0.3331270380076477,0.23257642169161513,0.4023742460706024,0.334408461665127,0.23127837541549662,-0.001957986735126087,0.28108221130911404,0.7622174046187227,0.10702229671774993,0.005355489472144599,0.3118552551470912,-0.042899940266812764,-0.0035188731124130845,0.3422824064855253,0.8104661632658017,0.8036658124820482,-0.0027130434002688927,0.006875487232346621,0.2414102596883217,0.23211244181855561,0.009325149522315251,0.33328790879502507,-0.003017942392074112,0.33328790879502507,0.23211244181855561,-0.002897973873783384,0.29709078128964084,0.0100812930837086,0.9066707088718625,0.23186816642378033,0.015628650902549168,0.30388429752959156,0.3363354792008356,-0.0027130434002688927,0.3424526557787069,0.009139620247217012,0.15943976550967873,-0.042899940266812764,0.41107717137130656,0.846266334128736,-0.003017942392074112,0.3130228918815094,0.35392123925239055,-0.0027130434002688927,0.23173301706768218,0.0049005775305168,0.004215469381448879,0.33651261394726417,0.33328790879502507,0.7624985083089544,-0.0027130434002688927,-0.037097583652892174,-0.003017942392074112,0.34255702716684644,0.3424526557787069,-2.361448641410857e-05,-0.0027130434002688927,0.3482224471206946,-0.0026293822508408476,0.0975034473775103,-0.00837887923872032,0.27030721870854646,0.33328790879502507,-0.0027130434002688927,0.016149219681565866,0.11690129170795371,0.23768923086764965,0.0009768171608389928,-0.002875064512814912,0.3424526557787069,0.004523453200999013,-0.00195970426801155,0.018116661740308904,0.03537187885021033,-0.0027130434002688927,0.04482258698646028,0.33357086141318315,-0.04289354388732891,0.003996083979482826,0.38596054153022896,0.34324333574690863,0.0018688352819353354,0.33328790879502507,0.33328790879502507,0.04465685116064114,-0.0027130434002688927,0.035106740473172623,-0.0025930594121358827,-0.0025157001436622306,0.004523453200999013,0.33328790879502507,0.08341057558625165,0.006390793059802058,0.04954064582221018,0.8445868146747847,-0.04363770343048695,0.03553603882502932,-0.0027130434002688927,0.714274129684653,0.4587614828295254,0.015808429309428135,0.34251448497179204,0.07149229145075393,0.3988802894538632,0.7558005379003815,0.035106740473172623,-0.0025930594121358827,0.41836017080364923,0.3504216709253364,-0.042899940266812764,0.3661125101797203,0.33328790879502507,0.402552367032598,0.8667347368737542,-0.037097583652892174,-0.03709788735083208,0.05320845762629483,-0.0027130434002688927,-0.042899940266812764,0.3212072349984505,0.3424526557787069,0.6252736953929316,0.33863226180538514,0.05114158832960494,0.3424526557787069,0.034358173016978286,-0.0027130434002688927,0.009709565556307975,-0.037097583652892174,0.034315586893396165,0.0351168522904695,-0.0027130434002688927,0.461225167069519,0.461225167069519,0.41997493954161114,0.09815445059547664,-0.0027130434002688927,-0.03529442473852015,0.4735191304697817,0.33328790879502507,0.044368921000530526,0.03490588970285486,0.23195568687596974,-0.0025930594121358827,0.28530962547263616,0.23210427335905354,0.3567574741675439,-0.042899940266812764,-0.042899940266812764,0.2406217007679889,0.050871202023146544,0.06299844066369009,0.06271608775479504,0.33328790879502507,0.008537562637011671,0.3424526557787069,-0.037097583652892174,0.3424526557787069,0.05114158832960494,-0.0027130434002688927,0.004523453200999013,-0.0027130434002688927,-0.042899940266812764,0.35671511134497674,0.31996063752136567,-0.027086536979322756,0.23210427335905354,0.25812672129082836,0.7207839393407882,0.030659770527753823,-0.042899940266812764,0.02615394288927339,-0.042899940266812764,0.03659949453021423,0.33328790879502507,0.3345144245471363,0.4519686754911863,0.004557179026411479,-0.042899940266812764,0.38653287712331685,0.004523453200999013,0.3424526557787069,-0.0027130434002688927,0.3424526557787069,0.33328790879502507,-0.04180319216418013,-0.0027130434002688927,0.3504216709253364,0.035106740473172623,-0.0027130434002688927,-0.0027130434002688927,0.036986126948059216,-0.03831950930188302,0.3594657168837366,0.33303673275251955,0.06318743109599274,-0.03890794901843578,0.019959801616409797,-0.0027130434002688927,0.004523453200999013,0.27421804723468146,0.06630062780991476,0.3424526557787069,0.364860792916097,-0.002893867118228831,-0.0031983179145331914,-0.042767902333109925,0.023598445930875983,0.07517991694772669,0.03693952595151526,0.3424526557787069,-0.0027130434002688927,-0.042899940266812764,0.6365423657987299,0.008537562637011671,0.04925974565654918,0.44461274407273343,0.12743287837821565,-0.002875064512814912,-0.0028855112868469354,0.8968550333419989,0.3373760626681167,0.33328790879502507,0.2228322537753662,0.06630062780991476,-0.0027130434002688927,0.39895493419784833,0.004523453200999013,0.004523453200999013,0.33328790879502507,0.025787680660086888,0.04955435354066238,-0.0027130434002688927,0.34968981410521305,-0.0025930594121358827,0.03512024379057959,0.3424526557787069,-0.037097583652892174,-0.042899940266812764,-0.042899940266812764,0.0020019459749634413,0.33328790879502507,0.41107558547585826,0.06828443207371868,-0.0027130434002688927,-0.042899940266812764,0.4484973950049202,0.03762299739590508,0.6359572904189719,0.12745557764145596,0.33328790879502507,0.34297728646124226,0.403859063989868,-0.000639081242352707,-0.042899940266812764,-0.03642102595476068,-0.0025930594121358827,-0.0025930594121358827,0.10584645596817369,0.4632655199667278,0.4141581136251168,-0.0027130434002688927,0.0038172939857071195,0.3763800596936445,-0.03705830637297278,0.4814032568899793,0.6285200568210076,0.0912372607219448,-0.0025930594121358827,0.035106740473172623,-0.0495128954138305,0.37575116077964643,0.02627753512392942,-0.0027130434002688927,0.004695857601342605,0.3767904501343643,0.008340387942687585,0.29493750259174784,0.23106843422405565,-0.037097583652892174,-0.0027130434002688927,0.051240685382623004,-0.0027130434002688927,0.7062791937301367,-0.0027130434002688927,0.008619280392907713,-0.0026644051034209124,0.6291891153181388,0.0046375986460235955,-0.037097583652892174,0.037427492939690415,0.0794367805533098,0.03553603882502932,0.014089578545452952,-0.042899940266812764,0.33328790879502507,-0.0007252372345886854
chr4:122826707:122826708:NM_002006:FGF2,0.03479733068616769,0.531900125817067,0.1604668743699164,0.34154368378575806,0.2956181890234847,0.4514332072016365,0.024160408605937655,0.0263294433243052,0.4622746640835999,0.3403903630878615,0.16587081157875055,0.39721609815729053,0.03658121590698238,0.29011148141180954,-0.053304986298445295,0.02686199969825598,0.454114377285692,0.5279471578491565,0.5713345275415986,0.022859285558519238,0.13963896610400683,0.09251203864955101,0.03480142532205677,0.05782780797580711,0.2352376916605208,0.022859285558519238,0.22939654651681535,0.03360636551606322,0.023426859862294647,0.023431070216510086,0.39238991131468887,0.29332689427114395,0.16436628387762542,0.14515921501297224,0.03661249788343662,-0.03717611186448605,0.16628093929173576,0.00247288600563883,0.15765249109452534,0.23497850386183278,0.27952928343228123,-0.05331599918148436,0.16383809517074066,0.022606291665866585,0.3616637591092665,0.3995103018743819,0.16551543817584552,0.03537220090254478,0.002485068361107179,0.11035704179810943,0.5676722563892254,0.22945247500456392,0.1672688095643184,0.3584381563785818,0.2795401931603462,0.024298413881279346,-0.05233486557453254,0.22943146368128717,0.11791320095148702,-0.05332645621553697,0.5708743140561087,0.13211879040826663,-0.043792998930898386,0.05406024818196936,0.3075637634322718,0.22941755686128817,0.002453497371141977,0.18630970528272633,0.010899860314784737,0.006706722658831599,0.002485068361107179,0.37453348722067725,0.22943146368128717,0.02104952001918975,0.29281952100949993,0.11597708394681366,0.11791320095148702,0.07018264210794778,0.08157329521833462,0.22945312732018627,0.23053797737663226,0.11632050960733198,0.2795401931603462,0.30686588740811194,0.13943648885265858,0.27952928343228123,0.00247288600563883,0.24298357635697537,0.16182440148405447,0.002453497371141977,0.005165301064546046,0.13943648885265858,-0.03289955330359956,-0.05332645621553697,-0.0002683403590112432,0.22977513541679132,0.002459398798275725,0.2900818524181492,0.0028227921036582115,0.002459398798275725,0.4811629084684741,0.025013687605615675,0.03452812612817063,0.10665966555361062,0.2809191217810936,0.5581790410139398,0.0034132762750387347,0.2784346907151696,0.002453497371141977,0.24680721154020147,-0.03747531701837287,0.002405834061441736,0.22946821599431752,0.22945247500456392,0.22945247500456392,0.02280628873141405,0.1495322695852515,-0.03736834272697834,0.0680362495799404,-0.0014352626122546563,0.2794494430770599,0.22943146368128717,0.3759080661520199,0.0024907603898533526,0.02503735306395355,0.38091224027706405,0.002453497371141977,0.27952928343228123,0.4140426609566845,0.002453497371141977,0.4149780100770986,0.0024907603898533526,0.182000378161224,0.0024654314169886282,-0.053324409348027874,0.17124939036225195,0.17124939036225195,0.2863685404356046,0.07731525229888864,0.00247288600563883,0.00981434018994587,0.22946821599431752,0.22945247500456392,-0.012423571614341156,0.3604453369764405,0.028003763434606144,0.0028227921036582115,0.5370482650288207,0.004577719127832447,0.07276228004083807,0.002453497371141977,-0.05330703285998889,0.005794777074704605,0.020685853365445594,0.018303340652119193,0.004293906489120314,0.03932452779063367,0.1536947460227077,0.2795401931603462,0.27952928343228123,0.0024907603898533526,0.002453497371141977,0.1662303890387853,0.0024627881050550138,0.1662303890387853,0.00247137153075333,-0.048591127142961904,0.15163428257816214,-0.03736834272697834,0.02257095495804362,0.03451718498855394,0.04282459499563618,0.11664313833467627,0.22943146368128717,0.1329154345230053,0.27956243181175655,-0.04578537848698583,0.00247288600563883,0.11088903818994167,0.341553524930832,0.08964927096281242,-0.05330703285998889,0.4298639732489101,0.024394597437287224,0.22946821599431752,0.16633218685042467,0.279595963134899,0.23511739279854219,0.03180997889121773,0.022859285558519238,0.03486057325011532,0.34147400471636336,0.002453497371141977,0.24683388640394066,0.0024654314169886282,0.3407159643302124,-0.03669838616810045,0.0024902834710089916,0.15968128329070866,-0.05233486557453254,0.33594097203045,0.16628093929173576,0.15660783478937704,0.29628951075879373,0.030589524566622672,0.22943146368128717,0.2869543452830048,0.023231824138659596,0.23077232055060537,0.23386170440361786,0.25117349193457716,0.27823816781032085,0.002483702319513781,0.350041806912684,0.16628093929173576,0.002453497371141977,0.02171201255176236,0.1541773642463109,0.2606704988139661,-0.052343283746089014,0.16875786640890295,0.3692461782901662,0.032826717790800264,0.03525641414014802,0.38070328496186157,0.22945247500456392,0.020685853365445594,0.030589524566622672,0.22939654651681535,0.608156114843307,0.22943146368128717,0.5470033137527052,0.22943146368128717,0.3120873116890679,0.1262279438932839,0.020685853365445594,0.22968384546377202,0.10696495885882529,0.12615622137886073,0.22943146368128717,0.2795401931603462,0.2081712880675959,0.22950153298219023,0.3414024841240636,0.0033246125123809755,0.00247288600563883,0.2795758068928069,0.27183180932787093,0.22946821599431752,-0.05231971606686067,0.11024380594743138,0.16473863804304134,-0.08858008483308805,-0.05332645621553697,0.30443910567906185,0.14204509185127454,0.3989820076091555,0.22950153298219023,0.39297069079562846,0.03913750393265353,0.03913750393265353,0.2294548497315642,0.3000632453437115,0.24912410409266628,0.1456865625502562,0.15939869818741909,0.002453497371141977,0.22945247500456392,0.6438343727851403,0.16207148186544662,0.028438674503325156,0.36025111482573224,0.004929697559337032,-0.012064063469263003,0.07237434899209494,0.04225231539172458,0.16220062230744076,0.37244344820653413,-0.05234536106078769,0.09812648466705559,0.38114144085766216,0.15230474094637245,0.37183897502266394,0.0024627881050550138,0.03139363373223625,0.02257095495804362,0.02153929237056279,0.2670106926759751,0.020952067748957914,0.0024907603898533526,0.25323047019950673,0.25558201821932114,0.020733549254599026,0.2561855996472032,0.005421567458676724,0.021002799988071197,0.00247137153075333,0.2296334902575578,0.10753978336426395,0.002453497371141977
chr4:125316411:125316412:NM_024582:FAT4,0.4033616664936452,0.27704390359699005,0.1633965667969624,0.16332170914113578,0.001555679765453566,0.39624082668553495,0.10716359452696345,0.3291084991886009,0.0036277300438649074,0.003962146170718939,0.10725549182203303,0.0019036559276335296,0.21130144931766862,0.4040305791763634,0.16332170914113578,0.14464921762146532,0.16332829876287072,0.06421545770191772,0.10959031836817129,0.2746748307926175,0.001667159488657588,0.10904858514470911,0.10921374844707271,0.001635011363891714,0.16332170914113578,0.0017879424452699189,0.001555679765453566,0.10882760046076029,0.28660903213773203,0.43223134979389904,0.40545813481426574,0.6352775282419298,0.10725233843391796,0.004319602873188388,0.10904858514470911,0.1636481791186305,0.0017879424452699189,0.001555679765453566,0.10732929215322817,0.005977439619938296,0.16332170914113578,0.16332170914113578,0.20127847336922206,0.08269380044618724,0.10994655658924135,0.1996214566603341,0.0017879424452699189,0.2014663923973662,0.001555679765453566,0.001635011363891714,0.27668412287713995,0.001555679765453566,0.10750600671958699,0.0017879424452699189,0.16362359818374,0.001555679765453566,0.14563723882618315,0.16332170914113578,0.10904142855472665,0.14563723882618315,0.27668412287713995,0.2746748307926175,0.16354857622080135,0.0027542820309154337,0.5582555836854894,0.16332170914113578,0.001555679765453566,0.0033414287401418163,0.0015289864907674366,0.10757859058456531,0.001555679765453566,0.0017879424452699189,0.1251659770094396,0.0016480107608364825,0.037073783266811655,0.17197327122049616,0.10904142855472665,0.035509264233873516,0.001555679765453566,0.16332170914113578,0.001555679765453566,0.4034977790128102,0.16332170914113578,0.16332170914113578,0.10718017206635722,0.0017876934121063837,0.001555679765453566,0.24405255898124284,0.0017879424452699189,0.05422248503605365,0.001555679765453566,0.001635011363891714,0.16361009428999887,0.001555679765453566,0.002019735698626013,0.006636850538906225,0.16928247832832685,0.7090347069322886,0.0030646214231165314,0.005677268216213172,0.0032972954601457327,0.10793063899274913,0.003493613687536201,0.16391865021342195,0.1460502297622431,0.4054572062408887,0.001555679765453566,0.7049642941072783,0.001555679765453566,0.0017879424452699189,0.16332170914113578,0.0015566026555892676,0.001555679765453566,0.16332170914113578,0.16332170914113578,0.0019036559276335296,0.5523973134734996,0.16332170914113578,0.16332170914113578,0.20397299268110525,0.001555679765453566,0.16362359818374,0.003969437542016285,0.001555679765453566,0.10741117153140428,0.5476635308708613,0.001555679765453566,0.16332170914113578,0.27676795927901127,0.001555679765453566,0.19962706573834355,0.001555679765453566,0.44828588466274,0.001555679765453566,0.16332170914113578,0.16332170914113578,0.16332170914113578,0.16398535021264213,0.001555679765453566,0.001555679765453566,0.1642914828441638,0.001635011363891714,0.16332099030619568,0.18301572816225717,0.11145406159386939,0.001555679765453566,0.001555679765453566,0.001555679765453566,0.001555679765453566,0.002025112229561754,0.001555679765453566,0.16332170914113578,0.036834165381017914,0.001555679765453566,0.00816303643947941,0.0019036559276335296,0.001555679765453566,0.013243098052459379,0.16332170914113578,0.001555679765453566,0.001555679765453566,0.001555679765453566,0.10741722974544465,0.001555679765453566,0.0017879424452699189,0.16332170914113578,0.12267793039831842,0.7162092070166487,0.001555679765453566,0.16357329029869302,0.2861494255706874,0.4522767892382897,0.18834439843540418,0.001555679765453566,0.03622371537763536,0.16332170914113578,0.1713427340395193,0.001555679765453566,0.001555679765453566,0.16332170914113578,0.16332170914113578,0.001555679765453566,0.14563723882618315,0.16537427805687577,0.001555679765453566,0.0017879424452699189,0.19731119101849992,0.16332099030619568,0.08522508183048422,0.001555679765453566,0.0015580587180697436,0.001555679765453566,0.05422248503605365,0.001555679765453566,0.1632413251720541,0.11080766463441521,0.1633965667969624,0.001555679765453566,0.08259751215586747,0.14563723882618315,0.2105531342039044,0.0017879424452699189,0.17360971055123625,0.10929599791705963,0.10907655377100717,0.16332170914113578,0.33868678460657947,0.31954781963994733,0.19731119101849992,0.10750600671958699,0.19753936751446932,0.1651950883738345,0.001555679765453566,0.465709896344856,0.0032972954601457327,0.001555679765453566,0.0039882266652409015,0.013243098052459379,0.5946693176310002,0.16332170914113578,0.11190688815710298,0.18927136558025248,0.6326593768013358,0.5431152786908833,0.4068357955908289,0.001555679765453566,0.001555679765453566,0.0033031696368459595,0.001555679765453566,0.3217065679971667,0.16332170914113578,0.16332170914113578,0.001555679765453566,0.16332170914113578,0.16332170914113578,0.28660903213773203,0.16332170914113578,0.001555679765453566,0.001555679765453566,0.16332170914113578,0.14563723882618315,0.18724090969477808,0.16332170914113578,0.1114958644586167,0.16332170914113578,0.16391865021342195,0.16528220489283812,0.0017879424452699189,0.16332170914113578,0.16332170914113578,0.001555679765453566,0.28667339448853335,0.001555679765453566,0.001555679765453566,0.16332170914113578,0.3211972865010992,0.2014663923973662,0.001555679765453566,0.001555679765453566,0.001555679765453566,0.001555679765453566,0.16354857622080135,0.29775443631973575,0.001555679765453566,0.0017879424452699189,0.011492319840553433,0.001555679765453566,0.4898386982493094,0.2973250787866655,0.1627199579611744,0.009784833819728722,0.10741722974544465,0.0027531359291193547,0.16332170914113578,0.0019036559276335296,0.19382902684589204,0.0017879424452699189,0.055883973334079906,0.05422248503605365,0.0018835736622838106,0.19947395109873134,0.3292983789086247,0.16324259993274812,0.001555679765453566,0.0033031696368459595,0.10741722974544465,0.1636481791186305,0.0032972954601457327,0.001555679765453566,0.001555679765453566,0.001555679765453566,0.0020916091741214338,0.05422248503605365,0.001555679765453566,0.054372682137659056,0.005677268216213172,0.001805293356463733,0.14563723882618315,0.27750752063436557,0.001555679765453566
chr4:138242349:138242350:NM_014331:SLC7A11,0.5278552576096148,0.4962131303895433,0.005625292848692093,0.005124015592894465,0.2898044955320921,0.6451953378012507,0.48027875242427454,0.41575212625739455,0.3719681173471836,0.4302726704310727,0.49595006168935774,0.005147970192106971,0.47546333391213275,0.5293810562334804,0.005124015592894465,0.3518402752576404,0.005124015592894465,0.640286348817005,0.4038062090716116,0.29048182802565814,0.36827530426355837,0.5942305760204686,0.47140591354298045,0.007478895378823985,0.005124015592894465,0.3377662361062708,0.005124015592894465,0.48507345817543673,0.2904195857778203,0.32216249008438774,0.48488668414885006,0.8568164453470718,0.5024753065389033,0.10280078692785405,0.5936331695161101,0.4367531886429967,0.29107985845638007,0.005124015592894465,0.3903725014266513,0.39339151593766963,0.005124015592894465,0.005124015592894465,0.5866033464913523,0.2898044955320921,0.8603102017070903,-0.006622743075111924,0.2898044955320921,0.4967914061128269,0.005124015592894465,0.005124015592894465,0.2559374250984216,0.005144748481204053,0.49595006168935774,0.29107985845638007,0.005124015592894465,0.29048182802565814,0.24413116882066416,0.005124015592894465,0.49809850950509515,0.005124015592894465,0.5612086717172167,0.005186547925540075,0.005124015592894465,-0.0394950457052366,0.6183696005528903,0.005124015592894465,0.005124015592894465,0.10200887431966099,0.005124015592894465,0.34915264114071465,0.005124015592894465,0.5650217442657132,0.005124015592894465,0.005338441392651577,0.005124015592894465,0.3951202690703697,0.49809850950509515,0.0529204701821899,0.015505278143328388,0.005282417450189203,0.005124015592894465,0.33683474650931344,0.005124015592894465,0.24932305962488782,0.4910626071655716,0.005124015592894465,0.005124015592894465,0.3182434526750777,0.006255998918902023,0.005367254709123165,-0.03906548575153321,0.6519060075972728,0.005124015592894465,0.005124015592894465,0.005097929512406757,0.2549329885013398,0.3287917780993351,0.35325440022936405,0.031105856808186724,0.294911524568808,0.4376437636910592,0.2743157895707917,-0.03728521157587535,0.24413116882066416,0.005124015592894465,0.6494320460325332,0.006255998918902023,0.3560986842604238,0.005367254709123165,0.29107985845638007,0.2898044955320921,0.4782956412255825,-0.03972719259014606,-0.03972719259014606,0.005124015592894465,-0.03832443744784682,0.5183069023152959,-0.03972719259014606,-0.03972719259014606,0.005645477302212654,0.005124015592894465,0.005124015592894465,0.5611097654368004,0.005124015592894465,0.34976889953400936,0.8610991557056014,0.006255998918902023,0.005124015592894465,0.3539201388270205,0.005124015592894465,-0.0058101909483404685,-0.03972719259014606,0.4139446197034439,0.010599501468453842,0.005124015592894465,-0.039919152476718955,-0.039919152476718955,0.005123107519459019,0.005124015592894465,0.005124015592894465,0.03128750451048813,0.2497155523766878,0.005124015592894465,0.04859836026375053,0.3785228615272193,0.3194629500328411,0.005124015592894465,0.34121209703633015,0.005124015592894465,0.3063489522345426,0.005124015592894465,0.005124015592894465,0.012072951768991418,0.07142816496661786,0.00864566742772882,-0.03832443744784682,0.005124015592894465,0.03274484715329817,0.005144748481204053,0.005124015592894465,0.005124015592894465,0.006255998918902023,0.29107985845638007,0.005124015592894465,0.2904195857778203,0.005124015592894465,0.0334030471457963,0.5098814141722613,-0.03972719259014606,0.005625292848692093,0.3681658987168246,0.5981491436501911,0.050977218207836295,0.005124015592894465,0.021158330804106725,0.005124015592894465,0.08958829244169417,0.24413116882066416,0.013325345968662528,0.009136772575045304,0.005124015592894465,-0.03972719259014606,0.005136531645871023,0.6320288131101929,0.24932305962488782,0.2916953254513619,0.005124015592894465,0.005124015592894465,0.015286994542919055,0.006255998918902023,0.4782751054142866,0.031898335678222284,0.005124015592894465,0.2898044955320921,0.2898044955320921,0.6539427177260916,0.29936348360145965,0.009205163905516567,0.4357739289829158,0.005124015592894465,0.42471414076914193,0.29107985845638007,0.015047662772539522,0.5960950070488055,0.034795108842590614,0.005124015592894465,0.25276281337175616,0.3775276445660062,-0.03972719259014606,0.2917566843305033,-0.005952994081829241,0.24909651985465156,0.009136772575045304,0.24413116882066416,0.33857060190591604,0.007531377828458502,0.48251758031634334,0.03274484715329817,0.005124015592894465,0.24413116882066416,0.34673066009219594,0.5000896982806002,0.2898044955320921,0.5064554259302252,0.6494320460325332,0.005386375422326839,-0.03972719259014606,0.0585791799504638,0.005124015592894465,0.039740470658342686,0.005124015592894465,-0.038698115312286674,0.005124015592894465,0.02946374613494121,0.06404500994818348,0.02171772945525055,-0.01889971833380928,0.2898108995627487,0.29491794846967784,0.005144748481204053,0.005124015592894465,-0.03972719259014606,-0.03972719259014606,0.3903440535405827,0.005124015592894465,-0.03972719259014606,-0.03934473891910263,0.2898044955320921,-0.03972719259014606,0.25406786768150447,0.3024209910061763,0.005124015592894465,0.005124015592894465,0.005124015592894465,-0.0394950457052366,0.03923565148947139,0.4485687558197955,-0.03972719259014606,0.005124428955353588,0.33772184529338256,0.33772184529338256,0.005097929512406757,0.4955428143309054,0.24413116882066416,0.005124015592894465,0.012926058865888674,0.005124015592894465,0.005867463325837846,1.0263483177521826,0.015371349106979293,0.29550880885122077,0.4730683037392309,0.027826708836328526,-0.03972719259014606,-0.024906026183497538,0.049790361880023726,0.2898044955320921,0.25009318714009093,0.005124015592894465,0.4424887812614744,-0.024385773109041702,0.5496590947586156,0.02171772945525055,0.005124015592894465,0.05607546885641984,0.03248914524720092,-0.026525625860162067,0.33857060190591604,-0.039343499912678985,0.005124015592894465,0.3529084610678561,0.33874449209821883,0.005124015592894465,-0.01671076948079436,0.015305687071918622,0.010840143281912046,0.005124015592894465,0.24932305962488782,0.005124015592894465,0.005124015592894465
chr4:139556769:139556770:NM_001306199:SETD7,0.012308470366641011,-0.028463882259636933,0.002239483980358059,0.0011083558660823223,0.002229886827627925,-0.03042117561633073,0.12223694619432296,0.0020132030026772663,-0.025761561898504384,0.006338183341994819,0.003382774522796228,0.010247950714618592,-0.006131320046235567,0.014453595593069524,-0.028472342700078646,0.010256336614401729,-0.012314846806992338,0.12733799241439836,0.41779687892529765,0.0011083558660823223,0.004608838441504448,0.05507063275935198,0.0051573449771885604,0.001953561845288665,0.41242057024655876,0.0011083558660823223,-0.028472342700078646,0.002229886827627925,0.001110282171436383,-0.014642055633951712,0.1773018644628169,-0.023993828053279376,0.004705110573160753,-0.05092080932057108,0.036851005776702445,0.3854442800017504,0.0021981681474604886,0.41242057024655876,0.0011083558660823223,0.2892646338866498,0.41242057024655876,0.8157770068245351,-0.017637669348942175,-0.0030278717410620187,-0.040361913832646965,0.21201293441240773,0.0021981681474604886,-0.027380742181347006,0.0668520610449328,-0.028420708604840986,0.0021981681474604886,0.3112969709959989,0.003382774522796228,0.0022377972433999527,-0.02793701275517485,0.0021902578346019164,0.3485568572555864,0.3112969709959989,0.0052302736476667055,-0.028472342700078646,0.0023550811159859797,0.08039977854251446,0.07643545002235014,0.08449977324044422,-0.018238401254659184,0.3112990626654545,-0.028472342700078646,-0.05088637417145747,0.07867498389510397,0.07920838414965231,0.06065762444002715,0.006196213813985274,0.3112969709959989,0.0037188748942971195,-0.027400741661342917,-0.0023561830103243087,0.0052302736476667055,0.026999744558063143,-0.026229652728470512,-0.022872588507171276,-0.028472342700078646,-0.019123856347153273,0.0011083558660823223,0.41388293784290775,0.0011455607726744144,-0.028472342700078646,-0.028472342700078646,0.2801375064159079,0.0021981681474604886,-0.03005545252877087,0.0011083558660823223,0.0011083558660823223,-0.028472342700078646,0.0011083558660823223,0.02051460281409001,-0.028472342700078646,0.15087389516801808,0.3795376573672249,0.001116252737098089,0.14516410469732974,0.004706803396535064,0.0011083558660823223,0.007354892362773979,0.0503702035199608,-0.0023992050381293067,-0.014221972172615172,0.320638036093878,-0.051241708115883286,-0.026684313630731135,0.0021981681474604886,0.42325337253144585,0.010347872822610404,0.41317946804515515,-0.028472342700078646,0.31468085261152745,0.0021768371947983867,0.3153821480635427,0.41242057024655876,0.1447728381334341,0.15709978093099558,-0.028472342700078646,0.41242057024655876,0.018113307986250493,-0.028476121565406673,0.0011090899644629615,-0.014221920688380463,0.0011083558660823223,0.3112969709959989,0.15066563834612332,0.0011083558660823223,0.18838691743989477,0.3112969709959989,0.1450283260443868,0.00046021628959813654,0.0011083558660823223,0.49877237911243777,0.49877237911243777,0.3437477635400951,0.5970157516906163,-0.028472342700078646,-0.051563962362812715,-0.004620526099541722,0.31468085261152745,0.0893877962432123,0.31136509659295336,0.0035738418985452602,0.002199854801492762,0.42908402129886386,0.0011083558660823223,0.44421448335112457,0.3112980772251003,0.41242057024655876,0.0019716134242438454,-0.028470265883824897,0.01693751671439636,0.0021768371947983867,0.001248351671461423,-0.0005200153966748999,0.3112969709959989,0.0011083558660823223,0.3112969709959989,0.3113058367102735,0.0021981681474604886,0.0012330718665679585,0.0021981681474604886,-0.028472342700078646,-0.024424205313502007,-0.02632111904030464,0.3112969709959989,0.0011224696066517992,-0.028420708604840986,0.15341489341503506,0.09373911890307346,0.0011083558660823223,0.07138392412722461,0.3112969709959989,0.047765650542787405,-0.028472342700078646,0.44407142147577106,0.41310131541773687,-0.028400892980675344,0.41242057024655876,0.21240288234932114,0.0021904192112601195,-0.028472342700078646,0.0022377972433999527,0.3113138211855051,0.31468085261152745,0.016410644480919542,0.0021981681474604886,0.004568146320389765,0.0035738418985452602,0.0011083558660823223,0.0021981681474604886,-0.028776260277319776,0.0011675620877050763,0.41242057024655876,0.35496578938875833,0.017114081416309324,0.012419808144439215,-0.05156188690759583,0.0021981681474604886,-0.028481768798112567,-0.04265173492457201,0.026998040785413957,-0.028472342700078646,-0.02905400122032907,-0.02383970415071114,0.1447728381334341,0.02221204992246839,0.1808115910420411,0.22145182956003368,0.0744738725651799,0.14751974196096718,0.005205028573140702,-0.028472342700078646,0.006789381282214679,-0.0005200153966748999,0.02491565801362966,0.40897102493851223,0.23576911082206595,0.006198149776018791,-0.028420708604840986,0.47613381376451364,0.0321557481172961,0.3112969709959989,0.0011083558660823223,0.026998040785413957,-0.0058204122939521374,0.522988470766606,0.0011083558660823223,0.4125121383012531,-0.028472342700078646,0.00791597698655222,0.14211567696155863,0.002229886827627925,0.13854492489188291,0.14549693974300154,-0.0019217403101225439,0.3112969709959989,0.41242057024655876,0.8023744654854319,-0.028392340040292827,0.31133878328630493,-0.028472342700078646,0.3112969709959989,0.41017170836324485,0.0021981681474604886,-0.028392340040292827,0.4160693643330235,0.14194046258745083,0.001159517740600302,0.005457846931078925,-0.028472342700078646,-0.028473076037311418,0.36378775872284747,0.007630685512428681,-0.028392340040292827,0.3112969709959989,-0.028472342700078646,-0.028472342700078646,0.06770397177519732,0.06059984280879849,-0.028472342700078646,0.0021981681474604886,0.006568709418661223,0.0011083558660823223,0.4390132441499902,0.7070060946585351,0.0011083558660823223,0.1451332209816557,-0.01643401087287784,0.001116252737098089,0.4125535749173354,-0.028206554021139946,0.10859896256763163,0.0021981681474604886,0.024824501738376553,0.41243687305058657,0.029323623779227537,0.35373741108281914,-0.051703818544511435,0.16244636328873013,0.0011083558660823223,0.027006336738237713,0.002229886827627925,-0.028472342700078646,0.0032341492505855163,0.0019701924377492075,0.00741147599579782,0.07524818974202219,0.029498795186984894,0.14375952628093358,0.002191944483600883,0.005126130992341826,0.147141037404412,0.06757897955322784,-0.028392340040292827,0.41242057024655876,0.015469401374758607
chr4:148442520:148442521:NM_000901:NR3C2,0.0005206872023231501,0.00037164965430175334,0.0004441197959272475,0.3194446906986899,0.00044821072546363805,0.09138368145107273,0.00037164965430175334,0.00044821072546363805,0.00037164965430175334,0.0005083716947077432,0.000792691971874343,0.004663525563514098,0.00037164965430175334,0.3197244292582327,0.3194446906986899,0.00044821072546363805,0.3194446906986899,0.44996150778116445,0.00037164965430175334,0.00037164965430175334,0.0012484695586723604,0.14161359729408524,0.00037164965430175334,0.00037164965430175334,0.00037164965430175334,0.0004441197959272475,0.11650235598912159,0.012415997082827868,0.0004441197959272475,0.012488269345471231,0.00037164965430175334,0.3194446906986899,0.0007942130422202848,0.00037164965430175334,0.14161359729408524,-0.0009705765936741523,0.00037164965430175334,0.00037164965430175334,0.00044821072546363805,0.07687515220490565,0.3194446906986899,0.7543542724573938,0.0007971800472228591,0.00037164965430175334,0.3760575583728466,0.3195927512770805,0.00037164965430175334,0.0015696516632956181,0.03422237745874496,0.0004441197959272475,0.00037164965430175334,0.3194446906986899,0.0007971800472228591,0.00037164965430175334,0.3194446906986899,0.0005206872023231501,0.33502646935715763,0.3194446906986899,0.0005206872023231501,1.106791635262635,0.00037164965430175334,0.00037164965430175334,0.00037164965430175334,0.3194446906986899,0.3257981055627126,0.3194446906986899,0.00037164965430175334,0.00037164965430175334,0.00037164965430175334,0.018098525233303256,0.03422237745874496,0.0004441197959272475,0.09837154689582785,0.0004092518160917491,0.00037164965430175334,0.3194446906986899,0.0005206872023231501,0.00037164965430175334,0.00037164965430175334,0.3194446906986899,0.11650235598912159,0.0499215305587592,0.0006451245862885008,0.1183698499615171,0.00044821072546363805,0.11650235598912159,0.00037164965430175334,0.08124249714892655,0.00037164965430175334,0.3194446906986899,0.00037164965430175334,0.00037164965430175334,0.00037164965430175334,0.11650235598912159,0.00037164965430175334,0.3194446906986899,0.0007438715120404726,0.3194446906986899,0.00037164965430175334,0.0006451245862885008,0.00037164965430175334,0.001848114251204347,0.0006541443306524453,0.3194446906986899,0.11650235598912159,0.3197244292582327,0.00037164965430175334,0.00037164965430175334,0.3194446906986899,0.00037164965430175334,0.00037164965430175334,0.00037164965430175334,0.3194446906986899,0.3194446906986899,0.3194446906986899,0.0006455550101293756,0.3197244292582327,0.3194446906986899,0.5490705353950066,0.006257881085657183,0.00037164965430175334,0.617771017321463,0.0350260485087715,0.00037164965430175334,0.019239756947319234,0.0005206872023231501,0.00037164965430175334,0.3194446906986899,0.001226545186494607,0.00037164965430175334,0.5470306297304787,0.3194446906986899,0.0031928296613977225,0.0006451245862885008,0.5490705353950066,0.00037164965430175334,0.00037164965430175334,0.12770335478070344,0.001027065751997791,0.11650235598912159,0.3194446906986899,0.3194446906986899,0.00037164965430175334,0.00037164965430175334,0.00017169471126669833,0.00044680475054025004,0.00037164965430175334,0.3197244292582327,0.0004441197959272475,0.003915022923283509,0.11650235598912159,0.5490705353950066,0.00037164965430175334,0.012415997082827868,0.5256236295068997,0.0006464532937319467,0.11650235598912159,0.00037164965430175334,0.3194446906986899,0.00037164965430175334,0.00037164965430175334,0.00037164965430175334,0.00037164965430175334,0.3194446906986899,0.00037164965430175334,0.5490705353950066,0.3194446906986899,0.3197244292582327,0.3194446906986899,0.00037164965430175334,0.0005206872023231501,0.09755342177646885,5.3391954330642144e-05,0.3194446906986899,0.464205724137535,0.21045932189813651,0.00037164965430175334,0.00037164965430175334,0.015369722190018129,0.5490705353950066,0.11650235598912159,0.3194446906986899,0.11658235477608696,0.00037164965430175334,0.3194446906986899,0.00037164965430175334,0.08157822301930501,0.3194446906986899,0.013530583262227794,0.00037164965430175334,0.00037164965430175334,0.11650235598912159,0.11650235598912159,0.00037164965430175334,0.11650235598912159,0.0012899123469056334,0.3194446906986899,0.0015217423208225278,0.004005492036515623,0.11736649962745385,0.00037164965430175334,0.00037164965430175334,0.00037164965430175334,0.0007942130422202848,0.00037164965430175334,0.3194446906986899,0.02770005038483969,0.002832873681476819,0.5492344050232523,0.32023079154233347,0.5491001218158227,0.00037164965430175334,0.0017931671143788103,0.0006451245862885008,0.00037164965430175334,0.00037164965430175334,0.0019419607111387654,0.00037164965430175334,0.00041118609143191154,0.11659207470266651,0.23370688441534726,0.3194446906986899,0.0004441197959272475,0.00037164965430175334,0.37657382540794454,0.3194446906986899,0.00037164965430175334,0.00037164965430175334,0.00037164965430175334,0.4861259935149601,0.00037164965430175334,0.3194446906986899,0.4476721302936934,0.12224043921643626,0.0009157597591818445,0.00037164965430175334,0.32447565050695604,0.0004703501356499995,0.00039378671453471625,0.5490705353950066,0.7543542724573938,0.5490705353950066,0.3194446906986899,0.0015641630698300102,0.00037164965430175334,0.3194446906986899,0.3194446906986899,0.00037164965430175334,0.3194446906986899,0.21319859580607073,0.0012503583585320721,0.001497081568446329,0.00037164965430175334,0.00037164965430175334,0.3194446906986899,0.4862687598312612,0.00037164965430175334,0.3194446906986899,0.3194446906986899,0.00037164965430175334,0.00037164965430175334,0.00037164965430175334,0.018231178977867496,0.00037164965430175334,0.00037164965430175334,0.001711500877286637,0.00037164965430175334,0.3194446906986899,0.31900529866895,0.00044821072546363805,0.0006924412937229785,0.3194446906986899,0.00044821072546363805,0.3194446906986899,0.00042079236913922236,0.00037164965430175334,0.00037164965430175334,0.3194446906986899,0.052847472413740756,0.00037164965430175334,0.5468665971829503,0.3194446906986899,0.0006451245862885008,0.00037164965430175334,0.00037164965430175334,0.012415997082827868,0.0004486061044190748,0.00037164965430175334,0.00037164965430175334,0.3194446906986899,0.00037164965430175334,0.00037164965430175334,0.3194446906986899,0.0004450178351905615,0.00037164965430175334,0.00066726465058492,0.00037164965430175334,0.3194446906986899,0.08157822301930501,0.0003845537104764374
chr4:158172566:158172567:NM_016613:FAM198B,0.3178922455265708,0.4390252468004263,0.421984480676977,0.008049113700247107,0.43919343428155183,0.45031734854157174,-0.003001636085608425,-0.003001636085608425,0.4391304348785219,0.2986554738904878,0.5811155042776252,0.01998921643004172,0.29840812062246674,0.29227508172124556,0.008049113700247107,-0.0030325227546957392,0.008049113700247107,0.4489176094284562,0.296691568963162,0.30852642099744176,0.014537808299279947,0.3384807933003149,0.008049113700247107,-0.0030637969731805645,0.008049113700247107,0.421984480676977,0.008049113700247107,-0.003001636085608425,0.421984480676977,0.421984480676977,0.9299934623211689,0.4537087622114384,0.4220957784627028,-0.0030325227546957392,0.5650507602859146,0.005047556754910892,0.008049113700247107,0.016209783024193444,0.42098115537467873,0.012332629031344827,0.008049113700247107,0.016209783024193444,0.31864894374251895,0.2958937219558158,0.453914546070958,0.2765649306487204,0.00507887022422699,0.02342532101353953,0.008052529605024505,0.2841991242946731,0.2565815854161727,0.008049113700247107,0.5811155042776252,0.2841482062493392,0.19190725329589495,0.008080528505216254,0.016087143656474068,0.016209783024193444,0.39069014640573657,0.008049113700247107,0.5642991214635377,-0.005815278836146749,0.2565815854161727,0.005104793828654877,0.4340697820797089,0.2009939617567713,0.008049113700247107,-0.0031858943501147374,0.24801695671561652,0.29669895440647787,0.008049113700247107,0.2958937219558158,0.2009939617567713,0.008049113700247107,0.008049113700247107,0.2841531467141925,0.12783623568110883,0.5673186057310653,0.008049113700247107,0.008049113700247107,0.008049113700247107,0.008049113700247107,0.016241631840707184,0.30847380781735334,0.4092464183063102,0.009274150391918687,0.008049113700247107,0.21118636095470822,0.008049113700247107,0.3442103252998602,0.017826985502291316,0.4093090976420182,0.2009939617567713,0.008049113700247107,0.24801695671561652,0.04228581431907693,0.4667563867594988,0.19600913914214874,0.008049113700247107,0.09885390013555728,0.296691568963162,0.5682620502860909,0.4942839033606707,0.016209783024193444,0.26849036273189947,0.8775502362721409,0.09554403238893122,0.18776738550284727,0.4074870245376065,0.005047556754910892,0.11887404222775041,0.017271094659594706,0.008049113700247107,0.008049113700247107,0.008049113700247107,0.354476027208391,0.007308982126717864,0.016209783024193444,0.008049113700247107,0.075590094761706,0.008049113700247107,0.19190725329589495,0.4542677683829017,0.016209783024193444,0.5682620502860909,0.848439615021796,0.008080528505216254,0.2593919439965152,0.1196081311216389,0.008080528505216254,0.27434948579010526,0.016209783024193444,0.4473552674072724,0.03326388237967131,0.008049113700247107,0.008049113700247107,0.008049113700247107,0.2029731581117831,0.5852741468281,0.008049113700247107,0.18004356733990656,0.12800447796375122,0.2009939617567713,0.025175295684769394,0.40932640301106604,0.2959452028032753,0.10473898630656092,0.42402672173603106,0.40775281069257957,0.6045517994406127,0.2593919439965152,0.008049113700247107,-0.0030325227546957392,0.6351335607498898,0.08949265532032023,0.354476027208391,0.016209783024193444,0.00831639142569194,0.19190725329589495,0.016209783024193444,0.016209783024193444,0.09573308579660694,-0.003001636085608425,0.008049113700247107,0.008049113700247107,0.016209783024193444,0.2811462280843393,0.47560325296393485,0.008049113700247107,0.008080528505216254,0.31116284473633626,0.11887753283767342,0.02573835345453497,0.008049113700247107,-0.20255102695481125,0.008049113700247107,0.025183472929479304,0.008049113700247107,0.19385608153997738,0.6097779175416653,0.016241631840707184,0.016209783024193444,0.016209783024193444,0.2841482062493392,0.016209783024193444,-0.003001636085608425,0.008049113700247107,0.008049113700247107,0.08088781068428039,0.016209783024193444,0.01924014577564343,0.00807745948138961,0.008049113700247107,0.008049113700247107,0.29953454246021033,0.42019699768751617,0.016209783024193444,0.010175203288873377,-0.27852339655902747,0.016087143656474068,0.29665323550037964,0.2841482062493392,0.016209783024193444,0.3906459690078151,0.2732355965153769,0.016209783024193444,0.3080563162476493,0.4254631750262934,0.008049113700247107,0.024735909868751668,0.27173041669171166,0.2565815854161727,0.09564102614231738,0.016209783024193444,0.2841991242946731,0.008049113700247107,0.00827167035665178,0.00831639142569194,0.016209783024193444,0.016087143656474068,0.14425453513248992,0.008049113700247107,0.2856090770416258,-0.001291360597304364,0.5797836109358403,0.008049113700247107,0.2959452028032753,0.2775168658464489,0.009044923915420895,0.015115357935612368,0.016209783024193444,0.016209783024193444,0.008049113700247107,0.007988267057203367,0.030595607732990436,0.008080528505216254,0.027062400846866022,0.008273908159507203,0.009624541859559639,0.2593919439965152,0.2009939617567713,0.016202518435800325,0.016209783024193444,0.4122693170146528,0.016209783024193444,0.008049113700247107,0.25942563881172614,0.2841991242946731,0.016209783024193444,0.016087143656474068,0.012724864875035644,0.009765748982439912,-0.2766017764332833,0.008049113700247107,0.013459351503296135,0.0088210335456844,0.008049113700247107,0.016209783024193444,0.008049276097829135,0.008049113700247107,0.008049113700247107,0.2565815854161727,0.3913981389178266,0.009659421063508374,0.008049113700247107,0.019203732521180725,0.20103091097534836,0.23939388421916993,-0.17663208264402344,0.00862121179405325,0.4269200228186222,0.30852642099744176,0.008049113700247107,0.016209783024193444,0.008017945734752195,0.025724318069942458,0.008049113700247107,0.24613763724547238,0.016087143656474068,-0.27483133385157077,0.27660792486627916,0.2936206495271318,0.016209783024193444,0.008049113700247107,0.2775168658464489,0.421984480676977,0.5811155042776252,-0.0030325227546957392,-0.0030185816317725364,0.016209783024193444,0.3973374036018309,0.008655418176199532,0.01622736997898238,0.42403559394605755,0.008049113700247107,0.28846192056527276,-0.0030325227546957392,0.016209783024193444,0.008049113700247107,0.008049113700247107
chr4:168497065:168497066:NM_001166108:PALLD,0.0838393712587017,0.6635410113810067,0.19749986632683147,0.37473525864399204,0.17528180548993857,0.6655923424007059,0.14049393075600744,0.07528326813157063,0.28707960619448136,-0.08319620924231844,0.21456129454064804,0.2787694917766996,-0.06181543898122066,0.1164053605316219,0.0050400333499063255,0.07225374656061961,0.37473525864399204,0.7626646559685957,0.05729304674724747,0.05467547977451501,0.19871038792314819,0.49037269432140884,0.08002909515887996,0.1458137423391824,0.0050400333499063255,0.20366023409863138,0.0050400333499063255,0.08002909515887996,0.05467295654802021,0.2927599266158862,0.5176052841532307,0.46682166342924447,0.2496171919424306,0.09107982776294465,0.30452110204345917,0.01589841959618654,0.22785069376998157,0.2774307355479689,0.07238444464460787,0.0717297132644766,0.2774307355479689,0.0053225896124137195,0.05915903120428212,0.2959420342307625,0.1532388953185898,0.312320864981858,0.2272014243723362,0.17140070594401993,0.0050400333499063255,0.19747110459698972,0.02945026623709257,0.2774307355479689,0.21456129454064804,0.11705850816927948,0.2774307355479689,0.010930488333988603,0.007914613737750736,0.2774307355479689,0.14910239249268095,0.0050400333499063255,0.02945026623709257,0.005371527049851027,0.09826586099806585,0.4418238398570067,0.08555680829573359,0.2774307355479689,0.0050400333499063255,0.1204632610927707,0.42313554042255686,0.049687841200450195,0.0050400333499063255,0.07251064738104929,0.2774307355479689,0.0055565843271139365,0.17491464318275274,0.04449019914789559,0.14918708812832732,0.006087654286038205,0.4839483256049941,0.2774307355479689,0.0050400333499063255,0.047782796249030826,0.0050400333499063255,0.29387522568869673,0.15275743275507667,0.2774307355479689,0.2774307355479689,0.14741735685641866,0.052187119446259894,0.411921903028478,0.00804727803882399,0.14052436123126577,0.2774307355479689,0.2774307355479689,0.4291199741239613,0.047346306346640776,0.14659943778701878,0.428339413271837,0.005024508402828198,0.003439378711234564,0.07774007685499645,0.4381773952643888,0.008532956164029395,0.28110680677952893,0.27742839697422444,0.09408886987177623,0.2777829709525884,0.459957135619224,0.41209603132320793,0.11305584674505131,0.38746304959131167,0.14918958272700433,0.40483604102751536,0.2774307355479689,0.2826210105378988,0.14218713069782096,0.3654144107418118,0.2774307355479689,0.2775404228129579,0.348961369867137,0.2774307355479689,0.0050400333499063255,-0.07214194989377543,0.2774307355479689,0.20186729172792794,0.15061051243188192,0.27771621111054856,0.0050400333499063255,0.19702548614311358,0.0060166276926737206,0.30391336819223985,0.0064827477967676905,0.002657732006805802,0.0030224460023983712,0.0050400333499063255,0.0050400333499063255,0.0050400333499063255,0.2912236982623066,0.17662979939500534,0.0050400333499063255,0.2773537232458715,0.278728400006904,0.2774292568151954,0.09775356469687252,0.21034813909158348,-0.0019495008547185388,0.0030254676743793063,0.3364868722370615,0.14606356694286288,0.4173113061667937,0.2774307355479689,0.0050400333499063255,-0.09598125153187555,0.19490938714934686,0.016393600282053777,0.0058691389298010516,0.0050400333499063255,0.0050400333499063255,0.2774307355479689,0.2774307355479689,0.2774307355479689,0.0053241673071725976,0.23011788841147165,0.0050400333499063255,0.07746366890859208,0.0050400333499063255,0.6709394519732599,0.4553681682039874,0.2774307355479689,0.0075276493930847704,0.26483688843806663,0.33468112166905173,-0.0015006898052840334,0.0050400333499063255,0.13566086095593843,0.0050400333499063255,-0.0017571684621369849,0.2774307355479689,0.29034797316571054,0.2928382988352024,0.2774307355479689,0.2774307355479689,0.09978292437763264,0.15465528491538819,0.2774233815730879,0.0806266291121687,0.28261502982832826,0.27749843358006676,0.16867272586455406,0.2314212622441143,0.1994489996807968,0.1447697872724355,0.2774307355479689,0.22850871943672285,0.2727083769359812,0.17428094144385503,0.4174056605557622,0.2787021718454945,0.2810332652708576,0.0050400333499063255,-0.009931942363823915,0.23068710436775713,0.0050400333499063255,0.3230584967782376,0.1236237795870185,0.2774307355479689,0.4314607205835099,-0.003259284784132052,0.005043163531288863,0.19227793492278933,0.45411996044909597,0.5843945661109192,0.13839110932212856,0.27746268081873837,0.11059932031811695,0.0050400333499063255,0.006440341478036279,0.0050400333499063255,0.2987403834356007,0.2804461468962865,-0.020637563327371516,0.20274156037620206,0.02397568510832067,0.05422779275179421,0.15070825001519628,0.2774307355479689,0.27780590626203633,0.1236237795870185,0.15110735133802725,0.14838768957239268,0.0050400333499063255,0.43156898071146943,0.2774307355479689,0.1498208144983246,-0.006057147456500031,0.048425223174778834,0.2955867797190423,-0.006319921561987754,0.003286657731499734,0.2774307355479689,0.2774307355479689,0.28113104820657414,0.48757149673257083,0.17356671434055135,0.0050400333499063255,0.27803659512564993,0.22365392923300512,0.07944958224821314,0.4910495518895257,0.2774971223069049,-0.006057147456500031,0.004721574332788636,0.0050400333499063255,0.0050400333499063255,0.4307688993691947,0.14678386961250076,0.0668619274239492,0.41689059489272384,0.00530036276317207,0.0050400333499063255,0.0050400333499063255,0.5759338548914216,0.14482741522929288,0.0050400333499063255,0.054606214907263306,0.02391371390177706,0.0050400333499063255,0.2972755576094812,0.5126353964831084,0.032849774547887844,0.003471798123809766,0.11000659252983622,0.024054817456263575,0.2774307355479689,0.14046300736424802,0.09024514039074555,0.08114163909586963,0.3733163941741631,0.005037646286444722,0.06505268294987893,0.2935100645170695,0.17961112184981506,0.2777477286997075,0.0050400333499063255,0.12331065013662423,0.2710569038133518,0.15529788605998138,0.20044625705368835,-0.003862207190602235,0.2774307355479689,0.20357363209879384,0.005527324859114557,0.2774307355479689,0.20931869807266232,0.15179790071459268,0.13882480060109734,0.14702207768876496,0.42030668054664333,0.00604655302672584,0.11740695067211251
chr4:176319938:176319939:NM_021928:SPCS3,0.17105451543574016,0.0662697528238193,0.21174744153880426,0.5290006390711243,0.06154459233610926,0.07631282826424637,0.012481864021840039,0.06955223943875102,0.054580091073363285,0.08637250721921638,0.06718507600113849,0.005285670344861937,0.2840108610861023,0.1980806083616932,0.5290006390711243,0.07975162959722881,0.5290006390711243,0.12814950870095695,0.06772615908951435,0.06147094642025172,0.007546501323944965,0.09338749004816427,0.05962503042694972,0.006212080943439835,0.5290006390711243,0.06147094642025172,0.20259309578631252,0.06312331624464809,0.06147094642025172,0.07014647594448864,0.01910635509589323,0.6315909797304368,0.06154459233610926,0.06153457126873238,0.1073559875595792,0.21166019384491008,0.06147094642025172,0.5290006390711243,0.20259309578631252,0.07257735346280655,0.5290006390711243,0.9626582242387643,0.018081689305566945,0.08187382489399578,0.0870080136769649,0.536052099801432,0.06274212908250001,0.06280361242222152,0.005285670344861937,0.009232715591047186,0.012481864021840039,0.5290006390711243,0.06718507600113849,0.06185729690741626,0.9626582242387643,0.061532361188341295,0.529008562688817,0.005285670344861937,0.3038571262707105,0.005285670344861937,0.012559769930788972,0.012840231905068583,0.013988852547252989,0.016849343965889968,0.4335335200204918,0.20259309578631252,0.005285670344861937,0.05566889425978039,0.09022568602210679,0.2183109007129373,0.005285670344861937,0.06178361504450686,0.5290006390711243,0.008702478541515263,0.012551254098800979,0.06466295284627094,0.3038571262707105,0.018983215299582218,0.5440123518988471,0.5290006390711243,0.9626582242387643,0.04556145243753354,0.005285670344861937,0.9500194772297976,0.20259309578631252,0.9626571160569842,0.5290006390711243,0.12528812685816307,0.06147094642025172,0.5365951515603145,0.005285670344861937,0.22258135702441903,0.005285670344861937,0.5290006390711243,0.01396295570347228,0.005285670344861937,0.05485677353025098,1.0403388211235736,0.006406880107228424,0.05956877500061111,0.06147094642025172,0.2183109007129373,0.019159654801650716,0.5376552725887864,0.5290006390711243,0.08384236047859855,0.0063981603412373855,0.5422078403353765,0.5365951515603145,0.06178361504450686,0.9745361342470018,0.009362012578542578,0.9626582242387643,0.5290006390711243,0.5290968240670545,0.0107185838928609,0.08465033833940755,0.5290006390711243,0.005285670344861937,0.20583951345527282,0.5290006390711243,0.5290006390711243,0.08675023348080863,0.53755593647107,0.2183109007129373,0.10408154692370836,0.5290006390711243,0.5290006390711243,0.022080113773688625,0.012481864021840039,0.5362127581117332,0.5290006390711243,0.08162096431135213,0.008056788140945265,0.20259309578631252,0.5290006390711243,0.5290006390711243,0.5299079584424861,0.014956656042214772,0.9626582242387643,0.53755593647107,0.9745361342470018,0.5344726264971824,0.0940987242758109,0.20278275839009005,0.06147094642025172,0.05381478059667805,0.27957226130166196,0.012481864021840039,0.5677485969528655,0.5290006390711243,0.9626582242387643,0.07972261393508312,0.005285670344861937,0.020257809815844907,0.013606366253429703,0.5290006390711243,0.005781007683989009,0.5290006390711243,0.5290006390711243,0.5290006390711243,0.005285670344861937,0.06154459233610926,0.00533039214857467,0.06147094642025172,0.005285670344861937,0.5302957200653426,0.17181214928039357,0.9626582242387643,0.597466725080545,0.09178130688047961,0.06731793249793397,0.14059549572856722,0.005285670344861937,0.1097384827314212,0.20259309578631252,0.0965529979370601,0.5290006390711243,0.53755593647107,0.9642715728279446,0.20259309578631252,0.5290006390711243,0.9383465853539092,0.5988146769613844,0.5290006390711243,0.06147094642025172,0.5290006390711243,0.2026267483146783,0.019591162806208845,0.06147094642025172,0.010043913648279279,0.20259309578631252,0.9626582242387643,0.06147094642025172,0.01577498911111888,0.21087204903903844,0.9745361342470018,0.5290006390711243,0.008684729851802436,0.529008562688817,0.08581384641550305,0.06147094642025172,0.005285670344861937,0.3038571262707105,0.013494744681821574,0.5290006390711243,0.5379252400750933,0.10011594066020121,0.007798837213738807,0.2817007464522234,0.5385689609538912,0.6847914586328008,0.008056788140945265,0.5225223939907239,0.06266838188963145,0.20259309578631252,0.011198281861646037,0.005781007683989009,0.06991345442692554,0.529008562688817,0.07903585638542274,0.06736663668809992,0.0917961968166586,0.06267641386445502,0.11011265174341428,0.5290006390711243,0.53755593647107,0.012819293897785827,0.0107185838928609,0.1996947026350902,0.005285670344861937,0.9626582242387643,0.5290006390711243,0.20367918827488096,0.026560346499150317,0.012481864021840039,0.20259309578631252,0.005291436800946153,0.005291671844343149,0.5290524194243719,0.5290006390711243,0.9626582242387643,0.5290006390711243,0.20780243257476694,0.005285670344861937,0.005290369207194029,0.9626582242387643,0.06178361504450686,0.5290006390711243,0.9626422204545768,0.01090382164519016,0.022438327228012173,0.00528707021057831,0.9626582242387643,0.9626582242387643,-0.001603844094033774,0.0568325279088252,0.5290006390711243,0.9664781879844431,0.007044486348324691,0.007044486348324691,0.7250693013894866,0.21882706997933188,0.5290006390711243,0.06154459233610926,0.019261962294586404,0.9626582242387643,0.529805169413346,0.2620054112384958,0.597466725080545,0.0548073487094177,0.061979953105625984,0.06706210481981584,0.21710067968943994,0.01184058984326583,0.06729355400695744,0.06147094642025172,0.20293744126905322,0.005285670344861937,0.05419091744726498,0.5359103086696172,0.2204135056516272,0.53755593647107,0.20259309578631252,0.013832312340731567,0.5973807151668272,0.012481864021840039,0.06154459233610926,0.006212080943439835,0.005285670344861937,0.005285670344861937,0.05483373406328859,0.9648375592944409,0.005285670344861937,0.005285670344861937,0.005574327140863394,0.012592477207067326,0.5290006390711243,0.5290006390711243,0.005285670344861937
chr4:185204236:185204237:NM_001317781:SNX25,0.11094529758923238,0.4394715217809343,-0.0027354377150019815,0.3228012727863241,-0.003827420059504899,0.43993272745779605,0.006231921421438746,0.05677350125463124,0.02955015137846634,0.009650857687851983,0.007624009008737942,0.045468123772852975,0.013651467567002529,0.09107349364098305,0.10015947591089021,0.050520876182009566,0.6954256367962255,0.6490997013634383,0.056777112442364386,-0.0036478260446346222,0.031986690782899146,0.04484801233769398,-0.0035935469130136677,0.004003321824494005,0.14490070887342757,-0.0036478260446346222,0.6585728538788223,-0.003163693961088815,-0.0031637710852110423,0.020842509837760315,0.026262510571575803,0.7232842354444633,-0.0032438140585789033,0.01955322102726928,0.04484801233769398,0.1204190928292597,-0.0036478260446346222,0.37981935661363614,0.28275352036255086,0.04873638622014281,0.11710693032499271,0.9153271021357372,0.23513206875817858,-0.0026538722973331874,0.059133517596027,0.35145160240866047,-0.0036478260446346222,0.020828534612093386,0.007060848296238209,-0.0032194834597646105,0.014060306052164101,0.16857642273012355,0.007667578287381793,-0.003602725477276192,0.9155612437631673,-0.003602725477276192,0.12339139229729779,0.3798631843257286,0.24510870414605831,0.11712932778308328,0.01389526387118803,-0.0036364376106776675,0.04451203097683909,0.011226314959020545,0.3881325441744935,-0.0032194834597646105,0.3788572805900194,0.019584757292812505,0.060661999617388856,0.22590134583946245,-6.88585682090126e-05,0.028250724502770053,0.3557080564820926,0.0050020749605567405,-0.0038044999645304445,0.07032998947936209,0.24510870414605831,-0.003495928392708847,0.17056680930116233,0.14490070887342757,0.6585728538788223,-0.0011749900107682343,0.16860998215145462,0.6948510940176963,0.2719869270763698,0.6586701461836078,0.37981935661363614,0.31917041739322416,-0.0036478260446346222,-0.001427527356620828,0.004775459990144004,0.26825302372222526,-0.0032194834597646105,0.37981935661363614,-0.0032567162556927376,0.35112213780811996,0.23078891743767443,0.22001107051277916,0.144964548279484,-0.003579152880171965,-0.0036478260446346222,0.22586631308680033,-0.0035792371780739296,0.1452610689911133,0.9199306863353734,0.010104619919812596,-0.0031639357445813754,0.44886665409609644,-0.001427527356620828,-0.0036478260446346222,0.09966542531626678,-0.0035715338001398866,0.6585728538788223,0.3799019083091425,0.38151955710124846,-0.0036478260446346222,0.22060955272946597,0.11710693032499271,0.3802433294059039,0.16110938567791533,0.16856044750779425,0.6586701461836078,0.009176874667791879,0.37981935661363614,0.22590134583946245,0.24771013241230128,-0.0036477398277517115,0.3497020469651133,0.02746020572072075,-0.0036478260446346222,0.4334332700355412,0.3496618858900614,0.1025038019511271,-0.003579152880171965,0.11710693032499271,0.09958489089301412,0.09958489089301412,0.6596771979169634,-0.0034366960970062255,-0.041533742332316576,0.13137396608153012,0.12211045682649253,0.37916757544627444,-0.0028745697439257756,0.28026198908729,-0.0036477398277517115,-0.0036477398277517115,0.20085594023619718,0.02032927226399764,0.28175770828669555,0.37981935661363614,0.6586382831183895,0.01372447423467496,0.029108047252946717,0.22502864711971102,-0.0036478260446346222,0.11712932778308328,-0.0017354305962924976,0.3798838462964203,0.3798286634878143,0.37981935661363614,-0.0036478260446346222,-0.0036478260446346222,0.14445321267561115,-0.0036478260446346222,0.14445321267561115,0.35564138051610505,0.35902914148564147,0.11706195710284008,0.16866431769655257,0.0794638531856392,0.025696581262573848,-0.0006831642143008132,0.6585728538788223,0.423085403339658,0.37981935661363614,-0.0030113324810729647,0.37981935661363614,0.25584958006643005,0.14890610553523226,0.14496322022997402,0.34961849738199463,0.2904464596197796,0.02640464286483385,0.12604160561115163,-0.0036478260446346222,0.3553437049858429,0.38283509082802086,0.16358945266806044,-0.0036478260446346222,-0.0029220785773701186,-0.012642680092074449,0.11665861453267669,-0.0036478260446346222,0.34974221484782175,0.2838454658988039,0.6585728538788223,0.0339644751369198,0.13074823473596703,0.11886261055078631,0.06112955870846534,-0.0036478260446346222,-0.0036477398277517115,0.42497173432067015,0.16812107023642175,0.3496618858900614,0.5097290563970314,0.06830429442626809,0.3496618858900614,0.14632698724657356,0.40262127571491213,0.055915019376628294,-0.0017877848142905384,0.3497020469651133,-0.0036478260446346222,0.16856044750779425,-0.0006834415720757825,-0.0017354305962924976,1.0113019777961254,0.1524518174019212,0.10885979276993521,0.0038515534053514267,-0.041415069439895424,-0.003399406625086032,0.24745877501969524,0.14545622114661938,0.16856044750779425,-0.003508794262689602,0.0017433976777481708,0.00351884126257504,0.14493308000225183,0.6585728538788223,0.16798720365959244,-0.037754446120732255,-0.000743008135236034,-0.0031637710852110423,0.2630296976566724,0.02032952069384547,0.06960680038882772,0.3798838462964203,0.6586382831183895,0.11705629811962459,0.3512890741677135,0.2838873374310755,0.14493308000225183,-0.003340849496499265,0.11637850373542191,-0.0036478260446346222,0.3496618858900614,0.36011485910887375,0.06934056010275999,0.17258662500185168,0.22505113921769052,0.16860998215145462,0.15120194053515465,0.002814949585748905,0.020797535743656365,0.3496618858900614,0.9147122760145883,0.22975713257008867,0.22975713257008867,0.055249419553409146,0.23816796935323922,0.14545622114661938,-0.0036477398277517115,0.07226799124042976,-0.0036477398277517115,0.6587693641920404,0.3646033335284077,0.37992364346373503,0.00100505243143445,-0.003738165419299555,0.22505472895280942,0.2954684179086239,0.08240920719304104,-0.0033547628477175184,-0.0036478260446346222,0.16121031962813714,0.1527937361622506,0.07336767135038871,0.3874788042236972,0.29985786780612683,0.4033017731872539,0.14445321267561115,-0.003537769844477262,0.020842509837760315,0.16798653859696827,-0.0036478260446346222,0.003289718548922377,0.22505472895280942,0.006129463717386874,0.1454271580376675,0.32558715327907867,-0.0036478260446346222,0.5386757824166928,0.22882268370911835,0.04523001016973183,0.3496618858900614,0.10018122365516928,-0.0036477398277517115
chr5:14143701:14143702:NM_007118:TRIO,0.05632002280056608,0.1044927800689297,0.07430369854256458,0.023640594730079567,0.0626690675741765,0.11076761448997086,0.06803641412456907,0.006431950653699281,0.052606094830493,0.06569955905997277,0.03989451817536804,0.08030109218568665,0.05338003727295337,0.07649800173039839,0.20235170330735675,0.006285855997577361,0.0853898494461594,0.04698998996967907,0.05670767625529333,0.05679866326402361,0.03771546478459287,0.04091730564354601,0.02163722148200009,0.24227049785456523,0.20235170330735675,0.04088082847781532,-0.03519502301109512,0.021652588456938182,0.04088082847781532,0.026267577984074808,0.17232001913516654,-0.010686257738549032,0.07167893972442985,0.023055070785984733,0.040975935541652186,0.0149336845457681,0.041206648155189485,0.20235170330735675,0.06813618306382108,0.08332734384388613,-0.03451411188730591,0.2731264752969801,0.046623077823571724,0.02010076104888142,0.10195209431838365,0.055058668702268054,0.029631093604602532,0.014596473822254874,0.19051176436825917,0.2868205107169688,0.12040695993938555,0.20235170330735675,0.03989451817536804,0.0483658438071119,-0.03517214386371753,0.07146413108062871,0.2364302776225342,-0.03519502301109512,0.09974843892939383,0.26168071077888383,0.04166420240811708,0.007776384960879845,0.07059361051697283,0.008239540043857796,0.15071238354536148,0.20490876717213563,-0.03519502301109512,0.01417094537136987,0.08675383332039133,0.06792732465277668,-0.005783306680059164,0.03979421267008443,0.20235170330735675,0.20236907467706167,-0.029485396318873425,0.008753832210628254,0.09974843892939383,0.03249467659109695,0.046284297535466534,0.20235170330735675,0.2362374136022704,0.39235844349552146,0.06751656774169179,0.06968702540310362,0.06479638866690901,0.2362374136022704,0.20235170330735675,0.24105240945401518,0.025095522563964467,0.023918836275524935,0.008050673614478365,0.06583579326866928,0.0037914082217769818,0.0037914082217769818,0.08057505625305073,0.2514223381143253,0.06345792990436572,0.0875758809057432,0.008128539440293958,0.008128539440293958,0.047814223647442367,0.09289186372247094,0.005062296191081672,0.006760038347049135,0.21786997786445905,0.06800455541623185,0.004002012650892728,0.07138679524888175,0.04476814062454587,0.029774242345541435,0.018521299107261135,0.031873348158853454,0.18199890721913872,0.060845167765059494,0.3190030211032524,0.003692028874127451,0.2781320848788218,-0.03519502301109512,-0.03519502301109512,0.07093558089251484,-0.03519502301109512,0.2362374136022704,0.07328739368273784,0.20235170330735675,0.09052586440939131,0.10310874595184766,0.0037914082217769818,-0.03519502301109512,0.05817433036116032,0.029631093604602532,0.05604501793644845,-0.03519502301109512,0.07446363576678877,0.0037914082217769818,0.2883999520622111,0.20235170330735675,0.20235170330735675,0.22540448848923567,0.08121834961930785,0.20235170330735675,-0.0049780349641243005,0.013929117973160654,0.3372002928871429,0.07165508252262243,0.07476333420912468,0.012673097925721855,0.030284385804595138,0.1612251841439319,0.03687486250677463,0.32222511482967114,0.20241604452876105,0.2362374136022704,0.013329538271680375,0.02182072720692413,0.004785564960680888,0.003659731915014175,0.20741665923454994,0.005966124425005992,0.20235170330735675,-0.03519502301109512,0.20235170330735675,0.0037914082217769818,0.041349423158498766,0.011528386986313977,0.029631093604602532,-0.03045471705191699,0.1599294325308341,0.07138890621821403,-0.03519502301109512,0.014334933260463978,0.020879552282371372,0.0849009902279706,0.0729649241234136,0.20235170330735675,0.0315055828162798,0.20235170330735675,0.0842913839058872,0.20235170330735675,0.2200351323820281,0.2732200744721221,0.0037914082217769818,0.18199890721913872,0.7028471523862434,0.024327610934090527,0.20543927429183395,0.041206648155189485,0.20974802003561605,0.30355812635298746,0.026046760879218533,0.029631093604602532,0.0318713756185936,-0.005004063969347605,0.0037914082217769818,0.025095522563964467,0.20239081934345976,0.34753025392187686,0.003875654409990714,0.20375030657871696,0.015792333350730936,0.2832264736527151,0.012444433183460502,0.043043879067386825,0.010200115367854923,0.0890455831340144,0.036512564904889355,0.18199890721913872,0.033121869066946086,0.0735073952908325,0.01617637027768687,0.060586858409166444,0.03783920314962491,0.07790631291527655,0.004649301570338105,0.26667859462677485,0.04046181062356119,0.43635368303846706,0.027734501907490494,0.01104330531552089,0.20886162418873389,0.25834249244652396,0.14136831071708428,0.2549165803694705,0.05633852874210171,0.05435597949092752,0.08945901024748765,0.20235170330735675,0.008227668996850068,0.03563513397029139,0.0040648377480244635,0.6149692657954422,0.0037914082217769818,0.13746699378294167,0.20235170330735675,0.24547973439841803,0.01209014012579157,0.009076916448815309,0.06692020100328022,-0.00710910296571432,0.01790733771146885,-0.03494518372660249,0.2362374136022704,0.15668585097300802,-0.03519502301109512,0.06769410029750317,-0.07075010340084098,0.0037914082217769818,-0.0051785717974198175,0.0469780609181038,0.20235170330735675,0.31734591682901214,0.019134643200245827,0.007864923214797814,0.0037914082217769818,0.5588704887808795,0.1885118961373301,0.3192566538706759,0.022670918147312813,-0.03451411188730591,0.02079828227308811,0.0037914082217769818,0.0037914082217769818,0.0926558213361039,0.062417709953903944,0.0037914082217769818,0.008227668996850068,0.03746967354462927,0.003792358784204697,0.5540752038467407,0.34611057003453466,0.2237810319853507,0.026158175859283206,0.04234002937527692,0.018881841044286918,-0.03152176518557426,0.21434414741747454,0.01168912949472728,0.029631093604602532,0.21229982260056507,0.45197674863720355,0.006975905081650802,0.1050498962609,0.04598360937417745,0.2671727163590904,0.0037914082217769818,0.03563513397029139,0.01785945466801947,0.04692647491019847,0.04149788766446888,0.010835205028775108,0.006367990828418935,0.08330093168042862,0.014472674728871648,-0.02325698186037628,0.026765677739809424,0.5269796712796737,0.01202232246602336,0.08057505625305073,-0.03451411188730591,0.35171980731055047,0.0037950946357808157
chr5:33892019:33892020:NM_030955:ADAMTS12,0.5042461275793507,0.024738219499163883,0.814487969968466,-0.0014881969654334526,0.025347341407554153,0.8052306610759039,0.16861950313753715,0.8693239429995898,0.008159101817283687,0.001698377337856355,0.022726180622513192,-0.0015084986372811693,0.04055093129603107,0.7765275243668608,-0.0015084986372811693,0.8518572466213741,-0.0015084986372811693,0.06335187163454334,-0.0006615650207090484,0.17330424920041987,0.16905519129375834,0.8162825508528121,0.0016809406328803789,0.5823424415855627,-0.0015084986372811693,0.1817088825894342,-0.0015084986372811693,0.5078679143379017,0.1733388753619555,0.8011425253919103,0.006440667183199605,0.25004621704267244,0.8156837898659011,-0.12770028838804268,0.816204260194544,-0.00040918303147319257,-0.0015084986372811693,-0.0015084986372811693,0.12525829656603565,0.1576119409055554,-0.0015084986372811693,0.5023391206851062,-0.00025457841410478355,-0.0014903870702602795,0.00034315539274556994,0.0002122529507202764,-0.0015084986372811693,0.5336309801667563,-0.0015084986372811693,0.01527064765267741,-0.0010867981988020026,-0.0015084986372811693,0.02262317016595977,-0.0015084986372811693,0.5029494718104991,0.014779891733093076,-0.0015084986372811693,0.5023391206851062,-0.0003609504670085417,0.5023391206851062,0.005246256087161533,-0.0015084986372811693,-0.0015064780970958924,0.515123058962114,0.517495835573843,0.0037264363301953984,-0.0015084986372811693,-0.12896029793372535,-0.0015064780970958924,0.006854048596619727,-0.0015084986372811693,0.0008060187330316826,0.5017986205347964,-0.0009990098371500111,0.015646145234980757,0.3030489499047171,-0.0003609504670085417,-0.0015084986372811693,-0.0015084986372811693,0.12169164300414442,-0.0015084986372811693,-0.0015084986372811693,-0.0015084986372811693,0.502581788887296,-7.421515892189201e-05,0.5023391206851062,-0.0015084986372811693,0.5033776046884288,-0.0015084986372811693,0.12157595583151665,-0.0015084986372811693,0.12308523135118102,-0.0019713282371885688,-0.0015084986372811693,0.5024319947272639,0.5146986886601022,0.12684896155278272,0.5362066930370137,-0.0015084986372811693,-0.04423759521836021,-0.0014783684371927341,0.006854048596619727,-0.0009519025653992041,-0.0015084986372811693,0.5021265111343607,-0.0008993717008912161,0.038520517616919075,0.536551997045594,0.1211037068183689,-0.0014783684371927341,0.006428791838391151,0.1691957133632456,-0.0015084986372811693,-0.0015084986372811693,0.0005052396380421653,-0.001497280252760469,0.5049666523509404,0.5023769858484706,0.0008060187330316826,0.5799639313962697,-0.0015084986372811693,0.5034511350389028,0.019993158670346206,-0.0015084986372811693,0.006854048596619727,0.01667033993245509,-0.0015084986372811693,0.5023391206851062,0.005685098293572166,-0.0015084986372811693,0.5316431717398851,-0.0015084986372811693,-0.001297729567647704,0.12169164300414442,0.5023391206851062,0.23250373342337177,0.23250373342337177,0.5210595381499273,0.023723483858320904,-0.0015084986372811693,0.23250373342337177,0.006387490626196174,0.0007111567488947423,-0.1425572009441954,0.1336695231551019,0.005727547837911073,-0.0015084986372811693,-0.0015084986372811693,-0.0015084986372811693,-0.0009552304506326437,-0.0015084986372811693,-0.0015084986372811693,-0.0020288023777064734,-0.0015084986372811693,0.0017469097808517353,-0.0009519025653992041,0.5063601862016649,-0.0006605589496132547,0.5023391206851062,-0.0015084986372811693,-0.0015084986372811693,-0.0015084986372811693,-0.0015084986372811693,-0.0015084986372811693,-0.0015084986372811693,-0.0015084986372811693,0.5371429405968061,0.5049666523509404,0.5017986205347964,0.0008060187330316826,0.5023524034675833,0.13345483806792133,-0.1501870344089975,-0.0015084986372811693,0.0017761819979609517,-0.0015084986372811693,-0.15219892281346567,-0.0015084986372811693,-0.0011663341537190564,0.1218651173259834,-0.0014510735751248616,-0.0015084986372811693,0.5014400662866678,0.005048318884287417,-0.0015084986372811693,-0.0015084986372811693,0.23250373342337177,0.010200362305180621,0.003965755142123412,-0.0015084986372811693,0.0070276035591589625,-0.0015084986372811693,-0.0015084986372811693,0.0008060187330316826,0.12187975816460897,0.1289393739362171,0.2328203215046475,-0.0006736637543859891,0.12561321073352563,-0.0015084986372811693,-0.12213577929902672,-0.0015084986372811693,-0.0014510735751248616,0.23369218086709576,0.0013203361394531765,-0.0015084986372811693,0.8973710416104717,-0.001071815508786822,-0.0015084986372811693,0.8129178463620425,0.000994076540065253,0.894740183755956,0.12169164300414442,0.5063601862016649,-0.0014783684371927341,-0.0015084986372811693,0.0058218187495051865,-0.0006605589496132547,-0.0015084986372811693,-0.00149305505555139,-0.04621416435914036,-0.0015084986372811693,0.5023391206851062,0.5232265430556088,0.010020872719869345,-0.0015084986372811693,0.012504696859806874,0.0013203361394531765,-0.0015084986372811693,0.53805490831126,-0.0015084986372811693,-0.0015084986372811693,-0.0012642114083142586,-0.0014781504412404445,-0.14750628716399214,0.8125559859342342,0.005666952694608929,-0.0015080436747775539,-0.1522409317464961,0.5023391206851062,-0.0020288023777064734,-0.0015084986372811693,-0.0015084986372811693,0.12986558737308856,-0.0015084986372811693,-0.0015084986372811693,-0.001131036915666711,-0.0015084986372811693,-0.0015084986372811693,0.5241312109374153,-0.15201282730362836,0.008628610467035808,-0.0015084986372811693,-0.0015084986372811693,0.5139708153620565,0.5157306638903649,0.0008060187330316826,-0.0015084986372811693,0.005246256087161533,-0.0015084986372811693,-0.0015084986372811693,-0.0015044511927512771,0.0003250695380202784,-0.0015084986372811693,-0.0015084986372811693,0.005352229178435752,-0.0015084986372811693,-0.0014273451301075601,0.16473586633559023,0.0009237385963169198,0.12684896155278272,0.17123811911611023,-0.0015084986372811693,0.5023391206851062,-0.0015084986372811693,-0.14739127627510196,-0.0015084986372811693,0.5751862806161576,-0.0015084986372811693,-0.0018112347238324056,0.13350474597884385,0.013165022571084484,0.5023391206851062,-0.0015084986372811693,-0.0015084986372811693,0.5045453368367968,0.006726259860161926,-0.0015084986372811693,0.5822787439461293,-0.0015084986372811693,-0.0014783684371927341,-0.0015084986372811693,0.005267055656388853,0.014292775149611997,-0.0015084986372811693,0.0032349759194374716,-0.0015044511927512771,-0.0015084986372811693,-0.0015084986372811693,-0.0015084986372811693
chr5:34929592:34929593:NM_194283:DNAJC21,0.17379564628749153,0.030685991185153638,0.16009397536554973,0.5515689913106393,0.05024642111353539,0.07478682975339368,0.4310689412317804,0.0868168516021294,0.04052202668435256,0.05023651573613003,0.04246666552232958,-0.002122728724581302,0.10871862992603099,0.17542960049165468,0.7403381231176017,0.040551067089257875,0.5516797110256674,0.5536593678018201,0.04253917931408796,0.05004971120950946,0.4306797772001356,0.051531777511542476,0.04202190708566422,0.2366416182093523,0.41851176365667897,0.05004971120950946,0.23032972592845566,0.04202190708566422,0.05004971120950946,0.16037278663498947,0.05041358081808972,0.36104840075911976,0.16863358756599042,0.044288525006016044,0.05151084424292279,0.34015756056497426,0.04246666552232958,0.41851176365667897,0.06963795176823617,0.37108727627151783,0.34002674944199707,0.36086114107760475,0.16591409489128212,0.04246666552232958,0.05004971120950946,0.5583407153822781,0.04246666552232958,0.04261237162220527,0.012292563384945332,0.12370558299632925,0.0038643719963948886,0.5515865126670659,0.16009397536554973,0.04246666552232958,0.5515865126670659,0.04246666552232958,0.3429380215945242,0.9846058428921396,0.3333383229209125,1.0920174430532694,0.0038643719963948886,0.04054135518008095,0.24745901431901823,0.11448185561930482,0.1671357897806182,0.5543038666589979,0.23035877890768838,0.0442888813344115,0.23662191422285037,-0.002122728724581302,0.012292563384945332,0.04246666552232958,0.5515865126670659,0.3650969924069013,0.340264374415544,0.1232574402913405,0.3333383229209125,-0.002094803083891761,0.6190483452490114,0.5515461340511193,0.23032972592845566,0.04253917931408796,0.3648119049720613,0.33996969955477796,-0.002111564606634475,0.9845755340611191,0.3648119049720613,0.24548664337325377,0.04246666552232958,0.34200026544110335,0.050108653226082656,0.040552990807511236,0.3403679859709942,0.5515461340511193,0.34696356797858374,0.34002674944199707,0.3648375403029835,0.37748592321375285,-0.002122728724581302,0.3648375403029835,0.04246666552232958,-0.002122728724581302,0.050499105358950136,0.5515865126670659,0.984609912137975,0.05004971120950946,0.3753940661798932,0.363940485869877,0.553660177260268,0.04246666552232958,0.9845755340611191,0.43417862732214574,0.5515461340511193,0.5515461340511193,0.6104784776835661,0.16914588474096356,0.3730973334399912,0.34002674944199707,0.5516841106628199,0.005158829464672887,0.5515865126670659,0.23035877890768838,0.07102440681010008,0.3648119049720613,-0.002122728724581302,0.0506442079199127,0.11559089309078141,0.23035877890768838,0.5081431745678658,0.04246666552232958,0.3429819247797072,0.34002674944199707,0.027271837272309085,-0.0021207701448937577,0.9845078811996856,0.5515865126670659,0.5515865126670659,0.558153025880896,0.23035877890768838,-0.002122728724581302,1.110420735337112,0.344498186246762,0.5532305843434688,0.05647743022516172,0.04104519258230166,-0.002122728724581302,0.04246666552232958,0.36086114107760475,0.04246666552232958,0.15418073394179027,0.34002674944199707,0.3399936961577687,0.04248612785581524,0.03789316138195237,0.0033306079875639605,0.3745434197052626,0.3400103267094893,-0.0020414505946539374,0.5516357569174298,0.9846527380230976,0.5515461340511193,0.36082845633925326,0.04246666552232958,0.3648436956888973,0.04246666552232958,0.3399936961577687,0.5690919311465802,0.1814269315465015,0.9845755340611191,-0.002122728724581302,0.12043843411178773,0.4269999827203653,0.05798214466424523,0.23032972592845566,0.238239013421935,0.9845755340611191,0.09662839194264039,0.5515461340511193,0.15324736795754884,0.6106732422667649,0.11561718574292712,0.34002674944199707,0.33983226533302663,0.04248741245980053,0.984609912137975,0.04246666552232958,0.36488814038517503,0.5579530808967936,0.23129395615532694,0.04246666552232958,0.43417862732214574,0.23032972592845566,-0.0020997279122191848,0.04246666552232958,0.5515947409329773,0.0873501583524951,0.11559089309078141,0.11585905660617624,0.13221780931546623,0.34014109568701034,0.1851152809486622,0.04246666552232958,0.11565520512721716,0.8220968910038858,0.0034144353430476393,0.7403845450108405,0.4074946202757048,0.006244625223937039,0.3399936961577687,0.8495398452363232,0.34639587614837597,0.34696356797858374,-0.0020861214461452837,0.5518173792750118,0.04246666552232958,0.23032972592845566,0.4306387245082368,-0.002064452367302405,0.8089626656750742,0.3401656833132945,0.37456222978910425,0.16591409489128212,0.0023145634477568233,0.1661530998489141,0.05004971120950946,0.5515640340057728,0.11559089309078141,-0.002122728724581302,0.16015587039904666,0.3349037090438685,0.5515461340511193,0.623139346241687,0.5562539533513113,-0.002113523205188428,0.3648436956888973,-0.002122728724581302,0.33999577027409433,0.23032972592845566,0.36481348803861147,0.7404074585649552,0.34002674944199707,0.3401656833132945,0.34002674944199707,0.04706275295118961,-0.002122728724581302,0.5516841106628199,0.3447671387424589,0.04246666552232958,0.34002674944199707,0.36444860400767326,0.36480498825230134,-0.000384554645484092,-0.00021046264353014044,0.7403381231176017,0.3523070767417409,0.2777324943672977,0.08338102529599112,0.34002674944199707,0.9879716715837936,0.04451950568486612,0.04451950568486612,0.24745901431901823,0.17821273105029306,0.03170567085615533,0.04246666552232958,0.1156254219026108,0.9845883279399467,0.9845755340611191,0.39598699543156834,0.4310427560288722,0.3746019265522027,0.04246666552232958,0.39476090438154826,0.9845755340611191,0.5515865126670659,0.06752638467230343,0.04246666552232958,0.3648787119630046,0.3401326217386583,0.005832941697634597,0.34298603614009315,0.12338747790110802,0.5516186420844722,0.23032972592845566,-0.002122728724581302,0.1157842385544835,0.16009397536554973,0.04246666552232958,0.0022936283633877563,0.23032972592845566,0.05018152044372326,0.43104831046163494,0.34002674944199707,0.04246666552232958,0.5616409675599523,0.3648327762610425,0.0022936283633877563,0.42508691491766426,0.11562891189880534,-0.002122728724581302
chr5:38556646:38556647:NM_001127671:LIFR,0.011460700449716144,0.37623517418318997,0.043679082772958455,0.005078383518547586,0.0548526179705644,0.1312617773854645,0.04352307778253184,0.05179259378573278,0.36070040113491414,0.04782955201051001,0.05753540840185706,0.3404602322917935,0.05134407674269609,0.054320838969429186,0.9807149291810653,0.05179259378573278,0.3506832389396684,0.3580014023355679,0.0041312468696697024,0.008624002595078367,0.00744795374870455,0.0708746764669625,0.07149653820140023,0.00249433438278418,0.3117262349420913,0.04536726457853238,0.3117262349420913,0.0713929717867674,0.04536726457853238,0.06527141061705408,0.011940644323937738,0.38483102183712126,0.10633771388969813,0.0021774943349996967,0.0708746764669625,0.0014188705003521096,0.007519516644499319,0.0031036722453476884,0.03142487366498334,0.07080446545180455,0.9807149291810653,0.3117262349420913,0.05643871244459739,0.07138261637052284,0.04459675044115305,0.3118522806544127,0.007519516644499319,0.0529640465720613,0.04248927496554683,0.34805305419746,0.0018388026358789888,0.2825618087950229,0.05753540840185706,0.005863532039875469,0.9807149291810653,0.050183673941332246,0.33884376526384175,0.3117262349420913,0.008161114121556345,0.3117262349420913,0.01562478549176849,0.006949996747763976,0.003203387034312194,0.0035208787879113523,0.041746639969051674,0.29055927938369436,0.0031036722453476884,0.0018474565053392122,0.0031036722453476884,0.008478338455017553,0.04248927496554683,0.052421763113451286,0.9806824117479072,0.005119647290925428,0.35963410411650554,0.006082586359662551,0.008161114121556345,0.003014031398674649,1.0055482394848188,0.2825618087950229,0.3117262349420913,0.058552092231618225,0.3117262349420913,0.3473518093518823,0.010427392642852279,0.3117262349420913,0.0031036722453476884,0.005829607791348612,0.007519516644499319,0.9923021306751433,0.0013423639557053335,0.011101046458657421,0.0035689811613895395,0.0031036722453476884,0.013314250514653236,0.9923021306751433,0.07257654402734795,0.3661827760179408,0.00316339510878369,0.06789420435104637,0.04536726457853238,0.008500334405886018,0.04756185206926555,0.3297141517111538,0.9805341446251077,0.05242045469087511,0.007509003807648906,0.3641870331547982,0.9807149291810653,0.005763098220299273,0.0014188705003521096,0.0032842681909148463,0.28300998979353903,0.2825618087950229,0.30409736729901904,0.04713921085145767,0.013368394897494917,0.3117262349420913,0.005460315101909946,0.05714748073603049,0.0031036722453476884,0.3117262349420913,0.17511166980826012,0.0031036722453476884,0.00855679319427649,0.05183829573449272,0.0031395861941430347,0.9807149291810653,0.15720634933326566,0.007559711438151484,0.0048977912332819895,0.3117262349420913,0.1369552044308445,0.005096652108547234,0.3117262349420913,0.3117262349420913,0.3117262349420913,0.9887867592007025,0.08845130921266844,0.0031036722453476884,0.3481024557809752,0.3525846004088974,0.2915619292564171,0.12022111540557906,0.03918560625272624,0.0053461126962746075,0.007459561047975377,0.0502334362445199,0.007519516644499319,0.004656452676020856,0.3117262349420913,0.3117262349420913,0.04076153536866406,0.02014272290598934,0.02703745424519982,0.007920191354965411,0.3117262349420913,0.0031036722453476884,0.2825618087950229,0.9807149291810653,0.0031036722453476884,0.007509003807648906,0.047153341333989934,0.0031036722453476884,0.007519516644499319,0.3117262349420913,1.0226352974548305,0.05600040141237542,0.3117262349420913,0.35310135419474853,0.05459067906942694,0.13409549882079644,0.07906535852602184,0.0031036722453476884,0.32903995169420275,0.9807149291810653,0.1107839743386135,0.0031036722453476884,0.00829021591829568,0.9806615357603325,0.3117262349420913,0.3117262349420913,0.40998471407758996,0.04519653155817313,1.0107873053846856,0.007619674190575215,0.9807149291810653,0.33156797553279627,0.017661528088171896,0.007519516644499319,0.004245410821031609,0.31176034603780917,0.3117262349420913,0.007619674190575215,0.3117262349420913,0.03337729022865493,0.3123199251096805,0.008693753058093112,0.3106182409320345,0.3375656226134551,0.005361092997718725,-0.03585187300799261,0.004058843196203643,0.0470376492245185,0.0024242587702869023,0.3117262349420913,0.9818742936711732,0.1361402469212682,0.003203387034312194,0.4901479439673569,0.0026620489161018612,0.05174464573113133,0.3144078284367308,0.2825618087950229,-0.03534194324299769,0.0031036722453476884,0.0032870716840792957,0.0031036722453476884,0.10496583191524926,0.33760791405289114,0.5824276974188985,0.046868212175238205,0.013169623883918735,0.4026483348752925,0.045071999175385846,0.2825618087950229,0.3117262349420913,0.0024242587702869023,0.0508453904448308,1.0987695443736998,0.2825618087950229,0.3118993003177898,0.9807149291810653,0.003199653983186612,0.09022594417322322,0.042921371037370454,0.31801287188499433,0.03545130389343937,0.04985668009529562,0.3117262349420913,0.9806824117479072,0.4177005807080604,0.31160453112942194,0.03337729022865493,0.2825618087950229,0.005460315101909946,0.3159605436754924,-0.03418317604889726,0.31169526608745507,0.34154419109076295,0.4155003601021352,1.0790503424058588,0.0031036722453476884,0.0031036722453476884,0.30460708883610166,0.0533550592998088,0.007178724098724915,0.3117262349420913,0.0027878034792019057,0.0032011162992783837,0.0032011162992783837,0.050087354196245354,0.010353721039651514,0.0031036722453476884,0.00316339510878369,0.0031080496141566993,0.3117262349420913,0.9805690937193099,0.5047421747798986,1.0395783123188904,0.07260885440068815,0.04642218367121684,0.00411862819889014,0.3117262349420913,0.2826342801296011,0.15073633626024785,0.005763098220299273,0.4448312943211908,0.024206461823702397,0.010173975206675873,0.3119329161769224,0.042658803470040585,0.2856975088242381,0.0031036722453476884,0.0024840165651673907,0.0468142160812266,0.010377083838816498,0.005763098220299273,0.0023407510126788045,0.0031036722453476884,0.00850120362038792,0.0031036722453476884,0.31160453112942194,0.007459561047975377,0.32561725092768207,0.3724129146769457,0.0031036722453476884,0.3117262349420913,0.3123199251096805,0.0031036722453476884
chr5:55994993:55994994:NM_175767:IL6ST,0.1303286514708154,0.22866694552467803,0.13036435780130684,0.2068236121118552,0.007373615785811194,0.4169993124386673,0.4640258738091974,0.010852223274673556,0.23279798050981837,0.21919551268103288,0.12120228236278541,0.05376415035323054,0.1659192868804119,0.13037906180882597,0.6325371524587785,0.001413981524054253,0.6325371524587785,0.43342318668727065,0.1185137140832343,0.12774780376817185,0.0692969174853984,0.3188793963295517,0.013157421441371775,0.1307960845400195,0.37118101127427716,0.0012535442364662863,0.37118101127427716,0.3776248782948393,0.007124669434452391,0.6490632763537203,0.06760476187188716,0.48144968845243397,0.22242470324883606,0.018706391574957848,0.31821591851571973,-0.008507893128951755,0.0016261771939773406,0.37118101127427716,0.08699945737085646,0.16810817423262947,0.6325371524587785,0.37118101127427716,0.12828818101251793,0.07980668793281043,0.31760705534969125,0.01804593855346931,0.0012805609014424069,0.0014237038387018286,0.3763484902044174,0.05040505539966797,0.12560715971316835,0.05001786319348839,0.1211998422988822,0.2160400951728882,0.6324988339044051,0.12729540360866876,0.05396106780105933,0.6325425593605343,0.46057345022235663,0.05001786319348839,0.4378950028299022,0.05036005746411942,-0.007235701086895363,0.1421986593603451,0.15578214286420794,0.6386843342730594,0.05001786319348839,0.018568380568241782,-0.008455331867810889,-0.007537579531351035,0.002671672194591357,0.21657937685241296,0.6325371524587785,-0.008455976706291085,0.0617175214691946,0.06905162669517165,0.4559797524370684,-0.0012791322389136828,0.06509108789941909,0.37118101127427716,0.3713491858982714,0.1471159254553448,0.37118101127427716,0.6326546115238568,0.07602970079534588,0.6325371524587785,0.37118101127427716,0.2632695137384513,0.07345153789468334,0.05703017011806627,0.11735099818504452,0.09770614267582284,-0.0016685629905493493,0.05386945219750186,0.36742290921092025,0.050033383369274154,-0.0015988220579022383,0.44028399739475493,-0.007298490813143044,0.05703017011806627,0.08001568254120572,0.16043352856873985,0.009765388531590868,0.3716442548983058,0.05006364754078704,0.32085067254502697,0.3817566675261351,0.32764215334049235,0.05308923770535029,0.006993287184018426,0.060050588075416966,-0.007154680642435796,0.6325371524587785,0.6330396579108792,0.6333524363373563,0.08960933427479251,0.1854617842972203,0.05001786319348839,0.37118101127427716,0.15128244913152106,0.6325371524587785,0.37118101127427716,0.22986573981416863,0.37118101127427716,0.16050559209990836,0.3208054218187317,-0.0016685629905493493,0.37118101127427716,0.0759029048907339,-0.0016685629905493493,0.020978010790238533,0.6325371524587785,0.06783337772686429,0.049661376334519,0.05001786319348839,0.37118101127427716,0.37118101127427716,0.0735133009011246,0.4659240200707658,0.6325371524587785,0.46500816698993774,0.3690344241636718,0.6399113865716792,0.008107855551487742,0.08659854827278252,-0.0016685629905493493,-0.0016685629905493493,0.20396933023120045,-0.0016685629905493493,0.12303984646091054,0.05001786319348839,0.37118101127427716,0.004033775536035955,0.0982776101547464,-0.0035024808523822504,0.08939852835384227,0.6323323667276552,-0.0016685629905493493,0.05001786319348839,0.37139138743584843,0.37118101127427716,-0.0016685629905493493,0.08001568254120572,0.05001786319348839,0.006993287184018426,0.048437687757481696,0.05003308572429627,0.28221077247218096,0.37118101127427716,-0.006907771414028485,0.004048538493047871,0.17509088964460706,0.010529848568810063,0.37118101127427716,0.006150726040307752,0.05001786319348839,0.007269724012045009,0.6325371524587785,0.009339608859929627,0.6422674706717117,0.05001786319348839,0.6325371524587785,0.05124823609322368,0.0802270426085468,0.633037238419939,0.006973721594616844,0.6325371524587785,0.6325404357133345,0.026818980878994425,0.006993287184018426,0.0692417882563865,-0.0016685629905493493,0.37118101127427716,0.006610510258588276,0.057020296250565344,0.08699945737085646,-0.008455976706291085,-0.007277778237804289,0.0961001913072152,0.05396106780105933,-0.004447491648127161,0.08274949776214563,-0.0016685629905493493,0.13482589172909,-0.0016683505116420472,0.6325371524587785,0.05434922671564238,0.058119188878699185,-0.0016685629905493493,0.36209397523555736,0.40112081502144703,0.36741274469539653,0.0007105518624873075,0.3716442548983058,0.08001568254120572,0.37118101127427716,0.06924584657477711,-0.0016685629905493493,0.3038416823761667,0.05396045015730935,0.2653399158795995,0.06176580722108169,-0.017507668467533266,0.002830938404848521,0.3208139868982556,0.05001786319348839,-0.0016685629905493493,-0.0016685629905493493,-0.001233152981597374,0.004275809281118814,0.37118101127427716,0.37118101127427716,0.6332131048798918,0.37118412750831264,0.035327578318829156,-0.0015092574108219181,0.0503338450557011,0.11736714086263639,0.1273905748130661,0.6325371524587785,0.05001786319348839,0.6345561856808279,0.05001786319348839,0.11268428150546178,0.05001786319348839,0.37118101127427716,0.05001786319348839,0.006993287184018426,0.37121677991547175,0.05396337773092155,0.03194706827656191,0.10203984164938684,-0.0015153480092379157,0.37121332190803924,0.12957075366714527,0.008668265696215371,0.2835491310810846,0.05001786319348839,1.1949661547481218,0.1283514604908665,0.1283514604908665,-0.008455331867810889,0.17659996001231842,-0.0016685629905493493,0.006580515838384371,-0.0016685629905493493,0.05069327117028574,0.049981052009001825,1.4198773165610035,-0.006907771414028485,0.05691593296147837,0.1708202309141738,0.1705297914374427,0.05001786319348839,0.0613641609393967,0.010720766637272672,0.006993287184018426,0.15124014481052078,0.05396045015730935,-0.0015597569431246017,0.0020833351677359002,0.07553827856209686,0.3716442548983058,-0.0016685629905493493,0.006580515838384371,0.3815583879775817,0.16148676437715043,0.08274949776214563,0.4940496574089941,-0.001666463925371342,0.13804554671938435,0.08944877225757092,0.6325684781654104,0.20247876936214781,0.062009633121257596,0.0566382607786132,0.3712713045524016,0.04999255750952075,0.05001786319348839,-0.0016685629905493493
chr5:65624360:65624361:NM_001656:TRIM23,0.0017709580096215288,0.769624653766395,0.7862826947290518,0.9784059737319042,0.0009967548446140617,0.772132597129636,0.0017848139361095194,0.0009967548446140617,0.019608559657051758,0.007282294721569674,0.0017709580096215288,0.002729068693332365,0.003401712667110146,0.0033662460840259145,0.0010327504872667814,0.0009967548446140617,0.98443127284117,0.8236158639084028,0.0010136661778157585,0.0009967548446140617,0.0009967548446140617,0.7998137784148354,0.0009967548446140617,0.0034059383338597565,1.5150003510460897,0.0009967548446140617,0.0010133358079253002,0.0009967548446140617,0.0009967548446140617,0.011314682270849252,0.008816581149898362,0.7714465856698669,0.010419103988544315,0.0012807549697901321,0.7998137784148354,0.7710417637697026,0.0009967548446140617,1.514907092755549,0.0331746780233913,0.7775560385957865,0.7710417637697026,0.3062116003960327,0.0017878861956718423,0.0035421354538732186,0.01573576359363929,0.30505658075191744,0.0009967548446140617,0.0009967548446140617,0.008045933398060076,0.0009967548446140617,0.0010069074383962096,0.7710843514010138,0.7730475486800814,0.0009967548446140617,0.0010484810971892189,0.0009967548446140617,0.7676524655994017,0.0010133358079253002,0.0009967548446140617,0.0010133358079253002,0.0010069074383962096,0.0009967548446140617,0.0009967548446140617,0.306264535534138,0.003392388143082792,0.7710084333114532,0.0009967548446140617,0.005082675358246913,0.0010161692233909836,0.0010009741316708287,0.0009967548446140617,0.0010009741316708287,0.7676949297365654,0.0009967548446140617,0.0009967548446140617,0.7676192435059155,0.0009967548446140617,0.0009967548446140617,0.0009967548446140617,1.5150003510460897,0.0010133358079253002,0.0017716056716701456,0.771051019597276,0.7710843514010138,0.0020934502438244157,0.0010133358079253002,0.0009967548446140617,0.043396504235671776,0.0009967548446140617,0.0009967548446140617,0.0013260461332679357,0.0013724952985434136,0.0010133358079253002,0.7676524655994017,0.0010161692233909836,0.0010161692233909836,0.7152473689906651,0.7710417637697026,0.0009967548446140617,0.7152473689906651,0.0009967548446140617,0.002595454295600222,0.009102820870411962,0.002627276678761628,0.7711411641660014,0.002591230286647636,0.3138968560551204,0.7710417637697026,-0.016316854596585023,0.0009967548446140617,0.30408327350384634,0.0010002634272744532,0.7710417637697026,0.771051019597276,0.7710844994433734,0.0012807549697901321,0.30631166398619636,0.7712347513947231,0.0010133358079253002,0.30643828672978124,0.0010133358079253002,0.0010133358079253002,0.003578519786631984,0.0009967548446140617,0.0010009741316708287,0.015379605847810063,0.002607837200110291,0.0010327504872667814,0.012564098103284405,0.0009967548446140617,0.3351966328408516,0.7710417637697026,-0.0004962537192426952,-0.01331747283405102,0.002607837200110291,0.7710417637697026,0.7710417637697026,1.5185231037651827,0.003471656394299652,0.0010161692233909836,1.5150878384826618,0.7710843514010138,0.7732676427477259,0.33233775479469685,0.0021556898651037687,0.0009967548446140617,0.0009967548446140617,0.7710084333114532,0.0009967548446140617,1.5085262399027792,0.0010161692233909836,0.0009967548446140617,0.3040596611603193,0.003471656394299652,0.0012522509365757162,0.01160211141052657,0.3040596611603193,0.004563428528094549,0.7710843514010138,0.0009967548446140617,0.002591230286647636,0.0009967548446140617,0.0009967548446140617,0.0010133358079253002,0.0009967548446140617,0.7676524655994017,0.30621359371791074,0.7763775993883756,0.7710417637697026,0.0009967548446140617,0.003471656394299652,0.31240749847745686,0.31779429857913866,0.002591230286647636,0.008443076486592468,0.0010133358079253002,0.3207218401906108,1.5150878384826618,0.7676524655994017,0.7743274941386238,0.002591230286647636,0.7710417637697026,0.7676047187159196,0.772917444897463,1.515033060481731,0.0009967548446140617,0.771051019597276,0.7677259307229141,0.014020811724049564,0.0009967548446140617,0.0009967548446140617,0.0009967548446140617,0.0009967548446140617,0.0009967548446140617,0.0010133358079253002,0.0013711780262880419,0.7710417637697026,0.7676524655994017,0.005100036681538966,0.7676524655994017,0.7777271751893395,0.0009967548446140617,0.0009967548446140617,0.0009967548446140617,0.008816581149898362,0.002627276678761628,0.7723167464188354,-0.003576463417959544,0.3040596611603193,0.3040596611603193,0.31447570860854024,1.5156898186565313,0.2842534235619057,0.7677929060544546,0.0009967548446140617,0.0010133358079253002,0.0010002634272744532,0.004563428528094549,0.30714730360592996,0.7711894220537481,0.9329663745339052,0.002595454295600222,0.7676192435059155,0.7710084333114532,0.01538387125023033,0.002607837200110291,0.7710084333114532,0.008816581149898362,0.0009967548446140617,0.8029315355127162,0.0010468451199617673,0.7710417637697026,0.7702070684043859,0.001016890546502891,0.770849781990548,0.0009967548446140617,0.7710831044608955,0.0024286233500523113,0.770849781990548,0.0043062306558169505,0.002607837200110291,0.7710417637697026,0.7710417637697026,0.0013760168383520344,0.0010133358079253002,0.7676192435059155,0.7710417637697026,0.0009967548446140617,1.514994567895752,0.771054392594661,0.9196088161930609,0.0010075637815147725,0.0010033444729366098,0.0010133358079253002,0.7710417637697026,0.7716096900696248,0.7676295697578509,1.514994567895752,1.5150878384826618,0.0009967548446140617,0.0009967548446140617,0.0009967548446140617,0.0010499838384313148,0.3061879257564924,0.0009967548446140617,0.004563428528094549,0.7710084333114532,0.7710417637697026,0.7884198128080655,0.0012553251695632678,0.7185284599203675,0.3061879257564924,0.7676192435059155,0.7710417637697026,0.0009964022317889981,0.31038272318671856,0.0009967548446140617,1.5151456198076447,0.0025919726567888296,0.3119918770876622,0.3185176113258033,0.30408327350384634,0.7677757064601067,0.0009967548446140617,0.0009967548446140617,0.002591230286647636,0.002591230286647636,0.0009967548446140617,0.003401712667110146,0.7681644081588579,0.002610374829842277,0.0012973402192851952,0.7710843514010138,0.3156681112889113,0.7685836011039472,0.7154642828300019,0.0009967548446140617,1.514994567895752,0.771051019597276,0.002661631424152669
chr5:74767371:74767372:NR_104006:GFM2,0.37237142129072925,0.3735629993600194,0.3696287386567771,0.4720887015015798,0.36951904401045976,1.084622823457437,0.4719144360287827,1.077981442025298,0.3721947619451831,0.45063199363952894,0.45079417608365013,0.3695262976571289,0.006895188975587455,0.37237142129072925,0.006284599682326877,0.36948216534939426,0.4878719866445227,0.3516558386904964,0.37222346600377487,0.3696287386567771,0.008454825348744283,0.3968417698261807,0.36951904401045976,0.006200256768573484,1.1539500356293122,0.3696287386567771,0.006188848606017636,0.36948216534939426,0.3696287386567771,0.36970480924819515,0.45045838226573004,0.5047290720523294,0.3696287386567771,-0.029165407427154094,1.1361238494093755,0.4720063959526902,0.3696287386567771,0.28525577252555706,0.3711479810380449,0.03733578168507927,0.4720887015015798,0.4720746965573283,0.3696287386567771,0.006181509658628834,0.43161947341160994,0.4816795271209674,0.3696287386567771,0.36951904401045976,0.4719528412829349,0.006181509658628834,0.006199698037066298,0.4721013578717313,0.36993837696846243,0.3696287386567771,0.28525577252555706,0.36951904401045976,0.47228659786602734,0.006284599682326877,0.37768435516185356,0.006188848606017636,0.006206787924947818,0.006181509658628834,0.006181509658628834,0.006202735090952177,0.36975146727946534,0.4720769268089854,0.006188848606017636,0.34146780949340566,0.4719181466738698,0.36947757336372566,0.006217138009765158,0.36961037822242204,0.4720873527074201,0.006181509658628834,0.3696287386567771,0.006749316372540962,0.37768435516185356,0.009254531349021072,0.4720746965573283,1.1539500356293122,0.00629114533273277,0.006838230453300231,0.4721013578717313,0.4721013578717313,0.37135820395404917,0.006284599682326877,0.006284599682326877,0.04461571782661651,0.3696287386567771,0.4720746965573283,0.4720746965573283,0.36970901477089546,0.28510524943768695,0.006284599682326877,0.4719181466738698,0.4720746965573283,0.5513504888886386,0.48095746971989106,0.006181509658628834,0.006406816541050422,0.3696287386567771,0.36951904401045976,0.3611333875926471,0.4720746965573283,0.4721035881590804,0.43161947341160994,0.36043339780622774,0.48095746971989106,0.4720873527074201,0.3696287386567771,0.4720746965573283,0.28512033526425196,0.4720746965573283,0.2852367713462216,0.4720746965573283,0.36959775493450614,1.0915190659976144,0.4720746965573283,0.4720887015015798,0.4746747443253555,0.006284599682326877,0.006284599682326877,0.461881556964461,0.006284599682326877,0.36947757336372566,0.3486482273817638,0.006181509658628834,0.28524672124516365,0.42862158940241435,0.36951904401045976,0.47416289916935733,1.154001898675695,0.03622244183151112,0.006411801840129891,0.4720887015015798,0.4720873527074201,0.4720873527074201,0.5003625412598828,0.4719214024157674,0.006188054524809611,0.4720746965573283,0.4721917839536939,1.1529769681249027,0.09684758018853327,0.371928797147585,0.006181509658628834,0.006277259958823625,0.3764470517466453,0.36951904401045976,0.007810550277053047,0.4720887015015798,0.006284599682326877,0.47181668949166844,0.006181509658628834,0.03739717083614964,0.36106676314652614,0.4720423918339732,0.009362931903101002,0.4721013578717313,0.4720746965573283,0.006284599682326877,0.36965061883310024,0.3696287386567771,0.006277259958823625,0.3696287386567771,0.4718989874644457,0.4722039478649669,0.3724323627459698,0.4720887015015798,0.006284599682326877,0.3696287386567771,0.28906670014769975,0.09555881191274537,0.28512424725920976,0.04780980321570551,0.00629114533273277,0.11842140880157936,0.4720873527074201,0.4719214024157674,0.4720887015015798,0.4720746965573283,0.4721013578717313,0.696394705319338,0.4718989874644457,0.4720746965573283,0.3696287386567771,0.4720887015015798,0.3050360063570292,0.026802462355150714,0.3696287386567771,0.28512033526425196,0.006181509658628834,0.006188054524809611,0.3696287386567771,0.28540546389617477,0.372103227944251,0.4720746965573283,0.006295450183646897,0.28559767069507636,0.47212377862178945,0.47295056820043274,0.3696287386567771,0.006180919049769501,0.3736606370062928,0.012068272037128305,0.006284599682326877,0.47160817580146985,0.0459323105131894,0.006284599682326877,0.3415257607648741,0.4745609138649121,0.4719321486446266,0.007017596617478222,0.47209275705203313,0.3696287386567771,0.006277259958823625,0.2862146499230077,0.009421920397092456,1.1580465561767133,0.47228659786602734,0.06715869678451179,0.369591858506086,0.3696287386567771,1.0781324827697185,0.3486482273817638,0.4720873527074201,0.4720746965573283,0.012068272037128305,0.006181509658628834,0.03745132946545719,0.2852458225059001,0.4720746965573283,0.28524672124516365,0.0062908813663079405,-0.02922134551822876,1.0780637276166969,0.49933173736180614,0.006180919049769501,0.0063868943659979305,0.28524672124516365,0.4720887015015798,0.487859591193775,0.4874966994761183,0.37296484085792236,0.006188054524809611,0.28524672124516365,0.472090931773115,0.3696287386567771,0.4720887015015798,0.47228659786602734,0.06170129331830873,0.00726538840311701,0.016318716572934308,0.006277259958823625,0.4720746965573283,0.006312075990438051,0.3695006838659979,0.4720887015015798,0.4720746965573283,0.006181509658628834,0.006181509658628834,0.4719321486446266,0.4068532151338935,0.006277259958823625,0.006181509658628834,0.47221796133327115,0.4720746965573283,1.154005702420185,0.8129839859905744,0.006284599682326877,0.473228347499229,1.0832669185471606,1.0780637276166969,0.4721013578717313,0.4771839416705772,0.11693463839261055,0.3696287386567771,0.4746747443253555,0.47227259172442426,0.015318857369700886,0.550014509955003,0.47186885620362373,0.4721036710910736,0.006181509658628834,0.012068272037128305,0.006181509658628834,0.4720746965573283,0.006277259958823625,0.006181509658628834,0.006295450183646897,0.4721501968921892,0.37706582841406583,0.4721013578717313,1.0780665822819737,1.153329177026299,0.006181509658628834,0.0061961901758259,0.4720887015015798,0.006195393523593495,0.006181509658628834
chr5:78360502:78360503:NM_001290229:SCAMP1,0.4111518068444641,0.1009003265934888,0.0006740213286381969,0.2961812984093739,0.29609946615933147,0.32556676191636796,0.3044130543678172,0.0033465848895262718,0.07236744695689468,0.07110981844518113,0.27990493480825496,0.0011026595589866406,0.006053874628698636,0.3878149040185036,0.2961812984093739,0.00043764396630657787,0.2961812984093739,0.32187100130595003,0.21783695099085992,0.0002075768710935455,0.014590766454239984,0.13272596218938254,0.003116054535934998,0.2957657304867577,0.2961812984093739,0.0002075768710935455,0.2957657304867577,0.0033465848895262718,0.00043764396630657787,0.09801100448586286,0.004867245936749448,0.3155564676871663,0.0038884828401207217,0.20391108447179512,0.23844301882941885,0.2961812984093739,0.003116054535934998,0.2961812984093739,0.024295275041132297,0.04367857736556935,0.2961812984093739,0.6375504630519933,0.0036574568628300608,0.30082670093053787,0.08273697885491102,0.4856616414807958,0.003116054535934998,0.09775525659857395,0.024582528190694508,0.20472623833481582,0.06482253918415667,0.2961812984093739,0.27988315752406706,0.003116054535934998,0.6375504630519933,0.0002075768710935455,0.6418629761646222,0.2957657304867577,0.06713567336041926,0.2965014701750438,0.06482253918415667,0.003116054535934998,0.011098024968997755,0.29617925707036774,0.22169997326016946,0.2961812984093739,0.2957657304867577,0.00021785115571751335,0.005177150258698082,0.0002075768710935455,0.0004448994824967356,0.0006740213286381969,0.29649747041335195,0.00044675637891158915,0.0002075768710935455,0.009484606425802122,0.06713567336041926,0.12634620355616508,0.2961812984093739,0.2961812984093739,0.2961812984093739,0.4941892308646111,0.2961812984093739,0.6380727197584194,0.00021526188429940585,0.6371768320170907,0.0006740213286381969,0.05345035230945114,0.0002075768710935455,0.2961812984093739,0.29430256594590615,0.0002075768710935455,0.2961812984093739,0.2957657304867577,0.0034584895922154524,0.2961812984093739,0.0013516157932330908,0.42544819072533496,0.00197463602739259,0.002117317377068134,0.003116054535934998,0.20391108447179512,0.002212874025940781,0.2961812984093739,0.2958866591062026,0.30253746922556224,0.003584660111521476,0.48636493632658206,0.2957657304867577,0.0002075768710935455,0.2961812984093739,0.017486392768121667,0.6375504630519933,0.2961812984093739,0.29638754231900644,0.002212874025940781,0.6311932613613356,0.2961812984093739,0.29576581770854077,0.06684361965386212,0.2957657304867577,0.2954715774736705,0.08150135555059781,0.0006740213286381969,0.20391108447179512,0.2993941326914333,0.2957657304867577,0.2957657304867577,0.11906560254227691,0.0002075768710935455,0.5055042865994339,0.2961812984093739,0.04137167093650468,0.0006740213286381969,0.2961812984093739,0.6367461775422392,0.6367461775422392,0.3017558948239222,0.015305936000587411,0.2957657304867577,0.6379680035010878,0.4828780457103802,0.2958881470405297,0.15172787585276376,0.25814306888869765,0.0002075768710935455,0.0002075768710935455,0.3829096462815834,0.0002075768710935455,0.678222238400193,0.2961812984093739,0.2961812984093739,0.12621285208008418,0.09474902235971114,0.20415388570021367,0.0017454263013256255,0.2961812984093739,0.3300044555911791,0.2961812984093739,0.40550554872557437,0.0006740213286381969,0.29769365456713254,0.0002075768710935455,0.2957657304867577,0.0002075768710935455,0.29618678664325604,0.2968495500319264,0.31162352236728685,0.2961812984093739,0.2957657304867577,0.30112929403448585,0.03955603200518559,0.40243865973563764,0.0002075768710935455,0.34228747112894364,0.2961812984093739,0.30092329480843083,0.2961812984093739,0.6483272327627507,0.29649747041335195,0.2961812984093739,0.48251007209807734,0.7454793727180278,0.2957657304867577,0.2961812984093739,0.0002075768710935455,0.0009030067694475175,0.2963784610158371,0.34002105224822915,0.0002075768710935455,0.014590742598592138,0.00043647963798956746,0.0002075768710935455,0.003116054535934998,0.2977816099605083,0.21477068095232926,0.2961812984093739,0.2961812984093739,0.29951574716858365,0.6426579160113488,0.3195677544645783,0.003116054535934998,0.0006740213286381969,0.4021585172936258,0.2332641799399213,0.2957657304867577,0.4877128959595158,0.06189222219524826,0.2957657304867577,0.644907520826296,0.297995206023997,0.30011887016488115,0.0013505764968269607,0.48228371598618486,0.003116054535934998,0.2957657304867577,0.014591222837050277,0.3300044555911791,0.48714065074767215,0.30016053572160817,0.0191489555643706,0.0002075768710935455,0.3005946575815005,0.40550554872557437,0.2956217600048083,0.2961812984093739,0.0006740213286381969,0.12788058398748164,0.0002075768710935455,1.0278432664020118,0.0006740213286381969,0.2961812984093739,0.2957657304867577,0.4055126418244587,0.001357228662606319,0.0002075768710935455,0.29694507641965906,0.0002075768710935455,0.0013505764968269607,0.2957657304867577,0.2961812984093739,0.40550953133216405,0.2961812984093739,0.015546416536778851,0.2961812984093739,0.4819001333513524,0.3020885807387579,0.0002075768710935455,0.2961812984093739,0.6868157522513355,0.01016639163587943,0.6474735979928156,0.0002075768710935455,0.2957657304867577,0.2961812984093739,0.6413139881398475,0.2056638075366538,0.2961812984093739,0.2972297891883624,0.2961812984093739,0.2961812984093739,0.30011887016488115,0.20466885248475727,0.0002075768710935455,0.0002075768710935455,0.3372531607701545,0.0002075768710935455,0.2961812984093739,0.5325417964787229,0.20720785728699675,0.0013510490628059757,0.0038884828401207217,0.06343544616663091,0.33039248392089277,0.2981103215535674,0.3626924384698571,0.0002075768710935455,1.4326525509657626,0.6418630934893979,0.05246689914450711,0.5043253898438343,0.0009042536352966701,0.2993651128881057,0.0002075768710935455,0.23369554735389633,0.29651537095103914,0.20446134273926167,0.003116054535934998,0.2959648855323935,0.0006740213286381969,0.0009831570426915848,0.005822546823910757,0.6375504630519933,0.20446134273926167,0.5372697770154136,0.002117317377068134,0.005177150258698082,0.2961812984093739,0.3825509160805389,0.0002075768710935455
chr5:78648825:78648826:NM_005779:LHFPL2,0.30105787745800594,-0.05011744280723629,0.28460641471904236,0.14434618312074957,0.2916825858760349,-0.03343629992741895,0.0023130479149437444,0.28790989231803266,-0.06238735519922703,0.29079633863712406,0.2960396582113919,0.22832687748405237,0.29337274954966086,0.2968916760509426,0.1611307136641607,0.27732090406068066,0.14665481665012667,0.342839385701282,0.29453836527325317,0.003912432590209652,0.006777202345448596,0.2801535994535994,0.01014145983234227,0.4420976600485187,0.1611307136641607,0.2840771349144531,0.1611307136641607,0.011187650475931954,0.28602027577118655,0.30109341755439134,0.2909106631216024,0.641630047575167,0.28603849758944333,0.02407073058078449,0.2829194944067986,0.4880348897122052,0.011803617692057233,0.1611307136641607,0.008326695528717482,0.335142513798082,0.1611307136641607,0.45914941886746324,0.32441372191873263,0.2930293284173637,0.34280609217834007,0.096380382204516,0.0106337457300833,0.28795493987129106,0.01033140965104229,0.2915837035741541,0.35332145200102993,0.1611307136641607,0.2908490867549464,0.29663163835034506,0.1611307136641607,0.28602027577118655,0.5597200360625759,0.1611307136641607,0.5813531060745715,0.1633875599861321,0.35800304341046907,0.281580929786062,0.22145264909629314,0.28078790018920996,0.3340238475659869,0.16111817368370146,0.0066690286500274976,0.0031058024161123854,0.1962244909277475,0.2818148340414857,0.010336591545692164,0.29529544650328854,0.27884890939227835,0.008070439727457246,0.2885299852512667,0.3644152823228084,0.5813531060745715,0.010623226858629042,0.31899036791737756,0.1611307136641607,0.27884890939227835,0.038628878595148575,0.16113168090048077,0.46628667687874126,0.008460238944744403,0.16113497173277383,0.0066690286500274976,0.41132247978396563,0.015468866275345494,0.47842098470374594,0.016278897861542713,0.004399591251910834,0.010302505217284152,0.0066690286500274976,0.1655827441331107,0.10710491439961753,0.29715047055354427,0.30410283904340574,0.010377623317518847,0.0072841381496563384,0.29374182151002937,0.2868022282515234,0.28931316800306595,0.5486527516480807,0.2846552813161023,0.22414286113781356,0.28857532749468195,0.5368405229900214,0.3585721021686574,0.017803654753951764,0.5879253035834874,-0.0014633208541575404,0.5399223595607299,0.1611307136641607,0.16505927988792424,0.011792470946410033,0.4789729041246502,0.1611307136641607,0.45617290741633304,0.29263872012473713,0.1611307136641607,0.1611307136641607,0.22891035924145528,0.1611307136641607,0.2868022282515234,0.3413995851529673,0.0066690286500274976,0.27884890939227835,0.28237686087481445,0.2840771349144531,0.4121005074966715,0.16226603873024348,0.27964473210827573,0.28162612033963735,0.27884890939227835,0.22836451552271736,0.22836451552271736,0.1879083780756492,0.21970627055081365,0.1611307136641607,0.2670425168161722,0.46260871236392576,0.16177113411536484,0.07248645798638095,0.008921485307608223,0.2801048244808123,0.28776119602675143,0.3287544154656704,0.006391568790501567,0.043142124154551764,0.1611307136641607,0.1611307136641607,0.0076106228332557535,0.2892426288200003,0.11070035313607426,0.007600838144639632,0.0066690286500274976,0.0974043315106905,0.27885651731114336,0.16222918655365198,0.1611307136641607,0.28495223999890196,0.017488187969539798,0.008790593654122103,0.010054217004421329,0.1611307136641607,0.42787593418661096,0.3150914691646658,0.16538242727066926,0.008370974863321334,0.2983135784977048,-0.006758248413914786,0.25850594935791227,0.1611307136641607,0.01677370605917594,0.1611307136641607,0.06693282257236582,0.1611307136641607,0.008674751875221043,0.502545892238465,0.0066690286500274976,0.1611307136641607,0.7086054030776194,0.011490175430382998,0.4607998146098748,0.012695167151703823,0.1611307136641607,0.16200049807807348,0.003883711746968832,0.016296215474537384,0.0010458533454906216,0.1611307136641607,0.0066690286500274976,0.012695167151703823,0.2794011277294468,0.571746956253724,0.1633875599861321,-0.04973726257701122,0.21678669211719104,0.5592283863220001,0.32303504075031786,0.29240590371949204,0.0983726954032037,0.5815364566707558,0.040566345109973784,0.27884890939227835,0.20415480774340025,-0.02046009790335307,0.09756953500131532,0.3452324729573793,0.42044553874009616,0.2081966539536126,0.28287067114719744,0.3964085280465529,0.2966133038369358,0.0066690286500274976,-0.00395344846295359,-0.04884169023757309,0.6142769414821824,0.5543171442571726,0.014231872925294875,0.2845433029828768,0.28865090649300984,0.2877216481443504,0.40692431284632724,0.0974043315106905,0.28319827782226265,0.04230055988878936,0.2839984848524178,0.8907086972274247,0.1611307136641607,0.4608635472397317,0.16116014363611295,0.1611359041792188,0.27997368563078595,0.0066690286500274976,0.19896317074132117,0.013357072546997972,0.006711189488667113,0.1611307136641607,0.27884890939227835,0.1635528542948037,0.1633875599861321,0.2910481207495137,0.1611307136641607,0.45617290741633304,0.17670770492668675,0.013904625672840454,0.1611307136641607,0.582406722254221,0.009593682145385474,0.164986600426415,0.007100853838509724,0.1611307136641607,0.6050085642610942,0.14429427462839145,0.28425129191392506,0.1633875599861321,0.006678297884986362,0.0032102856279800085,0.0032102856279800085,0.23247623448506166,0.3307828251476589,0.1611307136641607,0.010619494942221419,0.013722901672919119,0.0066690286500274976,0.3165683573466682,0.5153223679487932,0.452526773803347,0.013384001690732394,0.29696278521859176,0.012727254177834157,0.1611307136641607,0.09951610591990862,0.12008152537805128,0.012150586553144826,0.6048684555542534,0.555931467005843,0.008729273509180069,0.7841252434382907,0.2783103609182739,0.39156563029110014,0.0066690286500274976,0.013733866332307249,0.28475435997171994,0.29134312948875113,0.28782043921929135,0.1406492663549973,0.00784704759641619,0.01775812988783848,0.2865851490669314,0.8935695315256144,0.2908078534155633,0.29746062411099694,0.05931066340683694,0.19733233680215054,0.1611307136641607,0.6138316522454511,0.27978478984397315
chr5:78985943:78985944:NM_198709:ARSB,0.06508712608000344,0.6611604628180101,0.48744580137371707,0.9629158882693004,0.004466786955016122,0.1550033144715871,0.004204170481895059,0.014623275560695523,0.11853052219304042,0.08344614886012831,0.5352278418721632,0.0712867237172681,0.02437624175080226,0.5873447239782781,0.48714022063206086,0.01762154239502646,0.4871251587701205,0.7044464075581616,0.5043780739324698,0.004190422691385837,0.00423430826909485,0.00848217040701428,0.011638805356536358,0.48701939789635357,0.48714022063206086,0.004225384804203883,0.9628389147717177,0.011638805356536358,0.004190422691385837,0.04583694842307964,0.10984322275204293,0.5047458973107534,0.48744580137371707,0.004191733847916865,0.014893009809884603,0.966761070976172,0.004225384804203883,0.48714022063206086,0.004225384804203883,0.1621949894871117,0.08220810876429087,0.962592331723026,0.03988183486602433,0.08234381175492338,0.04567188287299519,0.4978962726227159,0.004225384804203883,0.09066360069463718,0.04585160765245992,0.004225384804203883,0.11043581443300077,0.4871520522993432,0.6224595570285597,0.004225384804203883,0.9628612162787512,0.4874559575562649,0.9672104056145923,0.48714022063206086,0.004225384804203883,0.08220810876429087,0.11043063168931609,0.004295612265805285,0.5873244889218213,0.1114744805199465,0.1733016562491127,0.004225384804203883,0.48714022063206086,0.011156337688009985,0.16868756259202652,0.004466786955016122,0.006979823163038842,0.004235924598308766,0.4871535934733657,0.07618134859232094,0.004225384804203883,0.08624555587317255,0.004225384804203883,0.032544861796913765,0.48714022063206086,0.48714022063206086,0.9628612162787512,0.0577844160628945,0.08221720402673229,0.9632486529352914,0.004225384804203883,0.08220810876429087,0.48714022063206086,0.2700812652103268,0.004225384804203883,0.48714022063206086,0.004449699449300876,0.004225384804203883,0.48714022063206086,0.004225384804203883,0.5824405304826272,0.5051346487677854,0.052175812605457506,0.028261248760959368,0.004224154060884319,0.011325030948221945,0.004225384804203883,0.058647546449339255,0.14905701144967248,0.01135223725375524,0.08222332123835681,0.038173024050861454,0.03840572128820152,1.074482816153047,0.48714022063206086,0.004225384804203883,0.08206598755093793,0.00423430826909485,0.9628389147717177,0.9628389147717177,0.08220765143357718,0.14903193633424971,0.10180393769617901,0.9628612162787512,0.48714022063206086,0.18035487644470455,0.48714022063206086,0.4871520522993432,0.08507513741857135,0.48714022063206086,0.05783938413705994,0.045649597697022454,0.08220810876429087,0.48714022063206086,0.1415868004069689,0.004225384804203883,0.5660959886549003,0.08220810876429087,0.09180972752061878,0.004225384804203883,0.004225384804203883,0.0820037688933904,0.0820037688933904,0.4877521161935348,0.5506235282279031,0.08220810876429087,0.08206598755093793,0.48701544913886957,0.004235443602905675,0.47326296156598485,0.6359626838903512,0.004225384804203883,0.004235924598308766,0.48779131198649556,0.004466786955016122,0.6276993443027892,0.48714022063206086,0.48714022063206086,0.008464356243937543,0.004225384804203883,0.004368664357539465,0.14903193633424971,0.08220715810629334,0.08220810876429087,0.4870364906067818,0.4871520522993432,0.48714022063206086,0.1487408129510993,0.004225384804203883,0.004225384804203883,0.004225384804203883,0.00505016078937591,0.5057252042963273,0.07069091869076638,0.9628389147717177,0.48714022063206086,0.062488770525127246,0.013430560999077482,0.5457600812559091,0.48714022063206086,0.03248139180733969,0.08220810876429087,0.49074142510985763,0.48714022063206086,0.5549567911374216,0.9628389147717177,0.48714022063206086,0.962592331723026,0.48827509197344987,0.004190422691385837,0.48714022063206086,0.004225384804203883,0.9631492266471016,0.00423430826909485,0.004006273687906986,0.004225384804203883,0.00423430826909485,0.48746435400859617,0.48714022063206086,0.004225384804203883,0.08273484909441511,0.48647518879947405,0.9626337793485431,0.487139878776822,0.1317887648228575,0.9671960439634057,0.10599534431066275,0.004225384804203883,0.004118558806559883,0.497604770770821,0.004225384804203883,0.48714022063206086,0.5183296190461063,0.06291639581432538,0.4871520522993432,0.48734634922711334,0.4981166722710728,0.6056813425252153,0.0043552001206997315,0.9857803784183592,0.004225384804203883,0.48714022063206086,0.00423430826909485,0.0820037688933904,0.060862795332867384,0.08535863041750927,0.09230553047216619,0.004466786955016122,0.08220810876429087,0.008230444183491864,0.17410777147126472,0.48714022063206086,0.08220810876429087,0.01923645976944148,0.4871612782283641,0.1590115412626254,0.004225384804203883,0.08220810876429087,0.48714022063206086,0.4845522938861465,0.04000273074433229,0.008265438907611597,0.487149444869732,0.02244611507751708,0.04000153754116538,0.4871520522993432,0.4871520522993432,0.0820037688933904,0.08220810876429087,0.0036197816562844043,0.004225384804203883,0.08220810876429087,0.18390587357806146,0.004225384804203883,0.48714022063206086,0.9756549167194528,0.039955619670499695,0.4874559575562649,0.004225384804203883,0.48714022063206086,0.48716414935246044,0.048331973152404076,0.011192434791932146,0.48714022063206086,0.9628389147717177,0.004225384804203883,0.004225384804203883,0.587340056573313,0.061812657400699286,0.004225384804203883,0.004225384804203883,0.08252202878601855,0.9628389147717177,0.4871654254471025,0.69183575510975,0.4871192657642098,0.01234984671061172,0.011449170056397201,0.004225384804203883,0.08220810876429087,0.08220810876429087,0.018306104293568548,0.004225384804203883,0.9619832542856362,0.08400055725964062,0.004568307084946807,0.4977872637913492,0.13837090734061913,1.0075866171376906,0.004225384804203883,0.004225384804203883,0.01120890978510844,0.5678693080273145,0.004225384804203883,0.004086172028606977,0.004190422691385837,0.004229388535302303,0.004233491502087572,0.08220810876429087,0.008254833660837513,0.0065082021791073585,0.011347164301575896,0.5434944345507833,0.48714022063206086,0.4874047742784196,0.004118558806559883
chr5:84384867:84384868:NM_005711:EDIL3,0.4665991778116239,0.5875532589751651,0.16067922892546066,0.29258402104344033,0.4171869381885025,0.5874001151811328,0.1676599603621907,0.2742707151897532,0.3874396377293972,0.1623391195030732,0.1624177620268879,0.007782988045882011,0.12795203605590116,0.2881586534822768,0.007782988045882011,0.2742707151897532,0.1670312374559803,0.5910979043639979,0.1676599603621907,0.04934708346968264,0.0104302594792674,0.28020951582988807,0.27428957867495773,0.15955871886427342,0.21140971301526382,0.16063739771676983,0.21140971301526382,0.2744013040148853,0.16064638860474034,0.052377883402444425,0.3675319509828228,0.16210757985556806,0.16069118746970157,0.007782988045882011,0.28020951582988807,0.29958857059914146,0.007782988045882011,0.007782988045882011,0.013870614525634928,0.2114270256499024,0.5248268421501049,0.668546935192372,0.1614044989465966,0.007782988045882011,0.15739302121693757,0.21441135914773565,0.007782988045882011,0.09839266922421822,0.007782988045882011,0.04950987388205655,0.007782988045882011,0.21140971301526382,0.16319153042948747,0.007782988045882011,0.21140971301526382,0.11593794478956432,0.29269202674606676,0.21140971301526382,0.15756196146750248,0.6462430255593588,0.007782988045882011,0.007782988045882011,0.20753060747824315,0.007881891450944728,0.36964674062634084,0.2114192794534146,0.007782988045882011,0.007782988045882011,0.004435388676487739,0.12099445815731541,0.007782988045882011,0.11490232708744241,0.21140971301526382,0.21188045764511848,0.27150979593660607,0.12689322692915442,0.15756196146750248,0.28356671809754064,0.1150016810940016,0.11170932754414359,0.007782988045882011,0.10834628532356055,0.16703310574763225,0.29286323079776555,0.013849489388769981,0.21206008949296745,0.007782988045882011,0.10361782709312303,0.007782988045882011,0.00787120826911683,0.007782988045882011,0.013652509090855997,0.16703310574763225,0.007782988045882011,0.20775886588543307,0.5248268421501049,0.007968450900622343,0.16278175284273105,0.006756245278187634,0.007782988045882011,0.007791576466378292,0.11599571265077863,0.2867823882475825,0.007782988045882011,0.29258418031237354,0.15904144303468132,0.2867775303133165,0.34239262790869507,0.00787120826911683,0.007782988045882011,0.11170932754414359,0.007786748817626116,0.007782988045882011,0.16703310574763225,0.4602614998443605,0.048585658102757556,0.39268929022286986,0.007782988045882011,0.21140971301526382,-0.06275465578651518,0.007782988045882011,0.32691862094374496,0.16269540205439326,0.007782988045882011,0.11599231580096198,0.15923008992545562,0.007782988045882011,0.21140971301526382,0.2633326008280256,0.007782988045882011,0.21455362905542702,0.007782988045882011,0.17434219451166919,0.007938024842411684,0.27397628884260966,0.007782988045882011,0.007782988045882011,0.21140971301526382,0.007782988045882011,0.11170932754414359,0.007782988045882011,0.21140971301526382,0.32691862094374496,-0.012429707249302813,0.0736194437419658,0.008665041581736088,0.007782988045882011,0.16103184603213921,0.008662743534186723,0.007782988045882011,0.16703310574763225,0.5248268421501049,0.22990314912619858,0.1269895424072994,0.07379558581971529,0.1150725482054561,0.16703310574763225,0.0077838842523826335,0.21140971301526382,0.007782988045882011,0.007782988045882011,0.007938024842411684,0.007782988045882011,0.007782988045882011,0.007782988045882011,0.007782988045882011,0.27410817952894906,0.39052161238757055,0.21140971301526382,0.008658978960118274,0.4665991778116239,0.2838955849098321,0.025944617737896747,0.007782988045882011,0.16293465515779101,0.5248268421501049,0.21026867873422508,0.007782988045882011,0.007780638237394444,0.21158365992960745,0.21140971301526382,0.16703310574763225,0.3258530862302648,0.32610208800186813,0.2865802350027992,0.007782988045882011,0.007782988045882011,0.22840776096930676,0.017907732815830524,0.007782988045882011,0.007786748817626116,0.007938339502838093,0.007782988045882011,0.007782988045882011,0.21140971301526382,0.013932180495646679,0.16703310574763225,0.007782988045882011,0.0864090818387418,0.29281497779788135,0.12793831072013412,0.007782988045882011,0.0077838842523826335,0.15987814924159943,0.2845431985164499,0.21140971301526382,0.21542605453731467,0.16898528931344983,0.2142949442695268,0.11591709873819953,0.21422306783315959,0.004435388676487739,0.007955615221175494,0.11507088187419601,0.007782988045882011,0.007782988045882011,0.007934693234658452,0.0077838842523826335,0.5792623122820737,0.16597741520931442,0.15845551819368608,0.11592668309220414,0.27990045099468064,0.29982805942552476,0.15919053740293637,0.21140971301526382,0.007786748817626116,0.2845431985164499,0.15611720471590634,0.5200554413717702,0.007782988045882011,0.007782988045882011,0.21140971301526382,0.6374206242745287,0.007782988045882011,0.007876036481755028,0.16739015670969015,0.007782988045882011,0.007782988045882011,0.32691862094374496,0.32691862094374496,0.5248226095413822,0.16703310574763225,0.12106692824678345,0.21140971301526382,0.21140971301526382,0.6469572942971141,0.007791576466378292,0.21140971301526382,0.28879873914685084,0.007782988045882011,0.048419009982772154,0.007782988045882011,0.007782988045882011,0.007782988045882011,0.20744151731050392,0.11490232708744241,0.16703310574763225,0.025463958985813495,0.007782988045882011,0.007782988045882011,0.004435388676487739,0.4862051043127046,0.007782988045882011,0.007782988045882011,0.008025094560459772,0.007782988045882011,0.3269365237523132,0.5054670256083683,0.04876988298365925,0.007946614775323796,0.11592668309220414,0.11153094945269834,0.5248268421501049,0.1672080972792064,-0.015585802918744618,0.007791576466378292,0.1674665715703528,0.16689519255019658,0.01048574231892141,0.2143411098262058,0.10835229963763068,0.11609161234703447,0.007782988045882011,0.2845431985164499,0.05319957952398249,0.1156135543479701,0.007786748817626116,0.007782988045882011,0.007782988045882011,0.007782988045882011,0.022926544310167468,0.29258402104344033,0.007782988045882011,0.11393681542256417,0.21158365992960745,0.004436011460112771,0.16703310574763225,0.1670414138727903,0.007782988045882011
chr5:90529584:90529585:NM_001286812:LYSMD3,0.41517545607597894,0.40834398153186663,0.4903626144967015,0.046138372038231124,0.009401727073923893,0.26196646113738614,0.2722846719350812,0.015228427772161768,0.2624133280577632,0.7709616012091571,0.34630503675626667,0.29932017460133487,0.41964510349735884,0.42229709427418693,0.4603294782705374,0.015228427772161768,0.2372778302774304,0.2911628753435518,0.3900575165413152,0.02864164173582362,0.29857520145870536,0.06240980608436439,0.03448549808683449,0.41048065490605273,0.4082949980270941,0.02864164173582362,0.005829140421487994,0.031737001480562216,0.02864164173582362,0.002458363111156797,0.20160328730833235,0.5958870134959035,0.047749545226387385,-0.0054221527846037565,0.3534186506979627,0.41048065490605273,0.4082949980270941,0.41049922882820566,0.007838459491603583,0.011451564908682682,0.41048065490605273,0.49729053000451795,0.5321640847168903,0.05941071763176872,0.7950707261213965,0.4626696500743381,0.0024485585785533615,0.059757175463158146,0.46300240117339564,0.4082949980270941,0.0024311731443203977,0.4603294782705374,0.8127094720428143,0.0024485585785533615,0.4603294782705374,0.021194595667790028,0.4670435761625965,0.4603294782705374,0.003765685367475069,0.4603294782705374,0.0024311731443203977,0.0024485585785533615,0.0033841784378935424,0.02291903945309376,0.4680085555354838,0.0033841784378935424,0.0024485585785533615,0.0028420067653838477,0.0033841784378935424,0.005022467155835514,0.005455174544860969,0.0279140078472854,0.4603294782705374,0.0029614796072984506,0.41102364689462945,0.4082949980270941,0.003765685367475069,0.002564229514121469,0.41048065490605273,0.41048065490605273,0.411844505649143,0.02479267929760698,0.0296275669910393,0.4811062675849625,0.008925186989382716,0.4604674712451218,0.41049922882820566,0.2944820228848225,0.0024485585785533615,0.0296275669910393,0.4375043140094077,0.007801906924479102,0.4584266338495366,0.4603294782705374,0.0033841784378935424,0.41060194317861143,0.0204353893037576,0.5635004249413814,0.0024485585785533615,0.02260421491603984,0.019340049616751537,0.0024545234691072393,0.35076196409828453,0.4670435761625965,0.46262118853441336,0.5074235806646298,0.27254760885361196,0.8459675396572335,0.4603294782705374,0.0024485585785533615,0.4082949980270941,0.30628044783638775,0.41048065490605273,0.41048907959172404,0.8497852416074299,0.0024485585785533615,0.5481147028483703,0.4603294782705374,0.4603294782705374,0.002874194023621768,0.0033841784378935424,0.4642797552315822,0.7904462475877416,0.20162351946233198,0.005022467155835514,0.35502810879675883,0.0024485585785533615,0.0296275669910393,0.036993091948342965,0.021194595667790028,0.46420744052489715,0.4603294782705374,0.06134689361197518,0.04770393911074505,0.4603294782705374,0.4589563901337535,0.4589563901337535,0.47171226212736794,0.41048065490605273,0.0296275669910393,0.41049922882820566,0.4104851140147331,0.4607270209625066,0.024413365769230422,0.02261251055482441,0.05941071763176872,0.021194595667790028,0.4393794960101921,0.0024485585785533615,0.27599026469068255,0.4603294782705374,0.03305863708406312,0.2714993403451755,0.0024485585785533615,0.010347901052535163,0.273132423429526,0.4603294782705374,0.029034266995207447,0.4603294782705374,0.0024485585785533615,0.4082949980270941,0.4082949980270941,0.0024485585785533615,0.4690594978788469,0.0024485585785533615,0.4603299464005802,0.462955985107079,0.5224536476555451,0.4603294782705374,0.08235301955631674,0.06655355449000835,0.036374460284217786,0.040792044512213105,0.005829140421487994,0.09072384151189056,0.0296275669910393,0.31672734475971737,0.41048065490605273,0.27889331059647277,0.4626284468922002,0.46080397483394453,0.4903626144967015,0.9014211755777395,0.0033841784378935424,0.41048065490605273,0.0024485585785533615,0.4626284468922002,0.7738492466728137,0.4130744955093504,0.0024485585785533615,0.28308710071645793,0.002453533665060792,0.02864164173582362,0.0024485585785533615,0.4665755788976272,0.010873727189478877,0.41048065490605273,0.29949102771867053,0.27157241636641327,0.4603294782705374,0.41964510349735884,0.0024485585785533615,0.46026610135046253,0.004244055577459188,0.02728780888496629,0.0033841784378935424,0.46035309776908334,0.011403659144881562,0.02952243006517269,0.579830355761093,0.4368371813704459,0.0033841784378935424,0.0469442773391027,0.46033837160372204,0.0024485585785533615,0.0024485585785533615,0.3062621889806797,0.029034266995207447,0.3148132166738425,0.4670435761625965,0.018904135268438316,0.021194595667790028,0.41254437733358834,0.4152904924117974,0.3550075418660617,0.4603294782705374,0.0033841784378935424,0.02728780888496629,0.004863756250414963,0.4660248092346648,0.004890511161959682,0.41048065490605273,0.46068808900332475,0.03685268331950284,0.02525577447419272,0.0024485585785533615,0.5089125139482327,0.4370668066628343,0.0038336731714934402,0.0296275669910393,0.4603294782705374,0.4997324578726707,0.41048065490605273,0.00792315617760192,0.4603294782705374,0.46033294652616796,0.4605685351825678,0.0043879355348820925,0.41048065490605273,0.4603294782705374,0.0170810022748627,0.014251490016950252,0.0024485585785533615,0.004890511161959682,0.4105296299105013,0.410483020250091,0.005022467155835514,0.41048065490605273,0.4393180749598331,0.021574835128859243,0.021574835128859243,0.0033841784378935424,0.5398111550788959,0.41048065490605273,0.0024485585785533615,0.30134017656623174,0.4603294782705374,0.4603294782705374,0.8181503379288351,0.2989737848921292,0.03033483503472101,0.023170013071598605,0.0024311731443203977,0.45092615274414005,0.27147899291920347,0.027460273995867035,0.0024485585785533615,0.7738033610709347,0.4670435761625965,0.02539334380559402,0.4644057951828594,0.5634958387808037,0.4646574059669622,0.41048065490605273,0.02728780888496629,0.0024485585785533615,0.2714993403451755,0.0024485585785533615,0.0033841784378935424,0.41048065490605273,0.004607443687112911,0.2714993403451755,0.4603294782705374,0.013968606412256723,0.466774317642088,0.029187660799934012,0.0024485585785533615,0.41048065490605273,0.4903626144967015,0.0024485585785533615
chr5:94111699:94111700:NM_032042:FAM172A,-0.00040240563858131434,0.00248398506930899,1.1442372534542917,1.1431973969250917,-0.000469947520585684,0.00248398506930899,1.1431973969250917,-0.000469947520585684,0.002383287824524856,0.055936163103099915,-0.00041233212465233843,1.1446374028614905,-0.005234216445653535,1.1442634202039703,1.1431973969250917,-0.000469947520585684,1.1431973969250917,0.04464694598570859,-0.0009209568295300424,-0.0008633645750378838,1.1431973969250917,0.06783421538053078,-0.000469947520585684,-0.0008633645750378838,1.1431973969250917,-0.0009209568295300424,-0.0009209568295300424,-0.000469947520585684,-0.0008633645750378838,-0.0004674222657379337,-0.0009209568295300424,1.143644878342005,1.2607240757945957,0.04079251920592253,1.1659818838322438,1.1431973969250917,-0.0008633645750378838,1.1431973969250917,1.1432235380133169,-0.0005504653699152581,1.1431973969250917,1.1431973969250917,0.0023376221950536374,-0.0009209568295300424,0.001706228912870325,1.1425234014574641,-0.0009209568295300424,-0.0009209568295300424,-0.0008619051077001713,1.1441043745698927,-0.0009209568295300424,1.1431973969250917,-0.00041233212465233843,-0.0008633645750378838,1.1431973969250917,-0.00041233212465233843,1.1516112708618453,1.1431973969250917,1.1546109482363571,1.1431973969250917,-0.0008633645750378838,-0.0009209568295300424,-0.0008633645750378838,1.1431973969250917,1.159152275423264,1.143205403977708,-0.0009209568295300424,0.04063560591451879,-0.0008633645750378838,-0.0009973541061244068,-0.0009209568295300424,-0.0008633645750378838,1.1431973969250917,-0.00038692581912698476,-0.0009209568295300424,-0.0008036919196876685,1.1546109482363571,0.0007194908513929663,1.1431973969250917,1.143205403977708,-0.0009209568295300424,-0.00042520137034900846,1.1431973969250917,1.1432059535457988,0.06519547804471967,1.1431973969250917,-0.0009209568295300424,0.059974064317900595,-0.0009209568295300424,1.1431973969250917,-0.0009209568295300424,0.0651851576386813,1.1431973969250917,-0.0009209568295300424,-0.0008633645750378838,0.03987378804185957,-0.0008211569627148349,1.1525242122327028,-0.0009209568295300424,-0.0008413937339615818,-0.0008633645750378838,0.0527178388467589,1.1432344472959808,1.1431973969250917,1.143205403977708,1.1517603734288306,1.1432186906739061,1.1516164982494836,1.1431973969250917,-0.0008633645750378838,1.1431973969250917,-0.0009209568295300424,1.1431973969250917,1.1431973969250917,1.1432051226367892,-0.0008989873748121296,1.14379699938638,1.1431973969250917,1.1431973969250917,0.03993879372312089,-0.0009209568295300424,-0.0009209568295300424,0.05826960226548776,-0.0009209568295300424,-0.0009973541061244068,0.007083194572220203,-0.0009209568295300424,-0.0009209568295300424,0.004229365486672215,-0.0008633645750378838,1.1424309741540788,1.1431973969250917,0.03976548349861022,0.001694820835515913,1.1431973969250917,1.1431973969250917,1.1431973969250917,1.1628114170630939,-0.0009209568295300424,-0.0009209568295300424,1.1431973969250917,1.1431973969250917,1.1432131297403592,0.1110275936830924,0.11706405230111802,0.001637052508582898,-0.0009209568295300424,1.143344915130908,-0.0008633645750378838,-0.002319830218884489,1.1431973969250917,1.1431973969250917,1.1431973969250917,-0.0009184326673401175,-0.0009025869048159968,-0.000894486338170318,1.1432148820411752,-0.0007501729176640562,1.1431973969250917,1.1431973969250917,1.1431973969250917,1.1431973969250917,-0.0008633645750378838,1.1431973969250917,-0.0009209568295300424,1.1431973969250917,1.2338954247840301,1.1437960368299904,1.1431973969250917,1.1431973969250917,1.1437960368299904,-0.0030965282535914615,0.1020637315242607,-0.0009209568295300424,0.023976674961216485,-0.0009209568295300424,0.05864056444695552,1.1431973969250917,-0.002312229248902252,1.1431973969250917,1.1431973969250917,1.1431973969250917,1.1432059535457988,1.1288771157719015,1.1431973969250917,-0.0009209568295300424,-0.0009209568295300424,1.422674507939266,1.1447235424835436,-0.0009209568295300424,-0.0009209568295300424,0.0021528036752738455,-0.0007685461567395538,-0.0008633645750378838,1.1432235380133169,1.1488868683896771,1.1431973969250917,-0.0009209568295300424,1.1330381298303687,1.1516112708618453,-0.0009039977199263721,-0.0008633645750378838,-0.0009181109727190717,1.154625937582685,0.02125775132744552,-0.0009209568295300424,1.1532273552390304,0.04603988804550655,-0.0009209568295300424,1.1442074321219802,1.142374548877335,-0.0008633645750378838,0.0021468405185394793,1.1431973969250917,-0.0008633645750378838,-0.0009209568295300424,-0.0009209568295300424,-0.0007501729176640562,1.156813803490191,1.1516112708618453,1.182542681529216,-0.0009209568295300424,1.1442372534542917,1.1441043745698927,0.007083194572220203,1.1431973969250917,-0.0009209568295300424,0.0006618239539100471,-0.0009209568295300424,1.171015135521213,-0.0009209568295300424,1.1431973969250917,1.1431973969250917,0.02557558214823065,0.01712140307007988,-0.0008633645750378838,1.1431973969250917,1.1431973969250917,0.005603426159823503,1.1431973969250917,1.1431973969250917,1.1431973969250917,1.1431973969250917,0.06882910119781975,1.1431973969250917,1.1431973969250917,1.146936647388956,-0.0008633645750378838,1.1431973969250917,1.1517618349310423,0.009049596486132037,1.1491570959099904,0.06457539192829648,-0.0009209568295300424,1.1431973969250917,1.143848098557844,-0.000853441662326454,1.1431973969250917,1.1439972279562798,0.052658123246456245,0.052658123246456245,1.1433301726172105,1.259511407777807,-0.0009209568295300424,-0.0009209568295300424,-0.0007285557512119109,-0.0009209568295300424,1.1431973969250917,1.1443109772641935,1.1433301726172105,-0.0008413937339615818,0.001694820835515913,1.1431973969250917,1.1431973969250917,-0.0009209568295300424,0.104291432881562,-0.0009209568295300424,1.240044481442882,1.1433377857451874,0.009989502514315365,1.1424711556179528,1.1431973969250917,1.1431973969250917,-0.0009209568295300424,0.000636327782201726,-0.0009209568295300424,1.1433301726172105,-0.0008633645750378838,-0.0009209568295300424,-0.0009209568295300424,0.052658123246456245,-0.0008989873748121296,1.1614640244974639,1.1433301726172105,-0.0009509105147620725,-0.0008413937339615818,-0.0008633645750378838,1.1431973969250917,-0.0009209568295300424,-0.0009209568295300424
chr5:96935641:96935642:NM_005575:LNPEP,0.7450589545909435,0.09725030890819347,0.021619818569780735,0.17500822356622123,0.0037291667646215942,0.16514089775070345,0.04917968746662821,0.02263484411720096,0.01154045959249178,0.08180424666225355,0.23900851417938584,0.18238733911631377,0.2059651938895353,0.10450034046064427,0.5313397427226764,0.023176062796838703,0.19848257617422102,0.18949500420829235,0.008419600624487933,0.017065895882755422,0.0499979255015911,0.0694722492951862,0.016061207346390383,0.20578334345600205,0.23963500096432472,0.017065895882755422,0.23963500096432472,0.016127394592355793,0.016061207346390383,0.2308092205335952,0.2080231632557209,0.21396803960327712,0.022494689432303594,0.002860339940163603,0.06930718182750661,0.17521332327390893,0.002860339940163603,0.23963500096432472,0.015098329285199108,0.3093085413070644,0.4975198686093034,0.3027488984312704,0.18095189578769,0.24832265885595667,0.42612579007405627,0.18599619839429882,0.002860339940163603,0.017065895882755422,0.24157150136297312,0.1765834786961472,0.018782205518305728,0.17488234900738533,0.23903858664786143,0.002860339940163603,0.5313397427226764,0.0037291667646215942,0.928893257075543,0.23963500096432472,0.26906791294818644,0.17488234900738533,0.22490951032966372,0.003151536994824511,0.23963500096432472,0.2368116037708336,0.10538974271254281,0.1774610304661179,0.002860339940163603,0.002860339940163603,0.5675052231032689,0.004217227969102899,0.24067165543699653,0.017065895882755422,0.5313397427226764,0.0077242606171221695,0.18208902656666506,0.0049039843554917195,0.26906791294818644,0.2112312682557499,0.1751519024121543,0.5313397427226764,0.002860339940163603,0.005281903762654749,0.5313397427226764,0.29385625748118205,0.012944095063388561,0.8766259404727237,0.003151536994824511,0.09154192552951868,0.002860339940163603,0.1751620568877034,0.024186736313709323,0.0032259643558185114,0.17488234900738533,0.002860339940163603,0.17871306896956402,0.17489249747265462,0.3027677867748702,0.21943934652272765,0.011503847297239578,0.17488697167423461,0.016061207346390383,0.08550222243473954,0.28539410162622963,0.198143718518463,0.8766259179365465,0.022494689432303594,0.20958800795094978,0.583516185487522,0.18448319608025704,0.002860339940163603,0.5313397427226764,0.004944673729233295,0.17488234900738533,0.003528143637808734,0.17488234900738533,0.049257271175414286,1.3109598550485106,0.5313397427226764,0.17488234900738533,0.30868239297871486,0.5313397427226764,0.5313397427226764,0.12069582062853296,0.002860339940163603,0.10937160897068138,0.06940866532278178,0.002860339940163603,0.23963500096432472,0.20546923879734222,0.015975298698461926,0.3437576540773939,0.5313397427226764,0.012187829435786446,0.003157903398508244,0.30274906684854125,0.30274906684854125,0.30274906684854125,0.31967233838185455,0.310369460957177,0.002860339940163603,0.2861048748954075,0.5360585114508856,0.17488259542030657,0.2589140511854967,0.10064186324227953,0.016061207346390383,0.002860339940163603,0.04069873968299126,0.016061207346390383,0.015753086485467305,0.17488234900738533,0.30274906684854125,0.5357993451720636,0.022552757130256396,0.03456433393708558,0.051872522146125144,0.5313397427226764,0.005234097416019878,0.17488234900738533,0.20578334345600205,0.002860339940163603,0.23971734260260386,0.002860339940163603,0.17488234900738533,0.002860339940163603,0.17488234900738533,0.18676515268913033,0.3424095345091498,0.5313397427226764,0.020611697811282248,0.1821664198901898,0.16594983766702548,0.3437384002299587,0.17488234900738533,0.17494576228920564,0.30274906684854125,0.25980012908256156,0.003151536994824511,0.020085018253293674,0.8766259404727237,0.17488234900738533,0.8766259404727237,0.22968683904525392,0.0255349841047936,0.30274906684854125,0.002860339940163603,0.5313397427226764,0.1757263585357533,0.18884476102149286,0.002860339940163603,0.004944673729233295,0.002860339940163603,0.17488234900738533,0.002860339940163603,0.5313397427226764,0.11373457665809095,0.497390023905393,0.5030375190920473,0.24085351206211442,0.3028012162564357,0.02032306115994187,0.002860339940163603,0.17488234900738533,0.27051713013578577,0.2347001707793157,0.002860339940163603,0.5454926611390161,0.014739566819081729,0.18420054970312583,0.30264744439360936,0.21500996807265174,0.9282048793686973,0.22791795897482497,0.21437288030145996,0.002860339940163603,0.18159026625325994,0.08553051952170321,0.002860339940163603,0.7281696093295819,0.1747278786730428,0.32889923164736967,0.017359265405105073,0.17494378300020022,0.5286621036745471,0.07255577436078164,0.17488234900738533,0.23963500096432472,0.21854449055051234,0.17488234900738533,0.25064834184773993,0.002860339940163603,0.1751519024121543,0.6980329979072901,0.17834071050698866,0.31191517343735675,0.016061207346390383,0.5749659616788523,0.18417987045098624,0.21993497956839891,0.23946699278029576,0.5313397427226764,0.8766259404727237,0.17488234900738533,0.3563378278979489,0.5313397427226764,0.17488234900738533,0.2279586351408261,0.002860339940163603,0.17488234900738533,0.9311023377823685,0.30253118325778455,0.016135624537275295,0.0486932240515594,0.17488234900738533,0.5311086050272794,0.23961245429304784,0.0032249195748543236,0.5313397427226764,0.17521746804766813,0.025514807222457192,0.025514807222457192,0.983367754770673,0.10001929125273684,0.00304051081800516,0.002860339940163603,0.17488234900738533,0.17488234900738533,0.531340008468938,0.250110502921184,0.020611697811282248,0.174884588161235,0.198143718518463,0.17932699359387305,0.17488234900738533,0.17932604988680828,0.3112270094509472,0.002860339940163603,0.3044945080377487,0.17492918398754467,0.08285807170071868,0.3114826441287337,0.1981655285087519,0.2392988960962013,0.17488234900738533,0.23469200699446047,0.018455868997276748,0.2622110319110828,0.002860339940163603,0.23963500096432472,0.20627951657110355,0.04415858587396815,0.019234651473229947,0.5313397427226764,0.002847903198183177,0.5090019855211864,0.302941074690429,0.17488234900738533,0.5313397427226764,0.343849229408822,0.002860339940163603
chr5:98769294:98769295:NM_001012761:RGMB,0.3028521247540892,0.10545101505322618,0.35324101786140794,0.06266727583375897,0.296440150417037,0.4624368225541489,0.30303451799792913,0.46644774097994984,0.10650125723596027,0.01341086756526344,0.020569488377103706,0.00724817401540101,0.054805443276013555,0.35372722385445865,0.13370457593638513,0.34699177533227177,0.11858384514276665,0.7326134937462333,0.44214987007599843,-4.5861317916395805e-05,-4.5861317916395805e-05,0.35709153600272736,0.362971331828737,0.4164303634020237,-4.5861317916395805e-05,0.30280810039860506,0.0658998793795409,0.362971331828737,0.3028020828806941,0.5079623106979851,0.07912625767133374,0.11129746533212004,0.36296884453353195,0.05995197051427359,0.3572674881164989,0.42660028420088736,-4.5861317916395805e-05,-4.5861317916395805e-05,0.0545725255848889,0.34873702947336926,0.16625968140094943,0.16625968140094943,0.00723326603331953,0.3629705467834142,0.03611400695811284,0.1171376015707441,-4.5861317916395805e-05,0.3120597635089738,-4.5861317916395805e-05,0.30280810039860506,0.12025324069229537,0.06590154281847199,1.912402694670412e-05,-4.5861317916395805e-05,0.1662570243108693,0.36296884453353195,0.20218772252771305,0.08611048907459629,0.028174768046862697,0.08335724812670131,0.16486110474591742,-4.5861317916395805e-05,-4.5861317916395805e-05,-0.00152898972217419,0.3124880461253484,-4.5861317916395805e-05,-4.5861317916395805e-05,0.07515784935356096,0.00010562992479978828,-4.5861317916395805e-05,-4.5861317916395805e-05,0.007246125300451212,0.08335724812670131,-4.485397114883938e-05,0.3028020828806941,-4.5861317916395805e-05,0.028174768046862697,-4.7235992293837015e-05,0.12153375840575298,0.0876582114259778,0.0861123006013515,0.12845004641956226,0.08335724812670131,0.17374308443252418,-4.562163512444872e-05,0.1919580489857743,-4.5861317916395805e-05,0.011965847830545773,-4.5861317916395805e-05,0.08611048907459629,-4.5861317916395805e-05,0.00984076044359583,0.06590154281847199,0.06590154281847199,0.06590154281847199,0.08611048907459629,0.13091438611534317,0.36298334587301984,0.12025324069229537,0.08756146593315078,-4.5861317916395805e-05,0.007246125300451212,0.03700196315067239,-4.5861317916395805e-05,0.28184205911820004,0.07485277386344746,0.06545289700574985,0.3630434757970915,0.08611048907459629,-4.5861317916395805e-05,0.3028020828806941,-7.962475941358793e-05,0.16625968140094943,0.08611048907459629,0.0014671918253563732,0.0016178597779020754,0.4387838082175596,0.06590154281847199,0.08611048907459629,0.060019164855578455,0.06590154281847199,0.2914608379310878,0.013413438748110074,-4.5861317916395805e-05,-4.5861317916395805e-05,0.08308785159121523,-4.5861317916395805e-05,0.08611048907459629,0.13789450776010048,0.035276265308689436,0.1643831255810963,0.06590154281847199,0.15208295792483062,0.035276265308689436,0.06590154281847199,0.08611048907459629,0.08611048907459629,0.11516187890797486,0.560328129586424,0.08611048907459629,0.08611048907459629,0.46028714598413845,0.0876582114259778,0.09810602766541632,0.009850543154643288,0.02050112251273417,-4.5861317916395805e-05,0.07037811554762174,-4.5861317916395805e-05,-4.149612873294295e-05,-4.5861317916395805e-05,0.08611048907459629,0.4771168212633801,0.3028020828806941,0.326291142544084,0.001610789390334877,0.007265406268087915,0.007246620520540814,0.16625968140094943,-4.5861317916395805e-05,-4.5861317916395805e-05,0.0659036024485607,-4.5861317916395805e-05,0.08335724812670131,-4.5861317916395805e-05,-4.5861317916395805e-05,0.08611048907459629,0.31252647235133324,0.13370581831235961,0.36296884453353195,0.3120597635089738,0.08591514805952849,0.07285863505175527,0.06590154281847199,0.0782823486605223,0.08611048907459629,0.008029213031997773,-4.5861317916395805e-05,-7.1592114650465e-05,0.16625968140094943,0.06590154281847199,-4.5861317916395805e-05,0.5287193355318595,0.35324514159666787,0.06590154281847199,-4.5861317916395805e-05,-4.5861317916395805e-05,0.06590824995463562,0.06541633215445863,-4.5861317916395805e-05,-0.007262693550359023,-4.5861317916395805e-05,-4.5861317916395805e-05,-4.5861317916395805e-05,0.06590154281847199,0.007246366534568227,-4.5861317916395805e-05,-4.149612873294295e-05,0.221638205546847,0.1919580489857743,0.0057433148048312566,-4.5861317916395805e-05,0.15070806360839212,0.02818730142654402,0.0017400109994258894,0.08611048907459629,0.11433779987134401,0.19132272233190017,0.06269242780572426,0.048132194479384105,0.0720680613488539,0.06590154281847199,0.03891545707410993,0.06611033850814191,-4.5861317916395805e-05,0.08611048907459629,-0.007262693550359023,0.007246620520540814,0.1575542391500041,0.19634423916021804,0.10412058141125125,0.10241104608015866,0.3028020828806941,0.30568402551171336,0.08307391649228246,-4.5861317916395805e-05,0.3028020828806941,0.0017400109994258894,-4.5861317916395805e-05,0.2333095882484833,0.08611048907459629,0.06590154281847199,0.0876582114259778,0.08262995152686736,0.12218561198974176,0.36296884453353195,0.16275315178628186,0.01590244595536039,0.001619364465976325,0.19196339233291515,0.0861123006013515,0.16625968140094943,0.06590221968485488,-2.1628730075384794e-05,-4.5861317916395805e-05,0.08611048907459629,0.06983543536078002,-4.5861317916395805e-05,0.06590359701059101,0.21176492412289344,0.14607334395889116,0.007326296356276241,9.241654012615008e-06,0.13370457593638513,0.06847637858662847,0.21970498983996495,-4.5861317916395805e-05,0.06590154281847199,0.07004598275140622,0.08611048907459629,0.08611048907459629,0.06590154281847199,0.08569369121932158,-4.5861317916395805e-05,-4.5861317916395805e-05,0.03794416757051966,-4.5861317916395805e-05,0.0876582114259778,0.3351369524710056,0.35324101786140794,0.09506463436733198,-4.5861317916395805e-05,0.02808379446103093,0.441078889487531,0.08581134486557501,0.24847799812863303,-4.5861317916395805e-05,0.06266727583375897,0.27990948679392613,0.0026183898562260888,0.15621517861524553,0.4733055888163446,0.06611033850814191,-4.5861317916395805e-05,0.01602711992777983,0.35324514159666787,-4.5861317916395805e-05,-4.5861317916395805e-05,0.4164303634020237,-4.5861317916395805e-05,-4.5861317916395805e-05,-4.5861317916395805e-05,0.06590154281847199,0.06266727583375897,0.09900320795119844,0.21367618069920702,0.06590154281847199,0.06590154281847199,0.26027629357767174,0.3028020828806941
chr5:109409974:109409975:NM_014819:PJA2,0.2906143632532403,0.7763638919433384,0.005185635712530445,0.443675997356428,0.004218612427171253,0.8289833445402248,0.26284962850652144,0.004218612427171253,0.2628550200645801,0.2700465429354137,0.2819425507552952,0.2655419579923416,0.25853849209838325,0.2702684614086423,0.4436755394210431,0.004218612427171253,0.443675997356428,0.8007689605032853,0.3192074507259823,0.004218612427171253,0.015498425013064643,0.0205113911144304,-6.77901381307966e-05,-0.005177547604083843,0.443675997356428,0.26284962850652144,-6.413909174762811e-05,-6.77901381307966e-05,0.004218612427171253,0.7149746704439086,0.01839358436564159,0.45067178163376775,0.2754155959336619,-6.475969340685728e-05,0.0205113911144304,0.6775189963903169,-6.77901381307966e-05,0.443675997356428,0.28289751850878625,0.27068785665908623,0.443675997356428,0.27002501634183557,0.2587496167679695,0.2636547051161682,0.2920272291754817,0.4450707321030038,0.0007102235937398449,0.27002501634183557,-6.011940564126794e-05,0.004218612427171253,0.013343946048017308,0.2636547051161682,0.27026112840624766,-6.77901381307966e-05,0.4436774837615887,0.004218612427171253,0.8277479880071723,-6.77901381307966e-05,1.430842644965904,0.8276305148560485,0.013343946048017308,0.004219357066011953,0.00021333780388560486,0.004286354033634476,0.7950607651908863,0.443675997356428,-6.77901381307966e-05,0.4436795309779759,0.43902128167804677,0.7243610334108078,-6.77901381307966e-05,0.27445244570559646,0.443675997356428,0.0005124858526220355,0.004218612427171253,0.27002501634183557,1.430842644965904,0.004218612427171253,0.2636547051161682,0.443675997356428,-6.77901381307966e-05,0.061754966659312516,0.2636547051161682,0.8351872856440361,0.2976114597919547,0.4436801877347238,-6.77901381307966e-05,0.3252808537112433,-6.77901381307966e-05,0.2636547051161682,0.00397256410609792,2.3765962530342133e-05,0.443675997356428,-6.77901381307966e-05,0.448731449539467,0.2636547051161682,0.2641033779321411,0.7752131810648137,0.26284962850652144,0.0003307137125969084,-6.77901381307966e-05,0.26292916013017775,0.268292431187271,0.4486619166203488,0.4436801877347238,0.2716570438144917,0.004105579351060595,0.4574854683082322,0.2636547051161682,-6.77901381307966e-05,1.415752773066014,0.02073223757575171,0.8276305148560485,0.443675997356428,0.8272347347123201,0.008593270181882495,0.264899477541285,0.8276305148560485,0.45244635455466475,0.24473177156267292,0.443675997356428,0.4436816741423076,0.2839713346728436,0.443675997356428,0.2852778592233632,0.2814637208469403,-6.77901381307966e-05,-6.77901381307966e-05,0.018451301971960876,0.004218612427171253,0.448338261721802,0.8276305148560485,0.012046578272996267,0.004218612427171253,0.2636547051161682,0.4438621976674802,0.4438621976674802,0.46601442243017566,0.00016108604814996097,-6.77901381307966e-05,8.612108322542111e-05,0.835162589708706,0.4641707462537795,0.063745990735736,0.2705656914789061,-6.77901381307966e-05,0.0007102235937398449,0.295678822500429,-6.77901381307966e-05,0.4576480177357261,0.443675997356428,-6.77901381307966e-05,-6.77901381307966e-05,-6.77901381307966e-05,0.010276843096687305,0.008701070023634683,0.2636547051161682,0.00010396370502196994,0.2636547051161682,0.443675997356428,0.443675997356428,0.27002501634183557,-6.77901381307966e-05,0.2636547051161682,-6.77901381307966e-05,0.2636547051161682,0.26362124330764997,0.28219212062599847,0.8276305148560485,0.004218612427171253,0.015238261537865117,0.7914365728422358,0.30747385152634155,-6.77901381307966e-05,0.0001053185364463527,-6.77901381307966e-05,0.27298414310276464,0.443675997356428,0.0026086773985430356,0.8299034052313666,-6.77901381307966e-05,0.443675997356428,0.8276550405349115,0.004373320370086475,0.8276305148560485,-6.77901381307966e-05,0.443675997356428,0.44457359488525217,0.30167184781825696,0.004218612427171253,0.020558339957577387,-6.77901381307966e-05,-6.77901381307966e-05,-6.77901381307966e-05,-6.77901381307966e-05,0.7283613359602964,0.8276305148560485,0.443675997356428,0.0007718440648772917,0.2636547051161682,0.004414044775311432,-6.77901381307966e-05,-2.7215582058037757e-05,1.4347483580870108,0.28306510292846737,0.443675997356428,0.8066334747846802,0.005678248675009823,0.0009077145467366599,0.29476347663050384,0.00678351872290156,0.45045817283779477,0.0042344675790265685,0.835162589708706,0.0007102235937398449,0.26366050372741956,0.015506211388542246,-6.77901381307966e-05,0.2927871627530686,0.443879073162377,0.37884493643382144,0.737758455236114,0.02033234087981234,0.26492925811688367,0.2807309298725825,0.443675997356428,-6.77901381307966e-05,0.28306510292846737,0.443675997356428,0.8291073533340714,0.443675997356428,0.835162589708706,0.4436924882677562,0.8433289998413109,0.27099176020348276,-6.77901381307966e-05,0.4438621976674802,0.00394085034213032,0.00035366226205751916,-6.77901381307966e-05,0.4436801877347238,0.8276305148560485,0.2637357636311882,0.28103910697925255,0.443675997356428,0.011572266783818674,0.8277602047597918,-6.77901381307966e-05,0.443675997356428,0.8277496112670795,0.27099530399306615,0.0250159104669736,-4.364486858032812e-07,0.4436774837615887,0.8283018986465184,0.8290885806043715,0.26306506192664975,0.443675997356428,0.30579360511227704,-4.623005628273669e-05,-4.623005628273669e-05,0.443924181760653,0.2714584154144063,-6.77901381307966e-05,-6.77901381307966e-05,-7.089638198293224e-05,-6.77901381307966e-05,0.4436774837615887,0.7753398623327404,0.004276361748496993,0.26410670949881027,0.013687301154790554,0.7600794493830942,0.8276305148560485,0.27181823714765735,0.042297732818627976,-6.77901381307966e-05,0.27174539667559927,0.44369208369244817,0.0002390364893747332,0.44663891337175143,0.26395131207659606,0.835162589708706,-6.77901381307966e-05,0.2829455639195878,-6.77901381307966e-05,0.004218612427171253,-6.77901381307966e-05,-0.00524010947476844,0.8276305148560485,0.2903964551296411,0.0010086529410170963,0.443675997356428,-6.77901381307966e-05,0.278363204713522,0.2637342051209377,-0.005107958977292493,0.835162589708706,0.8276925034718575,8.612108322542111e-05
chr5:109689365:109689366:NM_002372:MAN2A1,0.08542206727333174,0.04247041138954333,0.01642547556594648,0.19114339559416987,0.01266424382952347,0.11680508452466343,-0.005538835994502667,-0.0036957599464545465,0.01266424382952347,0.16518568617010876,0.08620550385172215,-0.003603068450627467,0.24746931551360984,0.09126900607898897,0.19114339559416987,-0.0036957599464545465,0.19114339559416987,0.16895406910499577,-0.0036957599464545465,0.016414516246802735,0.027284931630269016,0.13610246183795027,0.11801332962872318,0.010814234903952502,0.19114339559416987,2.134235514705818e-05,0.028996467303518264,0.01266424382952347,-0.00034938318949390146,0.10435174759902632,0.18700465625390544,-0.030928153288532045,0.08950152255900318,0.024222708019901895,0.13610246183795027,0.02455683676531989,-0.005538835994502667,0.19114339559416987,0.08373335280470845,0.1302729900664268,0.028996467303518264,0.028996467303518264,0.011889075674075766,-0.0017591561722171134,0.27960372685932566,0.19226918821767516,-0.005538835994502667,0.012935292458560788,0.028996467303518264,0.028705769588624253,0.016035645039893076,0.19114339559416987,0.08620550385172215,-0.005538835994502667,0.35422979688248313,2.134235514705818e-05,0.028996467303518264,0.35422979688248313,0.41084640373961995,0.028996467303518264,0.016035645039893076,-0.0036957599464545465,0.016700597538146844,-0.005175761908417342,0.2783023229947104,0.19114339559416987,-0.005538835994502667,0.024222708019901895,0.016700597538146844,-0.0027453654445141473,0.028996467303518264,-0.0036957599464545465,0.35422979688248313,0.03115470588862429,0.03532248412151287,-0.0036957599464545465,0.2646220545369941,0.04153099694500606,0.028996467303518264,0.19114339559416987,0.028996467303518264,0.04970451075658522,-0.005538835994502667,0.35555428880613565,0.010796370853575876,0.028996467303518264,0.19114339559416987,0.3001476552857816,-0.005538835994502667,-0.005538835994502667,-0.004066791570272399,0.010796065426625812,0.030324930076392892,0.19114339559416987,0.05512216814764004,-0.005538835994502667,0.02785634043600263,0.05487228938372962,-0.005538835994502667,0.029001126038062847,-0.005527983068475517,-0.0027453654445141473,0.31672654768538683,-0.005538835994502667,0.028996467303518264,0.2795770075283542,0.2738205231107548,0.05440993245361794,-0.005538835994502667,-0.005538835994502667,-0.004066791570272399,0.11957634801390715,0.35422979688248313,0.1947780046729366,0.19208153035058625,0.16378267572133898,0.25213612608943836,0.028996467303518264,0.028996467303518264,0.028080450331442186,0.028996467303518264,0.35422979688248313,0.2474964426314316,-0.005538835994502667,-0.0027453654445141473,0.4186600449854806,-0.005538835994502667,0.028996467303518264,0.03215202394397221,-0.005538835994502667,0.3077471567042127,0.028996467303518264,0.1436477622777082,-0.005078264171073266,0.028996467303518264,0.19155911662600264,0.19155911662600264,3.1240850878688775e-05,0.11851496224505736,-0.005538835994502667,-0.05934700667061196,0.030793206579344062,0.19114339559416987,0.35496936531836165,0.0329639713523201,-0.005538835994502667,-0.005538835994502667,0.02498047440314738,-0.005538835994502667,0.08705378064110725,0.028996467303518264,0.35422979688248313,-0.020014084425788614,0.030665637840115223,0.08757945432304387,0.005040081759790649,0.028996467303518264,-0.005538835994502667,0.19114339559416987,0.35422979688248313,0.19114339559416987,0.17445789099693915,-0.005527983068475517,0.028996467303518264,-0.005538835994502667,0.034514578550232405,0.030511191629305073,0.1885223176380546,0.030168321346017435,-0.005538835994502667,0.04914538345405911,0.1033603171444401,0.3052123539873328,-0.005538835994502667,0.03852538856170004,0.19114339559416987,0.15361586839885988,0.19114339559416987,0.040959109381051045,0.3540690878100018,-0.005538835994502667,0.028996467303518264,0.570059959897521,0.07020288075947217,0.028996467303518264,-0.005538835994502667,-0.005538835994502667,0.19208153035058625,0.15224834409472282,-0.005538835994502667,0.11957634801390715,-0.005538835994502667,-0.005538835994502667,-0.0036957599464545465,0.354233974988458,-0.0037010868981213196,0.028996467303518264,-0.005043220468427645,0.02455683676531989,0.029093988329011417,0.12271373411472608,-0.005538835994502667,-0.0038192204200240276,0.2731112935154239,0.08334787792297554,0.35422979688248313,0.19304116193999346,0.062005053748929284,0.19114339559416987,0.30523730049002445,0.1922860557859916,0.016700597538146844,-0.005072387915578458,0.026051756497806416,-0.005538835994502667,0.028996467303518264,0.11955107601936005,-0.005538835994502667,-0.004645177436331582,0.028996467303518264,0.17168107623662535,-0.005538835994502667,0.01266424382952347,0.04983459553241071,0.2795770075283542,-0.005538835994502667,-0.005538835994502667,0.08334787792297554,0.010796065426625812,0.4197299520310411,-0.005538835994502667,0.028996467303518264,0.028996467303518264,0.35587401856994244,0.033524146850400754,0.01266424382952347,0.052542149774267244,-0.0018254389498080226,-0.005538835994502667,0.35422979688248313,0.028996467303518264,0.028996467303518264,0.028996467303518264,-0.0033238133725879138,0.35422979688248313,0.028996467303518264,0.05512730007868877,-0.005527983068475517,0.028996467303518264,0.029101788993782157,0.035779136156067065,0.19317604363982835,0.07621182901343954,0.35422979688248313,0.35422979688248313,0.23528478826150875,-0.02189915786051383,0.028996467303518264,0.5689507982803125,0.02115475458572974,0.02115475458572974,0.016700597538146844,0.09240430620143356,-0.005538835994502667,-0.005538835994502667,-0.0021244108456811572,0.028996467303518264,0.35422979688248313,0.18915777794783561,0.19267878156783375,0.08399832597574564,-0.0036848995385444505,0.16317553780381006,0.02945863667655077,0.16350554526683853,0.019795898497176723,-0.005538835994502667,0.02901469158433065,0.028996467303518264,-0.002487050971556992,0.19229034054934516,0.030793206579344062,0.026506824240874888,-0.005538835994502667,0.08334787792297554,0.012935292458560788,0.011886610983996015,-0.005538835994502667,-0.005538835994502667,0.2015598512905136,0.11213655506480374,0.08887959583440358,-0.005538835994502667,-0.007228044639852271,-0.005474860230346379,0.029001126038062847,0.017295697565570145,0.028996467303518264,0.028996467303518264,-0.0036055632171628216
chr5:113294915:113294916:NM_002387:MCC,0.03717597666610084,0.033676690500795387,0.04051607347344245,0.36294987927595357,-0.005298126359416788,0.01057243950738361,-0.005679252560969711,-0.022119925186211503,0.005263546893749832,0.06579445100541866,0.0485420121032608,0.018795124394453674,-0.03384258575945677,0.03717836762893495,0.36293789310336,0.00331804586568471,0.36294987927595357,0.08391033174993875,0.18623821738811153,0.020411098475661527,0.010482192097757692,0.2024690382165258,-0.005242067347798418,0.37993860842881827,0.36293789310336,0.020411098475661527,0.36293789310336,-0.005242067347798418,0.020411098475661527,-0.005965832972038787,0.06766305860055362,0.8842073117853679,0.021095655152765624,-0.005949335064560191,0.20759866799738863,0.3057456538010573,-0.005965832972038787,-0.005965832972038787,0.05909183408962537,0.049254334774000416,0.36293789310336,0.36294987927595357,0.030963231459441146,-0.005965832972038787,0.11327619223996907,0.37892263891650785,-0.005965832972038787,-0.012356862259644968,0.015146018342223802,-0.0059557044716354035,0.011610213549772208,-0.005965832972038787,0.071272064721806,0.020411098475661527,0.3629398247511176,0.020411098475661527,0.7774596241244424,0.36293789310336,0.06988509504431552,0.36293789310336,0.011610213549772208,0.003732947575191936,0.40564661545608505,0.03423913540547685,0.4169216857557855,0.362953331633172,-0.005965832972038787,-0.005927201048043562,0.3607314051661167,0.26774382458855317,0.015146018342223802,0.020411098475661527,0.36293789310336,-0.005965832972038787,-0.005298126359416788,-0.007071239978560448,0.06988509504431552,0.01133566281053261,0.01048306075957478,0.7229324402592598,0.36293789310336,-0.04283583103370965,-0.00595356899135166,0.3632642800836976,0.05556779029451088,0.36293789310336,-0.005965832972038787,0.06051800780527322,-0.005965832972038787,-0.04229918397928466,0.02042161447346677,0.03510444698921225,-0.005965832972038787,-0.005965832972038787,0.36026308584064104,-0.021918083465999022,0.012922275600666888,0.5738559369432886,0.003851495532504967,-0.002735244486740146,-0.005965832972038787,0.24450055309883273,0.004207657317778418,0.36297164962957873,0.3942096358463816,0.04503459979646052,-0.005965832972038787,0.5247780685097984,0.36293789310336,-0.005965832972038787,0.3499511585294609,0.014186245819954701,0.36294987927595357,0.36293789310336,0.355280340055814,0.004156273142798067,0.42062931632709233,0.36293789310336,-0.04259742954545426,0.029301478178779344,-0.005965832972038787,0.36293789310336,0.11255600883977523,-0.005965832972038787,0.27181283365401815,0.11289421390477648,-0.005965832972038787,0.36293789310336,0.1358240621708555,-0.005965832972038787,0.032397579738582066,0.36294987927595357,0.08514767100995803,0.020279753546968537,0.36293789310336,0.3783662679062303,0.3783662679062303,0.7522640842213617,0.384301280093062,-0.005965832972038787,0.6592806135556731,0.3498824025875221,0.36294987927595357,0.05992093402756607,0.07541774751209866,0.017157192652497516,-0.005965832972038787,0.017951216293774303,-0.005965832972038787,0.22194114054852337,0.36293789310336,0.36293789310336,-0.03784993520497276,-0.005965832972038787,0.009728317532556319,0.003568434480170274,0.16196382520641017,0.15432730615743084,0.36293789310336,-0.005965832972038787,-0.005965832972038787,0.0035671097636611193,-0.005965832972038787,-0.005381880276338097,-0.005965832972038787,-0.005965832972038787,0.45511359921893324,0.45969897315861574,-0.005965832972038787,0.3988438105877652,0.36293789310336,0.03152419126851792,0.05661236648280156,-0.005965832972038787,0.24169448391735443,0.36293789310336,0.0402292601785989,-0.005965832972038787,0.17509432191818772,0.39885136715729164,-0.005965832972038787,0.36294987927595357,0.0006749236923850321,-0.012346924790114816,0.3840391662520489,-0.005965832972038787,0.7528152814137496,0.36296166591483947,0.01921443272646403,-0.005965832972038787,-0.0028421330436637637,0.020411098475661527,-0.0059557044716354035,-0.005965832972038787,0.36293789310336,0.07299620751115786,0.36293789310336,0.15431807911517265,0.3130941160640454,0.7459818974084196,-0.01092702694722876,-0.005965832972038787,0.009944893233192559,0.05163095473477837,0.42157233003276473,-0.005965832972038787,0.41577652269913823,0.022682200151024096,-0.005965832972038787,0.04110155120003792,0.37648291628703984,0.36116914427371316,0.020279753546968537,-0.038467922394197815,0.020411098475661527,-0.005965832972038787,-0.0022942436876122463,0.15439671244025635,0.03249914179853705,0.1305736097122608,-0.0025633953037425966,0.03006426897072162,0.02042161447346677,-0.005965832972038787,0.10690370177368634,-0.005965832972038787,-0.005879051297865173,0.4215857604850783,0.000988961690937401,-0.017829118784551443,-0.005965832972038787,-0.005965832972038787,0.36294234793456964,0.15857963904229674,-0.005965832972038787,-0.005965832972038787,0.3754483656131311,-0.012300507833182622,-0.0028862229154365815,0.36293789310336,0.36293789310336,0.36298363650080473,-0.005965832972038787,0.062307011545597674,0.363037378164929,-0.04259742954545426,0.38485086180929606,-0.005965832972038787,-0.005965832972038787,0.7708839794569669,0.01287732257772467,0.46618254968505235,-0.005965832972038787,0.36293789310336,0.397054529206699,-0.03928479466428171,-0.005954926233014024,-0.005965832972038787,-0.007191304615571353,-0.0059557044716354035,-0.0059557044716354035,0.36034067233235695,0.2005866389843996,-0.005965832972038787,-0.005965832972038787,0.17690887576551573,-0.005965832972038787,0.36293789310336,0.49977016970430754,0.4205069189896421,0.039381704658729144,0.020411098475661527,0.013195569104499677,0.36293789310336,0.18368933920488728,0.0160443949001097,-0.005965832972038787,0.45843832861685485,-0.011938286974820439,0.012262604923336973,0.034796391707674235,0.33881922626734307,0.3680414398894952,-0.005965832972038787,0.410073775611701,-0.005965832972038787,0.047754171701764284,-0.005965832972038787,0.4011404211388534,-0.002735244486740146,0.014155976918751409,-0.005370281077379302,0.36293789310336,-0.005965832972038787,-0.0006846267652343974,-0.0027339388753556404,0.4038342943685149,-0.005965832972038787,0.3630400999328641,-0.005950113403605128
chr5:115626179:115626180:NM_181836:TMED7,0.048430028994385865,0.1431804223962924,0.17439086510693813,0.3921288714715039,0.11556868156561134,0.019996006263775068,0.018239626385236685,0.01630928137773338,0.014169409761226853,0.04623472218680841,0.050813275762283366,0.0071982247535067045,0.016230771272127048,0.0779865768871329,0.3733210884744018,0.013796883435247098,0.42617655730655407,0.14694766827326516,0.030974065561263364,0.019302652711946616,0.004960449397900413,0.05266747162100108,0.02886965505757355,0.008060677834543256,0.3400283982359837,0.013796883435247098,0.0203866442436412,0.03287810925359885,0.01630928137773338,0.016570633797705903,0.0347469882595042,0.09156847915792507,0.05031260225707926,0.013542997113326488,0.09068541725339985,0.5585123275809063,0.002614018830897319,0.3400283982359837,0.029216844591939017,0.07364245826206686,0.6464324116123121,0.11767579677730763,0.1173827090425346,0.003336323934535035,0.15934701193746276,0.34034583748627933,0.015839600116168,0.017565633395864838,0.002614018830897319,0.020520033498959506,0.002660311526589243,0.11767579677730763,0.09928743583423297,0.015839600116168,0.6464324116123121,0.03292044142918135,0.11763308483457274,0.3733210884744018,0.05732598061387689,0.11767579677730763,0.008077006081216781,0.002614018830897319,0.03198038715658619,0.11917177635317536,0.136903507101801,0.11256902572490365,0.3400283982359837,0.013834767173582507,0.03161202880791239,0.01547758466277721,0.002614018830897319,0.014558566961597463,0.3733210884744018,0.0026449288920591674,0.13843612107047307,0.004189404430077037,0.05732598061387689,0.00353166338891725,0.11270587334896595,0.3733210884744018,0.3733210884744018,0.005049395922578137,0.3733210884744018,0.11767475713597257,0.02360669138378152,0.3733210884744018,0.3400283982359837,0.02341458275503383,0.002614018830897319,0.11763713192782234,0.020353458715386213,0.0018668906631642834,0.11256902572490365,0.3733210884744018,0.049688471886951524,0.11767579677730763,0.017813845717925575,0.11369894525558605,0.0026356773245803655,0.017100042857501413,0.013327881082098397,0.010686026299524948,0.04360561644311939,0.11453777763484065,0.11767579677730763,0.17437204905119624,0.028568693126099776,0.08539723716305113,0.11767579677730763,0.002614018830897319,0.37940782846787696,0.0024621733638515997,0.594653714411631,0.11767579677730763,0.11256902572490365,0.029516875325593855,0.10940872575010904,0.6464420254724975,0.11779547592197269,0.06784135884488993,0.3733210884744018,0.3733210884744018,0.051874328210579634,0.3399256959161686,0.022867417894786163,0.12563280880468183,0.002614018830897319,0.0203866442436412,0.11418110636598608,0.015839600116168,0.3408866178357745,0.5946935228624033,0.14476443712560003,0.0026187426327718977,0.11256902572490365,0.11271310896118554,0.11271310896118554,0.3754427752353886,0.032028612761737046,0.3400283982359837,0.05478431496934805,0.6549697510117212,0.3406753532065286,0.07005513383898962,0.07372648399764462,0.013408270761933655,0.002614018830897319,0.08481694886442877,0.029511250942530792,0.026414262238204783,0.3400283982359837,0.6462797926239064,0.008028360115744482,0.03042405976957363,0.003927225526143163,0.031176640249143767,0.059906507398772346,0.029549337149659183,0.11767579677730763,0.0026471427588423413,0.3399256959161686,0.002614018830897319,0.013327881082098397,0.1125720692604557,0.002614018830897319,0.11256902572490365,0.10610571402647495,0.13776468196976302,0.3733210884744018,0.4240902126945435,0.016604973032186637,0.018074041289107667,0.1807522802401886,0.002614018830897319,0.34252647411730675,0.3733210884744018,0.10605225671061602,0.3400283982359837,0.10659279119375781,0.3733210884744018,0.11256902572490365,0.6464324116123121,0.42294848865938434,0.11900530149189775,0.51865848240891,0.002614018830897319,0.3733210884744018,0.34004687110436516,0.028996007690068687,0.002614018830897319,0.0024621733638515997,0.04743329227388818,0.5946120632655738,0.015839600116168,0.008619063201722538,0.12184956402959242,0.12064352773912318,0.1942278129016486,0.030090177555288006,0.05318860732465221,0.004238942835990661,0.013327881082098397,0.0026837447029913752,0.15452005386564988,0.06257723610986518,0.3733210884744018,0.11716876691840906,0.042948526197349735,0.0028429252144482053,0.10271212604767471,0.3736350697616435,0.03161202880791239,0.0026519745429593733,0.3400283982359837,0.013327881082098397,0.3733210884744018,0.002496652735842042,0.029549337149659183,0.06089798850416272,0.12372522382504658,0.003338474775167799,0.0033672673515974805,0.015839600116168,0.0634980964332695,0.07424596451748147,0.11767579677730763,0.11767579677730763,0.0026409172356444133,0.020353458715386213,0.6261087556401603,0.3400283982359837,0.11256902572490365,0.3733210884744018,0.10838927100910387,0.011059416855510124,0.016310598687741873,0.05480301904695578,0.002660311526589243,0.0026669339327878017,0.3732086248470585,0.3733210884744018,0.053263072494675004,0.11767579677730763,0.13199142739795122,0.11778189115989846,0.11779547592197269,0.14510312914630005,0.013327881082098397,0.11763713192782234,0.053212252907848895,0.0026826743433746303,0.44914419343129364,0.0026471871930298374,0.3733210884744018,0.15514817759770216,0.014657285027950134,0.04439187065932826,0.6463876237157627,0.21594899893970682,0.1126632250066712,0.1126632250066712,0.05026293443008081,0.1467800108335427,0.0203866442436412,0.002614018830897319,0.031155433672742955,0.0026471427588423413,0.3733210884744018,0.17473285568593938,0.4234293563976572,0.02953018926417028,0.02765501389337005,0.002614018830897319,0.05313365188718766,0.10205075841950625,0.06637784579495576,0.015839600116168,0.1150745027572995,0.11266014343780315,0.02342970755423096,0.3748983973991129,0.11996032880566938,0.0732526848140713,0.11266014343780315,0.0045991579609517,0.015839600116168,0.08904121045669974,0.002614018830897319,0.002614018830897319,0.11778189115989846,0.03385789011723281,0.020353458715386213,0.6263071638668574,0.0033464328379879393,0.003838166741774257,0.349549373412044,0.03157971998651771,0.11767579677730763,0.0026471427588423413,0.002614018830897319
chr5:134738479:134738480:NM_001745:CAMLG,-0.0002208567045490495,0.16031911597004278,0.698393104285693,0.5602486317207271,-0.0002208567045490495,0.16031057545428345,0.5647351315366664,0.0013094792999553961,0.1602269591081964,6.675212543533204e-05,0.06933872674765335,-0.0002208567045490495,0.5645284422596976,0.6829257504260766,0.6224320002523605,0.002735133226669628,0.5602486317207271,0.27889789029408124,0.5818919238091664,-0.0002208567045490495,0.2799304659097853,0.0013193184862201612,-0.0002208567045490495,0.06778530729134175,0.6223175971802464,-0.0001588609417959297,-0.0002208567045490495,-0.0002208567045490495,-0.0002208567045490495,0.0013814257843492994,-5.3490976339470864e-05,0.6993625103707835,0.5604176493097113,0.0015112804644040467,0.1601162937674425,0.6785874219386027,-0.0002208567045490495,0.6223175971802464,0.007120479277951619,0.18945269495271044,0.6785035393234042,1.5769602371851181,-0.00015482681258743858,0.01300888159379146,0.6813013868443902,0.24854615064793714,-0.0002208567045490495,0.0013193184862201612,0.024439226053476648,0.06785115333565961,-0.0002208567045490495,0.6785035393234042,0.06933872674765335,-0.0002208567045490495,0.7525863671820714,-0.0002208567045490495,1.1235474896381241,-0.0002208567045490495,0.6788485977997418,1.1005411702481025,-0.00018680532236342584,-0.0002208567045490495,-0.0001588609417959297,0.6814521110314712,0.6814326415883,0.06778530729134175,-0.0002208567045490495,0.0013814257843492994,-0.0001588609417959297,-0.0001588609417959297,0.018794925726879824,2.61272877013774e-05,0.6785874219386027,0.02904881268314541,0.06785115333565961,0.0028071304364978567,0.6788485977997418,-0.0002208567045490495,0.6785035393234042,0.6223175971802464,0.06785115333565961,-0.0002208567045490495,0.6932028671146342,0.7224708208713821,0.0001458196193748762,0.5602486317207271,0.6223175971802464,0.14024763200582455,-0.0002208567045490495,0.7423037691383801,1.0995146229031316,-3.5876211070540176e-05,0.6931186306151577,-0.0002208567045490495,2.61272877013774e-05,0.7423037691383801,0.158500739978401,0.8610646403588279,-0.0002208567045490495,0.158500739978401,-0.0002208567045490495,-0.0002208567045490495,-7.22496964645214e-05,0.6783827841833858,0.6785874219386027,0.6794237288282603,0.0679921834427128,0.6785035393234042,0.7423037691383801,-0.0002208567045490495,0.6785874219386027,0.28015767758553395,1.319950895560522,0.6785035393234042,0.6786699372641557,-0.0002208567045490495,0.8613085159245029,0.8607810773576781,0.6783894453735567,0.5683018866228924,0.5602486317207271,0.7525863671820714,0.5848642109363411,0.6222341794173355,-0.0001588609417959297,1.3254861504431803,-0.0002208567045490495,-0.0002208567045490495,0.0016972092703106678,-0.0002208567045490495,0.24399599871718844,0.6785035393234042,0.023639725900291286,0.2762067150100078,0.6783827841833858,0.40286804662441067,0.40286804662441067,0.8607699641274447,0.06785115333565961,0.6785035393234042,1.319950895560522,0.8607810773576781,0.6784666564513233,0.0591281117995098,0.07282713207552424,-0.0001588609417959297,-0.0002208567045490495,0.8590292895327668,-0.0002208567045490495,0.03827427583647661,0.6785035393234042,0.5602486317207271,0.6784838567441064,-0.0002208567045490495,0.00320701424025982,-7.22496964645214e-05,0.6991737235602996,0.009115423124770677,0.6785035393234042,0.06785115333565961,0.6223175971802464,0.06785115333565961,-0.0002208567045490495,0.6783827841833858,-0.0002208567045490495,0.06778530729134175,0.8607810773576781,0.8654004313613585,0.6785035393234042,0.2761312048744946,0.06939829175884521,0.08605191026825038,0.2268702460387901,0.6222341794173355,0.0386420662849111,0.6785035393234042,0.6025640813257038,0.6223175971802464,0.10830804439683825,0.6901869358832782,0.06785115333565961,0.6785035393234042,0.6419280608417058,0.6784838567441064,0.6785035393234042,-0.0002208567045490495,0.6783827841833858,0.06785115333565961,0.04394797840644543,-0.0002208567045490495,0.0028051800400958893,0.5601414360326127,0.06785115333565961,-0.0002208567045490495,0.7526881402598725,0.06798051632033936,0.6785035393234042,0.09217862088459813,0.6793706299364755,1.1235474896381241,0.23804730390066872,-0.0002208567045490495,0.6931186306151577,0.680767199454473,0.06805541348715355,0.6784666564513233,0.8732657204312899,0.023099826811908697,-0.00018507071815546117,0.0014805305528234336,0.07819379708576021,0.00015279642915308478,-0.0001588609417959297,0.6785035393234042,-0.0002208567045490495,0.5602486317207271,0.0030657685628506792,0.009115423124770677,0.6422964324003111,0.6418017352607099,0.2658085983533218,-0.0001588609417959297,0.6785035393234042,0.6785035393234042,0.36596128214083473,0.6785035393234042,0.5601414360326127,0.06805541348715355,0.5601414360326127,0.7011270802979856,0.5602134460291492,0.6785035393234042,0.6222341794173355,-0.0002208567045490495,0.24925134078136543,-0.0002208567045490495,0.6932652915586928,-0.0002208567045490495,0.010381048728160647,0.6783827841833858,0.6785035393234042,0.6785035393234042,0.6834393735556157,0.06798051632033936,0.5601414360326127,0.6783894453735567,0.8607810773576781,-0.0002208567045490495,0.698393104285693,1.6014972049213378,0.1857995862770953,0.2763435794813075,0.020820322899166882,-0.0001588609417959297,0.6785069657146519,0.5805959458726233,0.06780378519648664,0.6785035393234042,0.6788263148462705,-0.0002208567045490495,-0.0002208567045490495,-0.0001588609417959297,0.36365995402353946,0.06785115333565961,-0.0002208567045490495,0.0775907408612648,-0.0002208567045490495,0.6785035393234042,1.9172783817980947,0.6222341794173355,0.863758717172669,0.06795506783291261,0.06941682081664599,0.8607810773576781,0.5602486317207271,0.11674165270513256,0.5601414360326127,0.7615084688940553,0.5794460624531547,0.3351631724860126,0.24584429238323732,0.8631041664753039,0.6785035393234042,0.06778530729134175,0.06806906058631856,-0.0002208567045490495,-0.0001588609417959297,-0.0002208567045490495,-0.0002208567045490495,0.5602486317207271,0.6985995562115705,-0.0001588609417959297,0.6785035393234042,0.06785115333565961,0.08333302084213956,0.1599730555712161,-0.0002208567045490495,0.6785035393234042,1.319950895560522,-0.0002208567045490495
chr5:138337534:138337535:NM_001135647:FAM53C,0.09218285643448226,0.09167223552577258,0.08696539999463593,0.10013631602752887,0.0020565294458015915,0.24738690699436036,0.11693455419523036,0.0020565294458015915,0.08702505273332362,0.09171845834640502,0.0361951313614034,0.27987384561007217,0.006346475310315347,0.09218285643448226,0.1407776044721441,0.0020565294458015915,0.10015535524133656,0.17938943249473666,0.08696736598254023,0.08696539999463593,0.0036873420168186954,0.0020565294458015915,0.0020565294458015915,0.11693455419523036,0.5620332268917588,0.08696539999463593,0.1407776044721441,0.0020565294458015915,0.08696539999463593,0.02791386339394991,0.043398230789026826,0.6061093190642699,0.08696539999463593,0.08702505273332362,0.0025938901852387564,0.2900292601887053,0.0020565294458015915,0.5620332268917588,0.0316083682470128,0.4744434875058372,0.647977048008211,0.8079564490045827,0.08696539999463593,0.09856394139530655,0.4220947166555324,0.15047527084493767,0.0020565294458015915,0.0020565294458015915,0.005809106868136793,0.0020565294458015915,0.027909923544403192,0.24506178475612014,0.0361951313614034,0.0020565294458015915,0.28052493913334015,0.0020565294458015915,0.8671553011594322,0.14084782209642366,0.32954292468383634,0.3045694065937327,0.03179901357784887,0.0020565294458015915,0.126981102578409,0.3607510368223594,0.47202828201819136,0.24505964563432484,0.023363833293726433,0.08702505273332362,0.010710503184668763,0.02793021677330898,0.003971603088601894,0.12473023479871187,0.3046525709088972,0.0020565294458015915,0.24548426218247305,0.24548426218247305,0.24555705857935128,0.003241854234929231,0.4174433545315544,0.2764737649156255,0.02342697984669312,0.0060873009451626325,0.6090124294868001,0.8599773609735819,0.02998283545361058,0.1408512754435673,0.11693455419523036,0.1140305334785478,0.0020565294458015915,0.41753715347243453,0.006346475310315347,0.013831645747310717,0.1407776044721441,0.1498813589593076,0.12199123492710484,0.43047642272979614,0.5622157179576471,0.4184680527806603,0.0020565294458015915,0.36114039929632025,0.023363833293726433,0.053626610046817125,0.10403508459441774,0.2452450214680006,0.4240939696232389,0.5787214350586332,0.10403508459441774,0.4174779157853864,0.44877582371771807,0.0020565294458015915,0.3325415010643561,0.24549264067675325,0.8347316208012089,0.5620332268917588,0.5642618273304959,0.10346108550646049,0.5054858382012389,0.43047642272979614,0.5035590730648437,0.002844244739429902,0.1407776044721441,0.27655388778354495,0.13346257287557028,0.24505964563432484,0.0496538517880743,0.4220971420731,0.0025960550281426964,0.023423632027195662,0.03288699143856433,0.0020565294458015915,0.15614925973992627,0.1407776044721441,0.028644142322508337,0.08696539999463593,0.6112443515633694,0.5628774940715123,0.5628774940715123,0.24743384593986692,0.15597183966122735,0.023363833293726433,0.34671353644587355,0.41843346637992873,0.5063604953231815,0.13912298172216603,0.03180187229185727,0.11693649225643998,0.0020565294458015915,0.3972183869236753,0.0020565294458015915,0.13143356507409115,0.1407776044721441,0.0233656723082451,0.11108817388957332,0.002060385823171751,0.2556360398774558,0.10403508459441774,0.14148374149263832,0.0020565294458015915,0.24506178475612014,0.562035822619991,0.5620332268917588,0.0025938901852387564,0.0020565294458015915,0.10573416395235141,0.0020565294458015915,0.14084546029556472,0.9931782984598755,0.3909717401241565,0.14084546029556472,0.24506178475612014,0.14082353562688088,0.2751901589118651,0.33414968070939643,0.0020565294458015915,0.1222535037708718,0.11693455419523036,0.4025386477376413,0.5620332268917588,0.09071516612326458,0.6088633189491375,0.023363833293726433,0.43047642272979614,0.725513434943075,0.11108817388957332,0.887890364304285,0.0020565294458015915,0.09862603474736176,0.2032198113931879,0.029628523075143243,0.0020565294458015915,0.0020565294458015915,0.023363833293726433,0.0020565294458015915,0.0020565294458015915,0.3373208161577097,0.014837527216117363,0.39754914772163336,0.11112407507323374,0.4313186510033622,0.2764780743173465,0.3653314466062063,0.0020565294458015915,0.24548426218247305,0.24624184711825808,0.0652285744153272,0.002113111849098015,0.2480645376077856,0.028042569254703942,0.11693455419523036,0.24548426218247305,0.1496986052040707,0.15123632097681117,0.08696539999463593,0.5626200816542586,0.0020565294458015915,0.2764759381245026,0.5070964211161194,0.0020565294458015915,0.5393912714098548,0.3849600564517605,0.4748298126719519,0.2835180868650095,0.0020565294458015915,0.647977048008211,0.41678494732823235,0.2450621814027101,0.11693455419523036,0.0652285744153272,0.002065347891043956,0.4180258122356947,0.3605393380427297,0.5620332268917588,0.09856624413503334,0.4174433545315544,0.3656471231889253,0.0020565294458015915,0.3841223080629559,0.0020565294458015915,0.250552902443524,0.14995572468024676,0.33262744495885777,0.5081774192891401,0.5620332268917588,0.01483085868707168,0.3927755706200833,0.5035590730648437,0.4261032386339609,0.0020565294458015915,0.5620332268917588,0.7230135341126928,0.3717095313995281,0.10082658062652888,0.003076541928819232,0.27655018500208695,0.6091839324220412,0.027693928743093676,0.0020565294458015915,0.43047642272979614,0.3236226003322316,0.17262657877676568,0.17262657877676568,0.010710503184668763,0.08069212780488694,0.11693455419523036,0.0020565294458015915,0.0020565294458015915,0.3592214387438283,0.7250631142641442,0.6075936403933601,0.5621272718514105,0.4700944477813038,0.145950084138872,0.0021200529768876097,0.6767121094433439,0.35924259473399633,0.0036887388577765967,0.0020565294458015915,0.003645416428366577,0.0876080959881706,0.004179535395636813,0.14920232077370038,0.11755733854235906,0.5626174842717794,0.0020565294458015915,0.0652285744153272,0.0020565294458015915,0.145970099996739,0.0020565294458015915,0.0020565294458015915,0.24505964563432484,0.5148781106396776,0.0020565294458015915,0.6089183444093267,0.39833123598661035,0.5685749704058769,0.4699597127158309,0.006494237171726591,0.5620332268917588,0.20327843875852492,0.0020565294458015915
chr5:140125935:140125936:NM_001007189:IGIP,0.2564821074125555,0.46689665815065085,0.330936977172579,0.08560168344714111,0.00944950914865722,0.4662304339013136,0.00944950914865722,0.29977462733310106,0.38753572622251353,0.013097356704857982,0.25657320481493284,0.013753958458799898,0.05891853535647226,0.2592529283910592,0.1140520430563011,0.046229142333140794,0.08727895047842224,0.4703084252062641,0.08425000249002625,0.009467159200760827,0.009738650945515154,0.3080510323777487,0.046229142333140794,0.083586193295558,0.11390104795664718,0.009585494501830216,0.3553288107443873,0.046229142333140794,0.009467159200760827,0.3882726041916681,0.5022011132330721,0.4768403449197308,0.33445197124385484,0.1299180570180495,0.30967910739569654,0.18884053011535978,0.00944950914865722,0.22087733182943114,0.010222925736979638,0.04022661993333543,0.17972839292472098,0.17324325283751735,0.2597889599337223,0.06684682473600685,0.3152304869918957,0.5018748493919739,0.00944950914865722,0.01697232582433969,0.012717729217174956,0.012296572873542022,0.48534407134988045,0.17904708516373435,0.2566738214448635,0.00944950914865722,0.1927340516939527,0.009535246579265577,0.24520516688501906,0.1812844004602562,0.25539090248615415,0.24794902548710743,0.48523995000328907,0.00944950914865722,0.009669475707345332,0.08573664661160077,0.3831805711864541,0.09939452802701877,0.06684682473600685,0.1299180570180495,0.376138318983581,0.010232274574543704,0.009450321158238129,0.010241942702332724,0.18201900394627762,0.02134086762949161,0.2553535214929032,0.041643095561788135,0.25539090248615415,0.00944815128710938,0.23084049160159456,0.31179716356864073,0.3080247431839006,0.14574235849546197,0.2425443076308869,0.2134409532399205,0.11053980342374177,0.3036382987523233,0.01221242783019752,0.45992591181480397,0.00944950914865722,0.11741242368133334,0.11168271003043814,0.010224278724715208,0.18376056987641998,0.15003412733807348,0.21602037644833116,0.22097977505102756,0.010138073090400573,0.4782107339094656,0.00948256242626161,0.05526012455545842,0.00944950914865722,0.009525373412797467,0.2613719575539251,0.00948210152184728,0.15767787586507387,0.3937739681293652,0.3360832873039005,0.47893464955508575,0.1042931112293693,0.00944950914865722,0.187825508729541,0.010043913613660443,0.178972308515262,0.178972308515262,0.31769357774613716,0.2613574412099954,0.4523399111360039,0.178972308515262,0.16419571032221206,0.17308530719146345,0.15254442892665054,0.3035153576157236,0.31521894958213426,0.013551172174776582,0.009618230600546424,0.31431352809664603,0.01079911926265642,0.301585278612915,0.18151217526956212,0.2553916285385228,0.0878597480619587,0.17972839292472098,0.21786365642336175,0.004721280961636598,0.31937346812658163,0.16106459821308383,0.16106459821308383,0.2978221935401195,0.1642156816658582,0.15002794715983941,0.3929794180600046,0.1851660154979075,0.32004021420349726,0.08969278037097347,0.01644929558679012,0.010378377100592723,0.00944950914865722,0.46279553321027406,0.010224278724715208,0.2716849129469298,0.22087733182943114,0.3195033865015817,0.18781560541549164,0.1069270473484134,0.11578088638852707,0.2613574412099954,0.15000668864693822,0.00944950914865722,0.17907453043777816,0.1228092519968346,0.11390104795664718,0.3807503803551621,0.00944950914865722,0.020073593109345034,0.00944950914865722,0.14745369091759059,0.1812237874482055,0.521511757256371,0.3130232191887117,0.058906283500702206,0.3308227136831542,0.021584986923856464,0.12160503018183377,0.178972308515262,0.1641173257069503,0.31937346812658163,0.09237364727763586,0.22087733182943114,0.2669787778419152,0.18696182473991346,0.3015471931783048,0.24258501678412903,0.3624446999017717,0.010816753533879814,0.18792954336449152,0.00944950914865722,0.1182117112578221,0.31932273355895646,0.16985051422619774,0.00944950914865722,0.010087424118772809,0.08015320795613126,0.1745732913297927,0.00944950914865722,0.07717424327514219,0.016603871887587662,0.5980408357743326,0.2628149172203614,0.0759927056013892,0.1502871107484286,0.08914524720989564,0.00944950914865722,0.3342690752367883,0.30855626143335285,0.1494454429643554,0.178972308515262,0.30606889837905915,0.09896461722170097,0.08909167719862153,0.26288698312691283,0.3420132396683336,0.34121075153417346,0.004380592582886755,0.08070295756913833,0.00944950914865722,0.16732528523326856,0.10996000777210442,0.00944950914865722,0.0852209753748529,0.07069917142194304,0.2024852211640576,0.1194069615884289,0.010971162684865421,0.42924531167360763,0.34874133536434954,0.178972308515262,0.010260400297840394,0.08572421492446294,0.01986833631049012,0.4135956959523616,0.11390104795664718,0.178972308515262,0.17467434809053178,0.17965038401326386,0.053384976536889256,0.00944950914865722,0.42946378496561144,0.06684761263446538,0.004721280961636598,0.30242821431663586,0.3058919832917104,0.17908982440962112,0.178972308515262,0.11841373607403446,0.16419571032221206,0.16419571032221206,0.15103034552872005,0.00944950914865722,0.178972308515262,0.24099709797229493,0.05067778755193614,0.05897906456181223,0.009455955157462143,0.2616557097515075,0.21704012920930454,0.3723156496262755,0.00944950914865722,0.178972308515262,0.15682515783098616,0.010303799219811616,0.010303799219811616,0.15027768566347738,0.2647357868449652,0.11390104795664718,0.00944950914865722,0.09906806679193003,0.13974476876482994,0.1803135686106644,0.7443482816207735,0.12367373627998499,0.011325114544493559,0.009467159200760827,0.009461144811839572,0.18376056987641998,0.049602521497535496,0.047537900952177525,0.00944950914865722,0.19929833789079004,0.09962855872390233,0.018109202586784223,0.3526696628131264,0.16235572324066067,0.08070295756913833,0.009500644012385984,0.0857583517607931,0.06684682473600685,0.25561396097607636,0.00944950914865722,0.08125467171758818,0.255355538483835,0.2569303934122888,0.0122245964813755,0.17683216860316878,0.00944950914865722,0.015910061833239952,0.00944950914865722,0.08148085341748414,0.178972308515262,0.22101884993052257,0.00944950914865722
chr5:144170872:144170873:NM_020768:KCTD16,0.21678534937656158,0.1257893015287494,0.11652267115287057,0.003174835868190229,0.19601435307767756,0.7523498748407023,0.07453211524378736,0.03477331136751777,0.12395201205582862,0.2389663668372594,0.16424486688173828,-0.005122183223086246,0.20155067655854972,0.22385035393590438,0.003174835868190229,0.04024393552827893,0.003174835868190229,0.8585515141992914,0.03413405965300842,0.09371382937856071,0.02547910127903194,0.12229921809999503,0.02487290864242228,0.556876686661947,0.611221718941275,0.09371382937856071,0.003174835868190229,0.11172571459285485,0.09371382937856071,0.11745755498037957,0.03594489316228458,0.8852232011521423,0.13292611045449132,0.007460951405881711,0.13875002758557686,0.5354729090968766,0.09369368235568659,0.611221718941275,0.030040196294929405,0.035453309483908235,0.611221718941275,0.611221718941275,0.11469473978423039,0.003667474565489187,0.18422402620293532,0.64377861875412,0.09371382937856071,0.11650622626112953,0.003174835868190229,0.09371755684745417,0.09369368235568659,0.6295914475973248,0.14382675889066804,0.109851048795016,0.011861370081420297,0.003174835868190229,0.6295914475973248,0.611221718941275,0.8394522681981299,0.611221718941275,0.09369368235568659,0.003174835868190229,0.0032114393749657355,0.5296114381567469,0.253051138367677,0.611221718941275,0.003174835868190229,0.007460951405881711,0.0032661214590279375,0.11667847969281633,0.003174835868190229,0.09262546782435055,0.6295914475973248,0.003174835868190229,0.6838233518176252,0.1995135932238306,0.8394522681981299,0.0031760609785481397,0.6837509072149224,0.611221718941275,0.003174835868190229,0.013310820598945616,0.611221718941275,0.6295914475973248,0.11353087303050646,0.011861370081420297,0.611221718941275,0.3627313718628473,0.09369368235568659,-0.005050700377234402,0.003174835868190229,0.003174835868190229,0.011898167088347872,0.011861370081420297,0.0032661214590279375,0.00320119815853373,0.5355512738555308,0.9086817396976687,0.022253617460735814,0.003174835868190229,0.109851048795016,0.19380800611405696,0.02228523037573868,0.7847013986188238,0.6295914475973248,0.1563894893602041,0.003174835868190229,0.853710491433233,-0.005050700377234402,0.09371382937856071,0.6295914475973248,0.023436219537544156,0.611221718941275,0.7639321422724501,0.6295978845514361,0.003222488687915026,0.9570242313219572,0.611221718941275,0.611221718941275,0.6492292642491608,0.003174835868190229,0.011861370081420297,0.24900794744795698,0.611221718941275,0.21246062568763832,0.9181373138564037,0.003174835868190229,0.003174835868190229,0.06099692979869531,0.003174835868190229,0.641002082774121,0.611221718941275,0.14702265855737764,-0.00503014010662603,0.611221718941275,0.611221718941275,0.611221718941275,0.6347335659425153,0.02089269832882462,0.003174835868190229,0.6409048083914168,0.6295914475973248,0.6296981423376647,0.08438287287246043,0.12173733456453492,0.005011526771861258,0.003174835868190229,0.07599156789406117,0.003174835868190229,0.16117184316636318,0.003174835868190229,0.011861370081420297,0.05796336138870267,0.003174835868190229,0.6258188445196147,0.022283985729717876,0.611221718941275,0.006607360463147943,0.6295914475973248,0.003174835868190229,0.611221718941275,0.003174835868190229,0.09369368235568659,0.611221718941275,0.09369368235568659,0.003174835868190229,0.6227474367550527,0.9302555848248297,0.003174835868190229,0.611221718941275,0.11745755498037957,0.7138871732895495,0.1327021994248089,0.003174835868190229,0.03572821070036156,0.011861370081420297,0.06460068565150065,0.611221718941275,0.027848887091251107,0.611221718941275,0.003174835868190229,0.611221718941275,0.6691197216458209,0.1329053883689523,0.611221718941275,0.09371382937856071,0.6295914475973248,0.6295903909147484,0.10040817770761423,0.09369368235568659,0.007915328147562739,0.003174835868190229,0.003174835868190229,0.09369368235568659,0.018339666103699914,0.11598011343713036,0.611221718941275,0.04715425995890196,0.08114532401134542,0.611221718941275,0.9705129157519834,0.09369368235568659,0.10764853351350512,0.14350126754082498,0.003195301371930359,0.003174835868190229,0.6393597631689867,0.7488575094010763,0.011103121825576323,0.8176333091006713,0.6452646589210127,0.003014680494138944,-0.00503014010662603,0.6112918666471121,0.09371382937856071,0.003174835868190229,0.00855295958119448,0.006607360463147943,0.7218841415219761,0.611221718941275,0.862035941282409,0.8237869455848408,0.19030230536688414,0.7081995898447186,0.184483602716372,0.611221718941275,0.003174835868190229,0.003195301371930359,0.0031955094155995956,0.6114621371424795,0.003174835868190229,0.6837509072149224,0.003174835868190229,0.09367716691239195,0.5902943082543108,0.024853385545844403,0.5730193619650268,0.003174835868190229,0.022308604379318586,0.011861370081420297,0.6295914475973248,0.611221718941275,0.611221718941275,0.11597870878328231,0.003174835868190229,0.611221718941275,0.6797571827927218,0.09371382937856071,0.611221718941275,0.6295914475973248,0.02906940828204055,0.611221718941275,0.003174835868190229,0.003174835868190229,0.611221718941275,0.6112052963983374,0.09732011470639454,0.611221718941275,0.6636121310958962,0.003174835868190229,0.003174835868190229,0.018355801787020343,0.25894646583900355,0.003174835868190229,0.09369368235568659,0.003207381326848363,0.611221718941275,0.6295914475973248,0.8162963713182696,0.7638582324539063,0.5152448206064497,0.1526353433925856,0.010437259873985,0.611280562967353,0.6616418629726353,0.052245848976950254,0.003174835868190229,0.635651444959288,0.611221718941275,0.09569583984138907,0.6373334649939233,0.9550543705739598,0.6296622643110479,0.003174835868190229,0.005031998481029587,0.003174835868190229,0.775840757431867,0.10983064097192982,-0.004812736628387743,0.6635846483271446,0.7638582324539063,0.0031940762492200236,0.6295914475973248,0.003174835868190229,0.011972627784748835,-0.005056595293012389,0.003174835868190229,0.611221718941275,0.003174835868190229,0.003174835868190229
chr5:150758520:150758521:NM_001135644:DCTN4,0.08844088515248522,0.27566301166396395,0.7123629416372411,0.7665429543935527,0.048975738100715316,0.276827298423532,-0.0033759813843952102,0.014224042948695004,0.3170760994781499,0.08464648113583606,0.049984177962176524,0.01723468978682058,0.09078161195451256,0.8244648713893494,0.6833953260909744,-0.0034236439367578697,1.078088726184512,0.33778827705771364,0.048926661702826,0.12315473053667547,0.05196978514890255,0.14925430347792723,-0.0034236439367578697,0.06609980277513572,0.7669036051612399,0.04892565220715511,-0.0034236439367578697,-0.001860047801048148,0.030481250855330044,0.8162616481254364,0.2772415531566658,1.1009915190405388,0.7684092199912076,0.2105200105079475,0.280196983563714,0.8198908986468157,-0.0034236439367578697,0.8946726651486993,0.03364207527527446,0.7837078042143696,0.9492689329600108,0.8194560253621769,0.11448232669621228,0.7864152725690695,0.37283092341267543,0.9113632886499446,-0.0034236439367578697,-0.002580620762465291,0.6814700428934466,0.16985866911196362,0.2770589503238422,0.7847458077349221,0.8056754629739666,-0.0034236439367578697,0.041297719556735724,-0.0034236439367578697,0.09620200970068671,0.040426517109310056,0.3204591922159972,0.041294135459134296,0.28277291260046655,0.06609980277513572,0.06609980277513572,0.14244191428160646,0.2479921258348965,0.06207672744061282,-0.0034236439367578697,0.23295509712142093,0.06609980277513572,0.051535244351919085,0.6811570247327948,-0.0027041399862807736,0.07620676355859124,0.014239870504014096,0.123207773889428,0.8220505922457729,0.28034458984136795,0.014224042948695004,-0.0026274401782570567,0.7668547752817164,-0.0034236439367578697,0.02099802027046027,0.07620174248977313,0.7873746984932871,0.0320272191938939,0.04129718488576056,0.7847224625703823,0.12713035936639544,-0.0034236439367578697,0.04125367839492178,0.014231505295151325,0.03048856406833078,0.06118324711446965,-0.0034236439367578697,0.09842695542292312,0.04130644357935592,0.02437079002650655,1.0350777945377874,0.04720246005546175,-0.0026265249717227768,-0.0034236439367578697,0.10239388207825095,0.7164867691445914,1.074323974466585,0.07622080284307553,0.23719081124835562,0.718731263516385,0.329719824064193,0.04125367839492178,-0.0034236439367578697,0.8605878343118208,0.04873361908285628,0.8217608871893861,-0.0025936223861238727,0.6971493257431416,0.748733112608752,0.8295170027487817,0.11045796305405658,0.04124050005193319,0.16798587071171367,0.06207618727877995,0.04041388376997668,0.08471532366900181,0.7694417490262218,0.08217597950880284,0.27793305198740487,0.016867101186941957,0.040426517109310056,0.0856863678130308,0.06118324711446965,0.9136078422813732,0.7836845914086233,0.09407741091793825,-0.0034236439367578697,0.7847224625703823,0.7694726132080674,0.7694726132080674,0.15088069868327172,0.13250158795108335,-0.0034236439367578697,0.7862237772167358,0.6890667014122828,0.7839542265462104,0.04971820248028341,0.1757082315233876,0.030481250855330044,-0.0034236439367578697,0.1514535079685084,0.03488328633349935,0.8225609534316501,-0.0034236439367578697,0.040408444097817464,0.04725390273547825,-0.0026283101250565433,0.0007626099147855503,0.018530275195473345,0.04041531857803027,0.030630780986723893,0.7837079418650847,0.040408444097817464,0.7847224625703823,0.713957547584773,-0.0034236439367578697,0.04124050005193319,-0.0034236439367578697,-0.001860047801048148,0.7847471049440743,0.118354792041593,0.783716237860159,-0.0010297332901526013,0.1305635791463043,0.09691310192093888,0.10317219263373989,-0.003418927902265667,0.06355154883914826,0.10952898171320713,0.04918327329880107,0.8946726651486993,0.907093375963716,1.0952266100788632,0.028861769379358193,0.11048539131836088,0.06317200678699925,0.016606646298595318,0.7847224625703823,-0.0034236439367578697,0.8946726651486993,0.685262625573778,0.03365114381324663,-0.0034236439367578697,0.05093100860926569,0.03488328633349935,-0.002594156074388787,-0.0034236439367578697,0.07620676355859124,0.17309194400062222,0.8652489076981339,-0.00044958904323344484,0.09642713167265227,0.042050662738735034,0.15783787191294657,-0.0034236439367578697,0.06244819631157472,1.1775505948881175,0.013735346121900638,-0.003406259666944189,1.1867554199094044,0.08721465917327947,0.07620174248977313,0.07209630794039651,0.08640894702305324,0.06615009368023944,-0.0034236439367578697,0.7874512022749101,-0.0034236439367578697,0.025657441635187683,0.04873361908285628,0.030630780986723893,0.8241633557408533,0.8198941641200954,0.03584241171977626,0.6811570247327948,0.07423891633372653,0.13913855459852986,0.23724637840011298,0.7836845914086233,0.6811570247327948,0.014226115375909398,-0.0034236439367578697,0.820287868248969,-0.0034236439367578697,0.7364931024517793,-0.002594156074388787,0.2712480179528898,0.013457002651590999,0.040408444097817464,0.2702807438006619,0.016867101186941957,-0.0034044940304609472,0.04042161151827123,0.7847318738168939,0.11203957400631287,0.9492689329600108,0.032965556334207,0.7818428686108433,0.8184287728706218,0.6833956261502505,-0.0034236439367578697,0.6833953260909744,0.9311072102696386,0.008101988450676056,0.015076377348568426,0.06048645229635513,0.04041388376997668,0.046575262366265247,0.8200256961514376,-0.003422776051933918,0.6833953260909744,0.06457045152637331,0.030482084308301904,0.030482084308301904,0.06609980277513572,0.15341299355050542,0.042048824739823576,-0.0034236439367578697,0.03489092461929927,0.11048539131836088,0.14826604499906082,0.9294345769539027,0.016635619467975427,0.019283182357130557,0.7139868687328161,0.7139868687328161,0.9517637640908669,0.047750700595064866,0.05097094134890423,-0.0034236439367578697,0.2513189094194872,0.11206807689173442,0.005208712176835439,0.9420974461636685,0.9315986243186223,0.7874512022749101,-0.0034236439367578697,0.10689419886259122,-0.0026283101250565433,0.8061387560590787,-0.0034236439367578697,0.11805656004001269,0.3400346395386737,0.2780362892423968,0.014224042948695004,0.14824933821971645,0.003704249281456018,0.009578214486292813,0.7836910727300862,0.05400262370957165,0.7847224625703823,0.7138833403978444,-0.0034236439367578697
chr5:151224093:151224094:NM_015621:CCDC69,0.051717605851168226,0.10423857688844251,0.1483885916206108,0.3499577427950775,0.006367130324532143,0.19746806484870819,0.010554133804082565,0.011565808518941727,0.09945949267388011,0.1651999525890473,0.15933738615933102,0.32137372352280025,0.013343260171583896,0.17530950650464106,0.3190726800841388,0.010554133804082565,0.43636366121416686,0.1444642943520114,0.07480882838694927,0.024841358091107393,0.033667115062757595,0.07801865365841068,0.006367130324532143,0.012450697170305808,0.006838219239000708,0.024841358091107393,-0.013950967827266209,0.006367130324532143,0.024841358091107393,0.020363717846674602,0.062106917358068406,0.2802072968224875,0.1535171577776793,0.11075992832590256,0.06945672155202942,0.006579150623536985,0.024841358091107393,0.319672770244087,0.006838603463608671,0.0665553010944904,0.25722589761030723,0.5362912723403028,0.02963898515775132,0.006806444384826832,0.3472935595779054,0.8840436730040845,0.006367130324532143,0.006367130324532143,0.3068905791375219,-0.01442031566476179,0.14402675384936198,0.055695348170256634,0.15933738615933102,0.006367130324532143,0.31967338652476285,0.024841358091107393,0.058203290586679446,0.3814480775254459,0.27021635687165085,0.00710105499059463,0.08768480199416773,0.051717605851168226,0.011938406018936407,0.2011960626519666,0.06702740878867536,0.006838219239000708,0.006367130324532143,0.11075992832590256,0.011510374866130907,0.015317019973147071,0.006365883967476227,0.05202933457977289,0.3986052323339385,0.34090850163264264,0.055201948636627945,-0.0430447051105361,0.2704150692400171,0.006367130324532143,0.19349507703100743,0.006838219239000708,0.17647178028555993,0.006367130324532143,0.25722589761030723,0.43103323124004767,0.01160324858278225,0.3013893667286641,0.3190726800841388,0.2988162252946723,0.006367130324532143,0.19349351126389291,0.11030569004211553,0.006675699116856455,0.006838219239000708,0.3013887267075341,0.011727315728757112,0.3248110289074619,0.36465229059626514,0.22063887975538427,0.024841358091107393,0.03689318251981049,0.006367130324532143,0.07907288614514645,0.1021297905239768,0.30078587749828767,0.47852018561070087,0.23910684349388311,0.10100311745595238,0.364064810721773,0.204405259784285,0.024841358091107393,0.006367130324532143,0.006838219239000708,0.055695348170256634,0.3013887267075341,0.39860567030899413,0.07447904109524206,0.23864376862370598,0.25722589761030723,0.30141735934658354,0.14490748616249416,0.006367130324532143,0.17704907260150143,0.21988653888329285,0.3233106690781991,0.06130694147220464,0.17233932836314947,0.015317019973147071,0.055695348170256634,0.00558653432289833,0.051717605851168226,0.9135899174589117,0.29212083053355986,0.014881236950795886,0.0068367473497397,0.08166653462357523,0.055201948636627945,0.055201948636627945,0.32791426329869366,0.03011446126616154,0.006838219239000708,0.05875962849118975,-0.015123390180109053,0.11634502150387145,0.01106778635975953,0.007072533408938743,0.006367130324532143,0.010822177537435078,0.2068314547890701,0.006367130324532143,0.3503046638110493,0.30078587749828767,0.006838219239000708,0.21937957128653593,0.011593165800995564,0.3290183519664348,0.05004123775071743,0.25661988428978044,0.007695911326929948,0.3986052323339385,0.19330996443486542,0.3013887267075341,0.06920692597785427,0.024841358091107393,0.056502244031941706,0.006367130324532143,0.04726761372961648,0.49432858030496185,0.2351188954983631,0.24227166286459662,0.05200174324884225,0.19332164007987301,0.26341150498023375,0.010794909223583102,0.006838219239000708,0.03005230603874392,0.006838219239000708,0.011904905787165396,0.006838219239000708,0.27673300503808196,0.4453895369523622,0.19330996443486542,0.29212083053355986,0.4178890139406356,0.006367130324532143,0.16227023100710347,0.024841358091107393,0.39860744692756955,0.055695348170256634,0.011412769774101127,0.006367130324532143,0.006367130324532143,0.006367130324532143,0.01858875479625617,0.006367130324532143,0.22593808152050499,-0.008739685745104198,0.055695348170256634,0.24034144824105796,0.010599753750029958,0.08701133708665311,0.36677467857380347,0.006367130324532143,0.006382545363328523,0.33970281147155623,0.012127642081993038,0.319672770244087,0.48182534025007,0.006984645473291494,0.006367130324532143,0.062469861315416875,0.45661696200237817,0.011940255701585419,0.04279193960732214,0.3275855781463804,0.006367130324532143,0.006838219239000708,0.010652737794698122,0.007695911326929948,0.4053732773433072,0.13027180635468752,0.010317211818602803,0.024841358091107393,0.006368939920931918,0.08166653462357523,0.2737275750000561,0.006367130324532143,0.006367130324532143,0.011756311785229345,-0.013950967827266209,0.05287203549351198,0.3190726800841388,0.055695348170256634,0.006367130324532143,0.15248108858568282,0.006852712297644052,0.006367130324532143,0.5162125721624091,0.055201948636627945,0.006429254526302351,0.319672770244087,0.3013887267075341,0.26904411883067403,0.03464396306153285,-0.008739685745104198,0.32003466018788757,0.30141735934658354,0.26855951276587664,0.006393042158446112,0.055695348170256634,0.456740949340641,-0.017689284571043018,0.420783498929513,0.06810723786884114,0.19330996443486542,0.4712300023748194,0.06324610952896641,0.006661072840724244,0.03464396306153285,0.03882482875087545,0.31907483831602146,0.31907483831602146,0.008654517426552787,0.0928423872884728,0.3190726800841388,0.006367130324532143,0.055270675776574185,0.08690724246096126,0.3769662861997806,0.9973265836408536,0.4525664717222599,0.3194540656143014,0.029118119685434825,0.12081911094174594,0.27620833549492585,0.13084705902380878,0.011741381970525343,0.006367130324532143,0.16336800623732978,0.058200171487987534,0.007513616530099701,0.453372369768528,0.21048177982663954,0.32791975030175313,0.006367130324532143,0.030719011321304134,0.015801523257166133,0.029364114175922662,0.006367130324532143,0.08391464712748074,0.4090073719661022,0.12998768799168356,0.10772291283835858,0.3013887267075341,0.006517712363562363,0.6527251576874691,0.03730593186475291,0.011510374866130907,0.03464396306153285,0.055695348170256634,0.006367130324532143
chr5:151253051:151253052:NM_001167607:GM2A,0.010070911423202517,0.8052721052710353,0.015378029093821965,0.028120584777250074,0.008742356450567701,0.8109262302564919,0.0629660156832646,0.06398926013241188,0.7100124823322346,0.08560777961372867,0.08438060016177276,0.0268497123477891,0.009295906605130827,0.8489861721177241,0.02576254487254745,0.0629660156832646,0.7355799069041117,0.9980174988240145,0.694758057813659,0.009361352259625588,0.014833711810691486,0.2343261712080181,0.008742356450567701,0.04079152421451679,0.008759499591719233,0.009361352259625588,-0.011270683196607123,0.008742356450567701,0.009361352259625588,0.19675438408039211,0.16987219535971343,0.2136259414551793,0.0842235768647221,0.6976875691046385,0.19535508251645362,0.008919610168795888,0.009361352259625588,0.02577987982422969,0.008766515327638308,0.08166223289197694,0.715501629309099,0.7423452762077243,0.07787250654920078,0.008760217112528362,1.1008090836750026,0.7632523569707295,0.008742356450567701,0.008742356450567701,0.7189270725399826,-0.011290152343899698,0.11073504949128832,0.6938481660574165,0.08438060016177276,0.008742356450567701,0.025789085713358334,0.009361352259625588,0.14876074970019737,0.8846712042888181,1.0065976505102912,-0.009207416626158774,0.1149281888552254,0.010070911423202517,0.008913715567031216,0.7380160249926712,0.02284193219745309,0.008759499591719233,0.008742356450567701,0.6976875691046385,0.008895851547661482,0.021329722408037183,0.008742356450567701,0.010693358342775072,0.7316796935346421,0.026404392101497143,0.693820568106883,0.05718894192881606,1.0108821754356103,0.008742356450567701,0.022462331095370047,0.008759499591719233,0.0012329253327882095,0.008742356450567701,0.715501629309099,0.739510762639954,0.008891041508877706,0.008197485743219879,0.02576254487254745,0.8348672081592761,0.008742356450567701,0.022462331095370047,0.01409494560672614,0.008753540103752566,0.008759499591719233,0.008186359658713602,0.008895851547661482,0.02593302476868445,0.16133229072231778,0.201547940628803,0.009361352259625588,0.01064790889684486,0.008742356450567701,0.012420056289855208,0.15384760257109642,0.00816660140285512,0.8201913598524992,0.9861032559687359,0.8170424246991539,1.2159874885274573,0.035166844270910325,0.009361352259625588,0.008742356450567701,0.008759499591719233,0.6938481660574165,0.008186359658713602,0.7318418248537335,0.15214308885244782,0.007180437222052513,0.715501629309099,0.008781671801273011,0.11062650887394332,0.008742356450567701,0.0012637339837970607,0.8020343717402734,0.008973792010644091,0.022679282457867073,0.9966451866894848,0.021329722408037183,0.6938481660574165,0.10911213319329083,0.010070911423202517,0.7641797009141752,0.719189814621734,0.05130760656930897,0.008759499591719233,0.6974884684199197,0.693820568106883,0.693820568106883,0.02636338783389605,0.00968929982700345,0.008759499591719233,0.7387498897192873,0.007752801710175519,0.7807418232284814,0.08808211901169577,0.013654008312666915,0.008742356450567701,0.07784044357182915,0.8954146902159463,0.008742356450567701,0.13924877842204045,0.00816660140285512,0.008759499591719233,0.07477753679400839,0.0672757204281296,0.03068915202260744,0.09416321341815373,0.7154735784589235,0.008795335123686743,0.7316796935346421,0.019677350396458265,0.008186359658713602,0.8150450998867644,0.009361352259625588,0.8305709815398064,0.008742356450567701,0.0674272473104085,0.8477125520339623,0.022505244414391654,0.08060204466308063,0.010083927221024858,0.019849331867852676,0.7213141503332561,0.0677552705457698,0.008759499591719233,0.04375249815854601,0.008759499591719233,0.10107534856552111,0.008759499591719233,0.10091429900917183,1.2024140979098092,0.019677350396458265,0.719189814621734,0.7367604738935216,0.008742356450567701,0.055073909529127274,0.009361352259625588,0.7316796935346421,0.6938481660574165,0.021221478515228764,0.008742356450567701,0.008745861889383477,0.008742356450567701,0.009058791136895783,0.008742356450567701,0.020972841020302585,-0.011075074494477644,0.6938481660574165,0.032403181231931685,0.04373777077394833,0.16963362494964349,0.07756868987164736,0.008742356450567701,0.008742356450567701,1.0068794058529318,0.11745373430341513,0.02577987982422969,0.8612866527858568,0.1799676683948634,0.008742356450567701,0.25016385384403034,0.8178332851483684,0.008913715567031216,0.06885254856652775,0.01418826611743429,0.008742356450567701,0.008759499591719233,0.012354303362489105,0.008795335123686743,0.7778977477530794,0.8734548223597604,0.027357986884261193,0.009361352259625588,0.008742356450567701,0.6974884684199197,1.0793166292644572,0.008742356450567701,0.008742356450567701,0.09457382566929215,-0.011270683196607123,0.09555565817612026,0.02576254487254745,0.6938481660574165,0.008742356450567701,0.0779899170534527,0.020868413936856872,0.008742356450567701,0.12055992870678375,0.6938216195466922,0.010094025064112694,0.02577987982422969,0.008186359658713602,0.8693170752442088,0.826406531787356,-0.011075074494477644,0.025791180477653386,0.008781671801273011,0.761320945371564,0.009351065139157427,0.6938481660574165,0.1948825887266229,0.023762075779666714,0.7325986565507809,0.021117522031529723,0.019677350396458265,0.7625132992451251,0.08631792448138781,0.00936407539378123,0.826406531787356,0.9627341412130921,0.02576254487254745,0.02576254487254745,0.008819990793501847,0.01312968942930845,0.02576254487254745,0.008742356450567701,0.6948148113627097,0.6957097942154886,0.08830835758406445,1.0730776255611982,0.7336318179075565,0.02848632363268061,0.06424627695114049,0.18382331052176953,0.8685673416265987,0.10169867677119726,0.09549867056423134,0.008742356450567701,0.8280932826455398,0.14868477736696128,0.00922776347867249,0.7462120701964148,0.09645223243589839,0.034125112587337664,0.008742356450567701,0.11813289751124806,0.12074441571774336,0.07785888999358156,0.008742356450567701,0.04558968744883121,0.8889633985969062,0.08362481067020636,0.06956203007250036,0.008186359658713602,0.011257636845266178,0.024803103933718124,0.01956148029595678,0.008895851547661482,0.826406531787356,0.6938481660574165,0.008742356450567701
chr5:151687054:151687055:NM_001309443:SPARC,0.28140159699051437,0.06251978051497833,0.18724483592765664,0.007157858495506014,0.07938883086949548,0.13026399161165758,0.04002725768491083,0.15733111907839734,0.06382417201858903,0.1772654098932286,0.3879077197455767,0.05044730912539708,0.2252933485324934,0.3063573687987019,0.0025696525930304914,0.1463465604992224,0.007157858495506014,0.15628923291197744,0.34487221702397186,0.24041389382379014,0.00556972610754336,0.2583705129501332,0.0036490162206832266,0.20930512800639256,0.213523353113953,0.3199435464692415,0.002486025409485476,0.14648237429586713,0.18636912492570334,0.1511395971521069,0.027717277141165383,0.4936342125305704,0.22240441445924722,0.11529933692071222,0.2608790385372296,0.3415876603067248,0.00155792217227127,0.002486025409485476,0.21695811609876575,0.237968703730566,0.0025696525930304914,0.025585479946890977,0.2942283191967712,0.5281769091442305,0.2930370238842784,0.01100620365420013,0.00155792217227127,0.5270756552840377,0.0037810659124931922,0.11418316783118564,0.06404560064409642,0.0283525828602684,0.3879077197455767,0.14405640611226359,0.0026069519812120245,0.09306962106797788,0.07358722030965745,0.2127399274198412,0.12317764433506859,0.025559786529076062,0.06401806600188298,0.10537182024358574,0.12665881629107612,0.07695405590463221,0.2892791497330982,0.0032819221530075438,0.0016413133438989425,0.025026376767121244,0.08009508399782328,0.0872739302291403,0.0037506554594508024,0.08683672568915103,0.21359226219299465,0.016476795995599453,0.07650803075968098,0.10980818469111688,0.12317764433506859,0.0028317284703655576,0.12294753585796975,0.213523353113953,0.002486025409485476,0.0015723700339638769,0.05978017934025809,0.3802537515645376,0.09475893470313966,0.0025961991562458153,0.0022233752195710277,0.19133477228372517,0.0015833298622889846,0.1323094110554071,0.016678128241705864,0.17307610262785175,0.2106084226058607,0.00182450822615432,0.3487807935008926,0.092053254793172,0.11779584705460558,0.5855296279958944,0.008796367517806908,0.001669044811420134,0.08686586348666522,0.16453893386606733,0.029589146413610712,0.0022233752195710277,0.2877368281971588,0.23111246511056027,0.003125066881973365,0.2677757543991397,0.13231149453149205,0.00155792217227127,0.11974592551706369,0.00556972610754336,0.0025696525930304914,0.01649200028698422,0.04972445801210759,0.0026884282224405864,0.4732068519061378,0.3496956166496754,0.002306933808466305,0.14944794580705345,0.0016413133438989425,0.0025961991562458153,0.2316538565534423,0.0022233752195710277,0.14539232470321578,0.28016570070659147,0.001741421289798678,0.2105900874393588,0.034839872531558846,0.028346662657246308,0.0002531099212707555,0.002486025409485476,0.11616708227202721,0.028747307012760542,0.025559786529076062,0.21353665075031897,0.21353665075031897,0.39196710041196803,0.3483008681859132,0.0022233752195710277,0.19296595716393994,0.06574091549236064,0.003474333368272242,0.008106040876625031,0.3427166810481649,0.00155792217227127,0.00155792217227127,0.19967364218381548,0.002259194634400552,0.19020909279300655,0.00155792217227127,0.00190310419123782,0.03147893937770392,0.0881268497142956,0.21828075916753537,0.0022130790721550664,0.09589836216362504,0.0016704711074358447,0.21285608358852962,0.002306933808466305,0.0022233752195710277,0.0017103406780633046,0.0026113900677539326,0.002306933808466305,0.00155792217227127,0.0958748941085388,0.13756079131980822,0.2574903262787157,0.21285608358852962,0.07348023368663298,0.1496346865246129,0.08722401663192476,0.017241177084153875,0.00155792217227127,0.04316048755228344,0.0025696525930304914,0.008283941378098875,0.002486025409485476,0.11413277370966265,0.2655216183614003,0.21943530693134639,0.002306933808466305,0.045619147872934473,0.0476402125702835,0.231167441566851,0.00155792217227127,0.04231728349128795,0.013366495320857263,0.013450352523253217,0.00155792217227127,0.005689517179371495,0.0025209672551007867,0.002244088029357161,0.0015833298622889846,0.029353863647453057,0.23689967839298573,0.3118028473868306,0.01677348551075225,0.161586085092701,0.07372707143324309,0.292154938303685,0.00155792217227127,0.00970189517726433,0.1508918351914807,0.0437286090916896,0.001584368342746112,0.2662712624156597,0.11620211436740065,0.0017911999016988478,0.1588395248632587,0.0035577414893574466,0.33025041952285616,0.033387933113639384,0.2128573736912845,0.0015833298622889846,0.00190310419123782,0.024565033743796927,0.0016704711074358447,0.028148223117558838,0.03608462953245789,0.09239142886755969,0.1044006375115036,0.13618769413619447,0.3341427378376122,0.22708084954462704,0.002249888866849098,0.21077294227803023,0.04416275026198306,0.0797016463842003,0.023306125608364203,0.00155792217227127,0.0029829054839065894,0.0016677647401867335,0.006457201807087004,0.0021408234461258446,0.14528645951474076,0.21949609260346808,0.00155792217227127,0.03127869996571356,0.2127399274198412,0.0025696525930304914,0.002306933808466305,0.05857902774276906,0.34016469961771695,0.00155792217227127,0.002306933808466305,0.2822579607326591,0.0015833298622889846,0.0025696525930304914,0.4701040471796092,0.06355100517436238,0.010172931490186998,0.0015695565405406675,0.002333452718225437,0.08447837589994217,0.022733640021393303,0.00155792217227127,0.0025696525930304914,0.03877466297984769,0.00155792217227127,0.00155792217227127,0.29652274770522885,0.5173840705707399,0.0022233752195710277,0.00155792217227127,0.0869986580089865,0.0017072913292621172,0.21518961157398325,0.4847899107351797,0.12347604256884884,0.03701110888234277,0.19690399862830865,0.005406780435450148,0.2460482949305997,0.12445760164890837,0.017567561703589224,0.0015833298622889846,0.18450814912322894,0.03720410938313112,0.0017952032251095096,0.014073294987459267,0.04059664571126961,0.2128573736912845,0.00155792217227127,0.04435703668963632,0.14543853539810958,0.240637070940393,0.0015833298622889846,0.15303658098770673,0.015646213008676996,0.14159558327740468,0.06633633011145133,0.14669965919607564,0.00155792217227127,0.009966549397240176,0.033423696074840276,0.14252651270372887,0.05863669051542354,0.0022233752195710277,0.00155792217227127
chr5:154190734:154190735:NM_198321:GALNT10,0.21366406156420278,0.21369215812593406,0.39499086535292427,0.20064784036472533,0.2646493579204933,0.4431933158647429,0.1541267438838942,0.14324300497711695,0.23466659123653436,0.2015491210653742,0.009696179295386104,0.16129132433353857,0.1420666611832448,0.20099587592421245,0.09857350556214939,0.14324300497711695,0.19930975561888292,0.17678575400702629,0.20590729754954634,0.21958185630175087,0.12746490677061137,0.2138886635341974,-0.0002167748579923745,0.03078892825732854,0.009470455504014035,0.21085297118104576,0.009470455504014035,0.019743119837958095,0.21085297118104576,0.27106095963733967,0.20765848673692963,0.509629403024648,0.4410119391612081,0.03128978281198855,0.22574508896572362,0.025279252462215875,0.018544340257434122,0.009470455504014035,0.01853038007481883,0.4176265170870006,0.009470455504014035,0.009470455504014035,0.14229748352250646,0.021965263816716873,0.24721361273092757,0.025697386884778774,0.1526238635363254,0.2695797074627744,0.012992908456817866,0.2349271321916984,0.3729582354278411,-0.0002167748579923745,0.03056605680145573,0.16347824495213867,0.4752840800556678,0.359054155648177,0.026921105000454828,0.009470455504014035,0.19922572968296715,0.00770995783711502,0.37242294562089684,-0.0002167748579923745,0.011331842270308673,0.028463206714556016,0.45913942745178793,0.04877968471047915,-0.0002167748579923745,0.04020074585399191,0.016263144658694578,0.04809203511026938,0.0019458287145170672,0.03184168087073705,0.009470455504014035,0.2854155473666006,0.17620457467868694,0.20894979145910264,0.19922572968296715,0.20979662828128792,0.009470455504014035,0.09864272732209292,0.009470455504014035,0.0023525822318980205,0.010501944727845304,0.023389433570929125,0.01852330738999025,0.009460799630368541,0.009470455504014035,0.5432162554956863,0.1526238635363254,0.009485888833858036,-0.0002167748579923745,0.009750092190637966,0.14464882175719546,0.009470455504014035,0.011331842270308673,0.009470455504014035,0.13128463780938618,0.39515905947331675,0.09857350556214939,0.13112068130179605,0.3729571518526377,0.06229004545630626,0.3764508177379071,0.12186063395599234,0.00770995783711502,0.22050755066779856,0.059153528132599054,0.459138399165886,-0.00020299664501211012,0.1526238635363254,0.15416966061652335,0.13294984011076436,0.009470455504014035,0.11375366912927085,0.009470455504014035,0.2407223779475577,0.4659321564089837,0.009470455504014035,0.009470455504014035,0.07243089154884899,-0.0002167748579923745,0.009470455504014035,0.4153829041895678,0.009470455504014035,0.04809203511026938,0.419956618123915,-0.0001094737194228812,0.009470455504014035,0.04115949409727215,-0.00020299664501211012,0.23420683404476159,0.009470455504014035,0.03018211633376844,-0.00014007933256929284,0.009470455504014035,0.08339200521228213,0.08339200521228213,0.04626023257157434,0.0164158298577656,0.009470455504014035,0.03755288705944887,0.06703073315172123,0.009376515595372309,0.005715660685517265,0.049076279142485385,0.0011247593300658665,-0.0002051099209419427,0.018518518470264644,-0.00020299664501211012,0.008187359584206633,0.008896977155814716,-0.0002167748579923745,0.09858785411005702,0.01976817801773975,0.04442449721502986,0.019810481236178568,-0.00020003688091271843,0.007698738122700888,0.009470455504014035,0.009470455504014035,0.009470455504014035,0.04885529020552132,0.1526238635363254,0.00770995783711502,0.15260881769965867,-0.00019822325107884953,0.02747057396075101,0.2890994816596254,0.009470455504014035,0.02871538393959297,0.4353021537865933,0.16929905935049033,0.19206366535053043,-0.0002167748579923745,0.0405069762826979,0.009470455504014035,0.19141022157616133,0.009470455504014035,-0.00045077788822295295,0.010236412442894506,0.12186589722793226,0.009470455504014035,0.1412472187450985,0.19863880044536836,0.0008760111274528845,0.1526238635363254,0.09268802453256603,0.009468685034979767,0.1131664983815667,0.1526238635363254,0.15407423532211045,0.009470455504014035,0.009470455504014035,0.14152165032641148,0.009470455504014035,0.04896098178618291,-0.009213596994459727,0.0010513262912181798,0.1247649635369539,0.16719850016908466,0.03433198278856202,0.3728803587591496,0.14248170364424848,0.21422566423838277,0.09822332327753222,0.009470455504014035,0.055499395513013,0.014211170848640625,0.18332948707025434,0.4214801285982793,0.02802650568411664,0.011331842270308673,-0.00014007933256929284,0.28315412378434035,0.3728803587591496,-0.0002167748579923745,0.12494088119542382,0.007698738122700888,0.17825620232946693,0.16663042389856436,0.16173029286331025,-0.00020299664501211012,0.05904823036414844,0.06863347795955119,0.39564374526322266,-0.0002167748579923745,0.009470455504014035,0.0982091512114586,0.20979349579502637,0.16597242606708787,-0.0002167748579923745,0.01560447768381764,0.0007720472886316165,0.052776331926206926,0.015142568945830603,0.15418487044171922,0.5088222103725519,-0.0002167748579923745,0.12187592952166046,0.009470455504014035,0.009470455504014035,0.010050529994523806,0.009470455504014035,0.04896098178618291,0.009470455504014035,0.009470455504014035,0.1460962475992807,0.1526238635363254,0.009470455504014035,0.1668014529587656,0.015852607299337074,-0.00019756649484406474,0.039539758133422115,0.009470455504014035,0.009470455504014035,0.06374500110895909,0.008577629256155628,0.009470455504014035,0.01083485139530515,-0.0002167748579923745,-0.0002167748579923745,0.011377380606024057,0.24844471382322292,0.09857350556214939,0.008591500862911466,-0.002185898078720494,0.0007483524862458568,0.4755700427379977,0.465062049869281,0.28791503277800545,0.12197314574833237,0.37284553817092625,0.008602300274200059,0.009470455504014035,0.03935454691108426,0.1925665845305259,0.1526238635363254,0.02665672736008473,0.038191778453416814,0.01855021108199273,0.19206017053789004,0.025490496408462408,0.28315412378434035,-0.0002167748579923745,-0.0005408246332691269,0.05898140035672614,0.018929879422222184,0.3728803587591496,-0.00026236227109899257,0.02737750942885847,0.15255325936300848,0.008577629256155628,0.027490380200499966,0.03760280860295162,0.1008668821520787,0.12182935902397052,0.010059233426763958,0.009359971335402728,0.010703547111538737,-0.0002167748579923745
chr5:172454523:172454524:NM_001308175:SH3PXD2B,0.1958516775464792,0.20270554608998706,0.05897181818435254,0.0035590386560728215,0.08024449201426381,0.14447439921826546,0.14033360630883232,0.08200790635533861,0.1497187060598562,0.12583838233213065,0.422330879265726,0.016915122863277177,0.12424788640194492,0.1964276646888469,0.05709735064777599,0.06857161302513567,0.016448839412508687,0.6237365048994863,0.24652405890776305,0.08026407585876877,0.09036570082210305,0.09057025622427922,0.003576810836793176,0.09184927380925503,0.48439573673915554,0.08202736367127395,0.057094959728819214,0.0036768566369294597,0.0819222644172351,0.06548309941966626,0.23447429330169345,0.39976810022964143,0.15177555921701583,0.03412674261581378,0.18629809438166364,0.07786574445716538,0.003671427814096573,0.003576810836793176,0.0037802648598029287,0.06036407116673215,0.05709735064777599,0.22734764893856868,0.1523420132088582,0.0035590386560728215,0.292740565236697,0.2612108943297238,0.003671427814096573,0.060686093130598584,0.005819477031155984,0.1378588450410334,0.16715642356933758,0.002423501810698392,0.4223026306162116,0.06860410635923361,0.05709735064777599,0.0035660651754160777,0.09837551576933251,0.05709735064777599,0.5007606348702496,0.05713997671506446,0.11011412461440537,0.06702115323609611,0.11035237285558941,0.00821815934981196,0.38916256022722595,0.058885255259583935,0.003576810836793176,0.08165916325226946,0.11231875096635299,0.018230643383412404,0.003584435371905337,0.13576116525017196,0.19373476296639305,0.5007175617940438,0.07872056660325727,0.09694281911021277,0.5862918169829714,0.08851523621427398,0.2102455559093713,0.48439573673915554,0.05709735064777599,0.003576810836793176,0.08246604558339732,0.06574299925503645,0.003576810836793176,0.06361704007455496,0.003576810836793176,0.49382663203103633,0.003671427814096573,0.060434964685374126,0.003576810836793176,0.003576810836793176,0.01265299402530512,0.0035775062230450905,0.1336810331408685,0.2779231521591488,0.08085338360064587,0.1561600506092088,0.17962732929054212,0.0026938429856206425,0.08208212995755598,0.15686815777106486,0.3149299560018645,0.003667447101821264,0.05923645038369542,0.29425310309426456,0.060350800431241525,0.15622329011700306,0.06038942783199314,0.08203841365868564,-0.008506188671679127,0.0778394302243367,0.11304638973155275,0.003576810836793176,-0.009684424331127095,0.22156369708311385,0.14669639273219703,0.05709735064777599,0.06947130038371763,0.2174122503464926,0.003979799675767892,0.05709735064777599,0.125390921432672,0.05709735064777599,0.15686815777106486,0.30675994530589534,0.003576810836793176,0.05709735064777599,0.2169796529514933,0.08202736367127395,0.3402985319145117,0.05709735064777599,0.14700496473328462,0.08203841365868564,0.05709735064777599,0.19509548436872098,0.19509548436872098,0.011521752860058188,0.08198967608507374,0.05709735064777599,0.1626083701030188,0.07617033173693499,0.02628449414013423,0.005847035024224068,0.0057075315627665435,0.003576810836793176,0.003576810836793176,0.15182141539997399,0.003576810836793176,0.126681656606843,0.05709735064777599,0.05709735064777599,0.07798208760738429,0.005721302204644285,0.25406966948114995,0.22369539617052997,0.003576810836793176,0.1674197848186947,0.05709735064777599,0.003576810836793176,0.05709735064777599,0.17974017898642058,0.003671427814096573,0.004263081609212627,0.003671427814096573,0.003577928759699034,0.1959440502109439,0.2836967289975766,0.05709735064777599,0.13954671895125814,0.15166926265217204,0.08584815970007009,0.005862822890369268,0.05709735064777599,0.19774076455619033,0.003576810836793176,0.010962559583283293,0.003576810836793176,0.12044953227857641,0.22981968058859112,0.01265299402530512,0.11304638973155275,0.07242830469812855,0.06847068679782045,0.15167714355778386,0.0037117543427779287,0.01265299402530512,-0.00965520755255228,0.20916870056943615,0.003671427814096573,0.08080029600566957,0.05709735064777599,0.003576810836793176,0.08203841365868564,0.003671427814096573,0.0057075315627665435,0.003576810836793176,0.0035867926864657784,0.23424006130929573,0.12104843149841948,0.07008159383712842,0.08208212995755598,0.023715119524574335,0.27847745464852125,0.3015267199483198,0.05709735064777599,0.06434937131720045,0.1429258894893895,0.008061668573938363,0.1413018629658917,0.27027996606913474,0.13613302642217734,0.16795861962888364,0.0663248299440494,0.003701012138477955,0.003576810836793176,0.08758249013974925,0.1674197848186947,0.1295493067942205,0.16140699221571803,0.08089685563925642,0.15056926856323358,0.19833946347945625,0.1500273283513348,0.295265694037845,0.002423501810698392,0.003576810836793176,0.09211467695672787,0.08069436239974448,0.28359286455520194,0.003576810836793176,0.058885255259583935,0.003576810836793176,0.11529356811857845,0.0027334004880383844,0.003580836199852111,0.14906594564947726,0.0820813465342729,0.002751486270932857,0.05709735064777599,0.05560737151411557,0.11302325839340793,0.05327504758559544,0.0057075315627665435,0.0035590386560728215,0.06947130038371763,0.5996250238807255,0.003671427814096573,0.05709735064777599,0.1159304161432248,0.08089685563925642,0.2080203543051207,0.005652905137613129,0.003576810836793176,0.16739640248076876,0.22213994159879374,0.2493450960677379,0.11304638973155275,0.052675147697391025,0.003576810836793176,0.003576810836793176,0.1079716189613753,0.17752209247806758,0.003576810836793176,0.003671427814096573,0.19509548436872098,0.08522894984803325,0.07888872707805737,0.6589474101683324,0.18248142795482902,0.14029373152943528,0.09168073901350066,0.23848047226043145,0.06484798113761725,0.1565088252304036,0.005779924456092045,0.003671427814096573,0.1767741729055824,0.10016859825768853,0.07180181701543464,0.33971920023609725,0.2573094189071211,0.07413195140298817,0.003576810836793176,0.30163866505189285,0.005816140894243427,0.21940789927119922,0.08203841365868564,0.09635610185172158,0.006022406733753982,0.08026407585876877,0.08208757860644722,0.003576810836793176,0.14012509070156673,0.059427965111571,0.058028078221396995,0.11035237285558941,0.11304638973155275,0.003561724919475262,-0.008494369310022287
chr5:172834219:172834220:NM_001031711:ERGIC1,0.1118570346460856,0.28690585648851463,0.0341271403249892,0.27758835171166507,0.06974808663418791,0.24470204285295824,0.2504246050317954,0.029887639760960233,0.22034009140854177,0.22307639674825075,0.07673122846865663,0.5861681237554571,0.0452826984642295,0.07529503441009336,0.17828686600841237,0.06406856741245345,0.08992747858708436,0.3169343013685918,0.3965276761437834,0.06108079655877466,0.010432667709277504,0.2775857976627353,0.01698922604460984,0.3888567054779935,0.180874965243997,0.07315830819156174,0.17828686600841237,0.037754433303183066,0.08074211285381705,0.06927393777665475,0.08253303101869822,0.23459119452292793,0.0505014309276087,-0.0017502187504901956,0.32574202110023703,0.4223919068944872,0.03161236023552666,0.180874965243997,0.02758464185404519,0.5055209656967458,0.180874965243997,0.17741330284037207,0.07898139575107543,0.15473106381564178,0.19684349715455027,0.16861187162753305,0.028683342360462688,0.06793718741003701,-0.0006740876185175326,0.08839876776312769,0.04523116018674486,0.17839511534004548,0.07621442126315461,0.09256403650927497,0.20931467975186585,0.054111524704813646,0.16758526792180917,0.17947159420914088,0.3747944691565455,0.18404260599567848,0.038347686706626194,0.06960149153726025,-0.02822232136178099,0.015361470910315866,0.11248823298336497,0.000330622566343447,0.0010355261895458323,0.008027692548606968,0.07583448654879829,0.06791365017969028,0.007276389772122888,0.03250144141425379,0.17990530139176658,0.18390930652098794,0.06800159555837085,0.21838824228871798,0.3748394425484555,0.023499078053058287,0.1580087149379419,0.180874965243997,0.17970277469498236,0.0011649545722054733,0.17413329426552182,0.16783548034899218,0.013704760785940046,0.17833397745704133,0.001670328458256487,0.33889427951887036,0.002524309790025714,0.16136707588175564,0.019149476687639055,0.01205355762106175,0.0010355261895458323,0.0019449862094283177,-0.02848268323946307,0.1870859820110507,0.04325021778888513,0.5247051478729576,0.013850275146394725,0.010385668064910036,0.06411659482619966,0.07486038428827163,0.04822783603113687,0.0008393038178685641,0.22232044799428288,0.24484275830982583,0.07748429768932921,0.3337172968289436,0.18425232405625344,0.003650260599754568,0.27803735576194566,0.009271854431663507,0.18280743653257192,0.034517449429246755,-0.0021043828622256955,0.08008038389793906,0.24405069045298777,0.18421726099741306,0.18087907419078764,0.07254684857142094,0.17246349251169216,0.17973797718060844,0.24444056363171807,0.0010355261895458323,0.06882001207788441,0.30700234744567795,0.0010355261895458323,0.16004236387081214,0.01835842047997327,-0.0016800088062590146,0.19689680967151238,0.18544379929245436,-0.0009558703787725942,0.011478957933651113,0.17947159420914088,0.17958213324849837,0.17958213324849837,0.001541560834319916,0.20762884085994873,0.0006168788870243302,0.14098061377678106,0.19978639986903735,-0.0022484301010872454,0.002715655598035105,0.010928115524765386,0.01257290428058555,0.015735939649516473,0.21511033571574792,0.0011830973367253361,0.12614161366368204,0.1810082531160916,0.0006168788870243302,0.04857886565761457,0.0005462121572467615,0.043124372448840875,0.004221147431745953,0.0014186675492869338,0.0010355261895458323,0.17843034245441702,0.0016159609969788047,0.001670328458256487,0.0005662133546489589,0.08321840383824661,0.17947159420914088,0.0650303734773861,0.17839511534004548,0.18808990126715444,0.2510100527022879,0.18427087912505796,0.2284080155799312,0.061774196262957465,0.3077846202888226,0.04248555477427726,0.0010355261895458323,0.11205381470968037,-1.771506749043139e-05,0.05051897556801535,0.180874965243997,0.04165823980717148,0.2135125029293037,-1.4136715686952073e-05,0.17838942798728294,0.24334737167157441,0.018016945613057028,0.20247968897710453,0.0648041936806883,0.000330622566343447,-0.0026595197875008136,-0.026155206266477937,0.01570473500470171,0.00921022386111886,0.0010355261895458323,0.0010355261895458323,0.01581999301405329,0.17149204917052982,0.014021716238723642,0.3845185603464601,0.04663621254936129,0.07839513412011193,0.17768151410011063,0.291094622666068,0.05011732590975293,0.0007982739623329793,0.40094812276542074,0.020436760594825604,0.17828686600841237,-0.03230092161539361,-0.01581970576309888,-0.002208657745226522,0.4581659547077572,0.178260498246272,0.19509007395214595,0.006782766687348868,0.17878400205149714,0.08214552160325064,0.17828686600841237,0.011068475266726024,0.0010355261895458323,0.01803061593531846,0.03176133304426387,0.0833723333006694,0.004661678341664394,0.05522487028316089,0.23233265937995756,0.30876558495283457,0.0010355261895458323,0.0038828263196474255,0.020902139231457895,0.005912203179587072,0.29810008141730504,0.0010355261895458323,0.005709485951591486,0.17969167522422708,0.0049836044655324485,0.0425324616196994,0.030710354121151806,0.1059104374787058,0.1334838184120764,0.03696791898868532,0.0010355261895458323,0.19899586178113793,0.17828686600841237,0.18410937519728537,0.016477253226513833,0.00046000473979390666,0.17960483858404852,0.6324684495177397,0.017373679717016616,0.18406459587994023,0.22391969912840634,0.004541389820831798,0.19347058284867175,0.00028059395986557156,0.0006260822916413777,0.1584170316103482,0.31035438625396794,0.035923357279167595,0.18544379929245436,0.1761902906534799,0.023489396804741824,0.023489396804741824,0.07797135869236693,0.2833477821518615,0.17828686600841237,0.015468345326847738,0.18230252036720487,0.0013294451570349808,0.3115106535212061,0.4748350710947399,0.2271757449644867,0.011845084708193898,0.0672764697998369,0.014947243905113233,0.19061469605851644,0.17893190624436892,0.0008690473906253493,0.017660311160742515,0.051508606089996106,0.1600778770076213,0.04362726203240408,0.19439000515075927,0.21979430380628615,0.18703830897223303,0.0010355261895458323,0.017267556358443847,0.003319947581035765,0.22807533655567322,0.02970754925890695,0.3943436511744737,0.000330622566343447,0.24404239250726287,0.0334092552628269,0.17521898609379988,0.029139773373265926,-0.0013786452861540566,0.008820521119792035,0.06058922135747216,0.1811647191326985,0.1888060551749461,0.00108108336689966
chr5:173888327:173888328:NM_001308191:CPEB4,-0.012339146791888574,0.3318812880715406,0.09725682945276057,0.013985553189067246,0.3545699914396745,0.409377687105537,-0.008384701210228336,0.326157597720085,0.41003665368472714,0.06759709053174737,0.05002082123618143,0.03670399889310222,0.008921922517878655,0.017394679198404456,0.011221052607253285,0.32616899500896734,0.022331111502953242,0.47091178247713805,0.011001504973278925,0.04397202289477836,0.11141815984450679,0.4298225085942644,0.05474374368126253,-0.009326713605507624,-0.009998267704831063,0.04397202289477836,0.006845249412708698,0.007851793243011912,0.0933808846558366,0.4073094168771011,0.04324353900728484,0.6720628851764745,0.09260106331294027,0.32640287956152814,0.4298225085942644,0.523276392632455,0.0069315974222051435,-0.007782833295128279,0.36032277016163594,0.04652706313987601,-0.009998267704831063,-0.15510624577142434,0.08260863818304556,0.007851793243011912,0.051164540144827936,-0.004426975994012598,0.0069315974222051435,0.012289036396323477,0.04229912100936581,0.03743886392171142,0.0074645724290471616,-0.009131685463503372,0.05002082123618143,0.007126465390978165,-0.009984000449524945,0.059985462834051234,-0.008877169271165379,0.006866246115353691,0.044892670221878234,-0.10803581696105784,0.03848828946530761,0.009619779422637725,0.09548091939412595,-0.010351494999134604,0.5276794683405326,-0.007621384922992025,0.006845249412708698,0.32629683499392603,0.09591800111221785,0.022915801054703117,0.04229912100936581,0.3362541073190255,-0.009984000449524945,0.055580632023088966,-0.003320709625456608,0.02852499068001632,0.044892670221878234,0.029511170862365495,0.020626238283508513,-0.010000225106843206,0.006845249412708698,0.08413732865411899,0.006845249412708698,-0.05287485839468542,0.34074432124259535,-0.009998267704831063,-0.009998267704831063,0.2051882918300589,0.0069315974222051435,0.0443941697928209,0.05331363415722176,0.34066089167137403,0.006845118833577163,-0.009998267704831063,0.01230668168876059,0.00904002832735637,0.05642169234538266,0.7232745710764705,0.006845249412708698,0.03581054571665679,0.01243934096005736,0.022915801054703117,0.14562425177752714,0.006866246115353691,-0.009905300985627603,0.08700107724342243,0.20420886906713848,0.7226723328874669,0.030592068100495633,0.008113673675725575,0.5199752692591753,0.05143489304401741,-0.010800199233958772,0.01893497302633035,-0.008514418224192927,0.13628802446634417,0.04385560204952669,-0.006695912729421209,-0.0099981569606356,0.047114110873290094,0.006845249412708698,-0.009998267704831063,0.05752532351255568,-0.0067533445477297935,0.022915801054703117,0.0757500616905574,0.03245935142677109,0.006866246115353691,0.10202456966728202,0.006912123030024031,-0.0005113870134160516,-0.00485051106145197,0.10934278006989442,0.01626438365979041,-0.009998267704831063,-0.009998267704831063,-0.009998267704831063,0.015607363357250902,0.018132544758730523,0.006845249412708698,-0.005909321743844266,-0.009984000449524945,-0.006746859241624187,0.11315557974450127,0.3623178723914878,0.019350875156282088,0.007133692315983292,0.04449542688510533,0.006854236082336346,0.15558323284712677,-0.009998267704831063,0.006845249412708698,0.32616899500896734,0.007853637439929617,0.02852588902984604,0.14562425177752714,-0.007782833295128279,0.012605095536267652,-0.007782833295128279,-0.00776024413681178,-0.007782833295128279,0.11539517656426806,0.008116897740813145,-0.10985050302245278,0.0069315974222051435,0.006888902284056253,0.019455364923264967,0.017396293358438984,0.018195780738394923,0.033590973395730306,-0.009998267704831063,0.052878154568132774,0.18083817180510767,0.006845249412708698,0.0472512732187261,0.006845249412708698,0.10103404078011985,0.006845249412708698,0.05620990088302834,0.013519533239724907,-0.009998267704831063,-0.11956808863804677,0.024252769391507868,0.05582327215688268,-0.10647356040205298,0.0069315974222051435,-0.009973156977385749,0.03724248052945941,0.02557047781805641,0.0069315974222051435,0.05169543133491469,0.006845249412708698,0.006845249412708698,0.007918698931266427,0.3437193530960685,0.34285242875144206,-0.11928723984130399,0.06295087421540152,0.3571524865650423,0.015943167828856547,0.5448663383491035,0.012835292096627177,0.006845249412708698,0.11544694199637215,0.07722614656282009,0.006845249412708698,2.4674569003683283e-05,0.048584792634713186,0.006845249412708698,0.039341985896022336,-0.0006714520991741926,0.10515096078545486,0.04174746124208917,-0.007782833295128279,0.00798740041896634,0.006845249412708698,0.0673981733383407,0.012605095536267652,0.10074773716991633,0.06430968221267588,0.15799614545941423,0.012953170812913223,0.006866246115353691,0.039713630724277596,0.11003713042130339,-0.007782833295128279,0.003848859935102887,0.0389583039760141,0.007874329440042432,0.02601110873014653,0.006845249412708698,-0.009977844631820103,-0.009998267704831063,0.02447170262414286,0.0607369236915718,0.05079086459246537,0.03696306283557977,0.008305135254364021,0.04691928335558418,0.006845249412708698,-0.009998267704831063,-0.11956808863804677,-0.0032849353014866994,0.34261666412893554,-0.009998267704831063,-0.009983889714629324,-0.17807903261523966,0.007019438788138849,-0.006695912729421209,0.0017091984430235574,0.057789186303881274,0.0074631002691533666,0.035631966059934794,0.006845249412708698,-0.00990782644087139,0.01326047146412021,0.11804344528586802,-0.006695912729421209,-0.10801682713397108,0.0484156320563201,0.0484156320563201,0.10480706350085753,0.015537260229047164,0.06618148623190773,0.006845249412708698,0.012888688786672181,0.013248055052189261,-0.011999046478531877,-0.11902708507444032,0.03811906730130393,0.44720365159168707,0.008286634730435088,0.007868055996468393,-0.11950790439102313,0.04652090891044269,0.0702101552409791,0.007918698931266427,0.04637828492300841,0.05386504627995389,0.007292063931055637,-0.0043445684451229975,0.3764734446602569,-0.007689913771777447,0.006845249412708698,0.03894305986550223,0.40727545957673306,0.02179840178941314,0.008204905715583272,-0.006991159496004724,0.007214235761040161,0.06174458590194834,0.0070238554818989885,-0.15509620974723629,0.03881785245958158,0.057587219147687524,0.035922426671947755,0.09591800111221785,-0.006694127632024021,-0.10803201656977997,0.015850628298323538
chr6:12290295:12290296:NM_001168319:EDN1,0.4488984488322597,0.4623778394957113,0.6780718829307606,0.004508971132621664,0.35520454452295736,0.4580228253874128,0.004527781650090969,0.5135381219509467,0.24368142138167032,0.2033736973319556,0.2629519218052866,0.17516310254310694,0.5421363492800902,0.4488891344883027,0.004508971132621664,0.1766825590797677,0.07695552326832555,0.6939501464740858,0.1217667295450705,0.2149108640025034,0.006262134002725253,0.715814310564745,0.16332090071592467,0.07758649315361685,0.004508971132621664,0.2220043307971513,0.03328017944909494,0.3382333460291128,0.21434165921164283,0.6553570826442195,0.5428835274522124,0.403928506260846,0.6780718829307606,0.2978324473810449,0.7151301606316093,0.3355218766760175,0.18778599711540267,0.004508971132621664,0.3403058506438812,0.1410824216486837,0.004508971132621664,0.004508971132621664,0.22771867300996634,0.007472012012882459,0.46642244948052136,0.0820334799234138,0.013277317574735173,0.14702509618768395,0.11692945077149279,0.36594394346383763,0.2675727135982767,0.004508971132621664,0.2629622554744493,0.28351992466725084,0.14613731879499967,0.019626182690842292,0.01595817309129017,0.004508971132621664,0.2848006864435404,0.0044407658496343205,0.22828334013365417,0.17726946572371488,0.004508971132621664,0.12816492098401688,1.051651839732668,0.3486641508353013,0.004508971132621664,0.2705262710638904,0.004508971132621664,0.22882681200939547,0.004508971132621664,0.44322594816435124,0.1328134709691472,0.004508971132621664,0.2820104926135349,0.1272953680325846,0.36579114251254446,0.05401213252154481,0.13603881529171716,0.004508971132621664,0.004508971132621664,0.003987067989774565,0.004508971132621664,0.14403829235486848,0.3111788557331659,0.03328017944909494,0.004508971132621664,0.2538285872626837,0.2503096573984501,0.03176187833339351,0.15756414634966748,0.3099330555807407,0.1350065950406968,0.07217596088223781,0.004507730883609465,0.004508971132621664,0.1171875035796134,0.7811361382399918,0.24914950071643321,0.013578164910535866,0.2761166299302873,0.23159028964977757,0.26823681273176575,0.13437925921397972,0.34714702883648396,0.45234040611608584,0.17151205480079829,0.3849529217325695,0.023043756312149055,0.21517533436223982,0.1343687124705588,0.0004805625754811249,0.1343687124705588,0.1343687124705588,0.34478107773873656,0.03876549028764738,0.7037341872176656,0.13440219101752265,0.1343687124705588,0.1209509184466306,0.021333475854051806,0.014584881766794046,0.19531323367195194,0.004508971132621664,0.23007560682378492,0.46305471056487363,0.004508971132621664,0.004508971132621664,0.32275621230731,0.013277317574735173,0.03366417839643905,0.004508971132621664,0.225433456974561,0.06597631461876316,0.004508971132621664,0.1343687124705588,0.1343687124705588,0.13126546149466908,0.03371701243868884,0.004508971132621664,0.1343687124705588,0.13436978472524877,0.14883090597570536,0.13990359232213045,0.30959285131311765,0.005517066391018038,0.03424608528949889,0.2990143368792724,0.013277317574735173,0.2407609726826785,0.1343687124705588,0.004508971132621664,0.21011020442991732,0.2030696982131526,0.0005029651165734533,0.17085108239093022,0.004508971132621664,0.004991448444377787,0.004508971132621664,0.004508971132621664,0.004508971132621664,0.03328017944909494,0.25129578351322174,0.014584881766794046,0.01414720786042837,0.004508971132621664,0.010960256954438884,0.7171286059096099,0.004508902522316158,0.15435810423660012,0.6522962407346222,0.026417615221578823,0.08451023441369904,0.004508971132621664,0.037376800128637706,0.004508971132621664,0.18163433559703898,0.004508971132621664,0.09829515808809866,0.023002958922230657,0.1350065950406968,0.1343687124705588,0.24057067913170305,0.05440975026929865,0.1877809614259382,0.1853519941736041,0.13165241007755635,0.18403096531083543,0.03138318653296542,0.1853519941736041,0.0004664694065494371,0.17151205480079829,0.004508971132621664,0.01414720786042837,0.04627636418296478,0.3112036734092713,0.1343687124705588,0.24111120370860362,0.46365381870814837,0.015982844362892934,0.32480211869502246,0.251896611984248,0.003924218184521051,0.014046410009642941,0.008888374291951134,0.004508971132621664,0.13072241184618003,0.26231808439072696,0.0810912910847672,0.5288486488743652,0.08342601696549995,0.13331253080452482,0.08159188730484543,0.1343687124705588,0.25129578351322174,0.004508971132621664,0.0004664694065494371,0.004991448444377787,0.13284288945600903,0.015982844362892934,0.23543484389335267,0.5551763670131101,0.11713270794986316,0.3645901184207508,0.46305471056487363,0.004508971132621664,0.004534485814250665,0.025356319161198043,0.03038532074559632,0.19288932689783572,0.004508971132621664,0.348793596198294,0.004508971132621664,0.11062756005535992,0.05295399864288153,0.06182533466716951,0.025472900091158573,0.014412431069558293,0.04382705463922775,0.1343687124705588,0.014584881766794046,0.004508971132621664,0.13440219101752265,0.30883149618799355,0.004508971132621664,0.1343687124705588,0.004463906363170428,0.015456509795639638,0.13440219101752265,0.09265725786113069,0.17936770389958173,0.014320085161607612,0.004508971132621664,0.004508971132621664,0.1359448598936075,0.12259301381723675,0.1596291623027708,0.13440219101752265,0.13436979833741644,0.1343687124705588,0.1343687124705588,0.1343687124705588,0.22812916851403284,0.004508971132621664,0.1853519941736041,0.339127138905897,0.03624248620032954,0.14598448298113792,0.7117371956704206,0.09775834017973585,0.03601536542395703,0.664882179294619,0.008723949973999078,0.13440219101752265,0.07360534769345961,0.18467408745014016,0.014595358483639409,0.13696547727960712,0.0059078053533363414,0.0028647552383701466,0.07940929859663838,0.3371925110237,0.1343687124705588,0.004508971132621664,0.008942739986067469,0.08911387030501525,0.22768637789207474,0.24876858456428974,0.005131023630012832,0.004518326705877748,0.05164073715792924,-0.002765594141533323,0.3371925110237,0.09892981183784888,0.12427916724075454,0.0737635189281532,0.004507730883609465,0.13440219101752265,0.002884141701654387,0.004508971132621664
chr6:17393504:17393505:NM_006366:CAP2,0.3733740808777391,0.05240242854912823,0.28378435881855746,0.0009813152263062341,0.2684184110915628,0.052504156758711396,-0.053358289043635265,0.2024992800215341,0.10746658826901508,0.5668828824906673,0.28265560040067983,0.0010065671031479553,0.33993753218993816,0.29728207506230914,0.4784871708789998,0.14667316736026384,0.4897689730972582,0.3979669864875774,0.2619702629392483,0.2828808601627625,-0.06202915687305916,0.5872488465585636,0.007064122474989776,0.1614743463789705,0.4784871708789998,0.2904413345320925,0.4784871708789998,0.14905112291906716,0.29021400105529693,0.2911234479775584,-0.07033812830539847,1.6468815642241754,0.292785655757387,0.17031463953721884,0.5890816263150892,0.6157442338822545,0.29021400105529693,0.19140744786673142,-0.02315898015803377,0.24517416563469605,0.4784871708789998,1.1469115216528367,0.1914052596168983,0.5107989405082839,0.3055279466160069,0.47483892256856997,0.29021400105529693,0.5008275493280303,0.00092697203958024,0.2684184110915628,-0.060325124425164384,0.4784871708789998,0.28265768028383237,0.18965907054109712,1.1468196005156108,0.08540176441490174,0.19147628678276435,0.4784871708789998,0.21444226103103559,1.1468196005156108,-0.06057568027936204,-0.059221447409443365,0.09607311181072928,0.14273233852686867,0.17156352783697654,0.4784871708789998,0.0009248802511345675,0.18700100557071628,0.11089673958218974,0.0881909476881214,0.0009252384839626496,0.19140744786673142,1.1468196005156108,0.4783580074559176,0.3383644058395576,0.12465244164930257,0.16400773039051256,0.09349795227011447,0.19140744786673142,0.0009246569820505965,0.4784871708789998,0.0021854855394072073,0.4784871708789998,1.147885445157074,-0.021711742738785577,1.1468196005156108,0.0009248802511345675,0.0021844506093172955,0.08441996293003204,-0.071106173150875,0.19140744786673142,-0.06862517254021747,0.4812695574645607,0.4784900846667856,0.6290616917762656,0.4784871708789998,0.05005808785801199,0.684117846355438,0.0009248802511345675,-0.030766529617703646,0.29110154147718065,0.0009234865868161038,-0.07116512835799381,0.47855887089196,1.1468196005156108,0.31482360487566285,0.09317642663281223,1.3830120128768397,-0.071106173150875,0.29021400105529693,0.3590327994527547,-0.00019023121160219314,1.3830120128768397,1.1468196005156108,0.0007547732904050197,-0.07116512835799381,0.9245182037982512,0.7666610309947872,0.4785580967992392,0.7911245580237767,0.19140744786673142,0.4784871708789998,0.24475885890779117,0.4784871708789998,0.0881909476881214,0.5436666556953943,0.19140744786673142,1.1468196005156108,-0.06708809686733604,0.19140744786673142,0.2283371374435993,0.4784871708789998,0.17725118913513732,-0.07110451177486662,0.4784871708789998,0.4784871708789998,0.4784871708789998,1.2823474230464038,0.16439204633772972,0.4784871708789998,0.49502404171416803,0.6573199323486569,0.5977831193919104,0.26236171802456054,-0.007494441561202096,0.12036582736065465,0.19140744786673142,0.21286764539672082,0.0009248802511345675,0.4729194489292691,0.4784871708789998,0.4784871708789998,0.0829196295610406,0.20342234544818583,0.002305436041493733,-0.07236911944704767,0.0009248802511345675,0.0009601230200234206,0.4784871708789998,0.0009248802511345675,0.19140744786673142,-0.07116512835799381,0.18894883401205342,0.4784871708789998,0.0846203075817272,0.0009248802511345675,0.4784871708789998,0.3731347097397289,0.4784871708789998,0.0011056252032424427,0.3590307444348046,0.053117475493970216,0.21999846758630454,0.0009248802511345675,0.7028392518480208,0.0009248802511345675,0.2469513598170427,0.19140744786673142,0.07139087219641777,1.0402252253245474,0.0009248802511345675,0.4784871708789998,1.0161226475343401,0.044416700668470276,1.3830120128768397,0.29110154147718065,1.1468196005156108,0.08345332826875232,0.1904741888664532,0.007047802900322142,-4.5734486614087966e-05,0.486160456047532,0.4784871708789998,0.29110154147718065,0.3986175467183509,-0.022958720242585648,1.3830120128768397,-0.004638489112521099,0.28181863903288273,1.1468221018361164,0.08764889144114091,0.1985649725826032,0.4784871708789998,0.1301372134675335,-0.056712505535269395,0.4784871708789998,0.47793556923743763,0.1771494799561386,0.4784871708789998,0.12348352645345975,0.5325037345778827,0.6233527760419696,-0.07218570523867313,1.1487712182348682,0.29041941115570075,0.0009248802511345675,0.0010056116065713036,0.0009601230200234206,0.4955088131218881,0.47894303003795213,0.05573375971257603,0.19140744786673142,0.07820997817010872,1.5304494898059429,0.3754246828288895,0.4784871708789998,0.1412954588746867,-0.056712505535269395,0.0009238857657253782,0.7289491951254753,0.0009248802511345675,1.1468196005156108,0.4793943918915645,0.0009248802511345675,0.05700596222685751,0.3590307444348046,0.4864073149424558,0.0009252201248215394,0.001182856020157906,0.4784871708789998,1.1468196005156108,0.47849319458701667,0.4784871708789998,-0.007796834489778994,0.4784871708789998,0.4784863966234402,0.6572557622788714,0.007047802900322142,0.4784871708789998,1.219597871126867,6.546543681984485e-06,0.0034187797092620834,0.0009601230200234206,0.0009248802511345675,0.14113052017949462,0.48855875962103723,0.04747182367532935,0.4784871708789998,0.0008460815309073097,0.0009248802511345675,0.0009248802511345675,0.6294522356668218,0.2794166844096692,0.0009248802511345675,0.08441996293003204,1.146865128752411,0.3996265362342725,1.1484530877213848,1.6215906906775976,0.1916067365134178,-0.03177572610246659,0.18378726670498377,0.04097886314804997,1.1468196005156108,-0.07116512835799381,0.1908903028884872,0.1985649725826032,0.4785556288764491,0.47855887089196,0.08846502760847748,0.24225514237068452,0.2392206107374853,1.1487644343604222,0.0009248802511345675,-0.07109323875718555,0.1420887415194163,0.19140744786673142,0.09024547313062702,0.3855326094597454,0.0009248802511345675,0.0010945468782344175,0.000883316357096757,1.1468196005156108,0.0009268708426969016,0.579743694361214,-0.029859017870354783,0.09607311181072928,0.4784871708789998,1.1468196005156108,0.0009248802511345675
chr6:18387349:18387350:NM_182757:RNF144B,0.3568319547923999,0.16185658910961429,0.4829040725426955,0.4206999153018309,0.11289725438646428,0.17383961634397394,0.07446903383539909,0.37865874771770347,0.2095675996605395,0.12340840893030278,0.3192879452624753,0.4206999153018309,0.11291633995645245,0.5528454974513242,0.0006918378871394737,0.3585694399068892,0.4206999153018309,0.19852779302140314,0.07448552566559676,0.11289725438646428,0.0003455875606138137,0.4228071865358117,0.34771423858576145,0.6976557285096924,0.0006918378871394737,0.11289725438646428,0.0006918378871394737,0.3546647216504202,0.11260084273744753,0.2627699038827922,0.19722675747156856,0.593233745304075,0.5214354904220572,0.20829976777392337,0.41224755492404713,0.3184418491843167,0.0006918378871394737,0.4206999153018309,0.04158040054795514,0.02628620344107077,0.0006918378871394737,0.4206999153018309,0.42255462101127206,0.02283472959744115,0.48499894702865687,0.42928860986962647,0.0006918378871394737,0.21139730170386442,-0.000340736517023682,0.11289725438646428,0.03130167437174548,0.4206999153018309,0.39079540332282325,0.0006918378871394737,0.0006918378871394737,0.11145257649093732,0.42652086787119464,0.4206999153018309,0.17223235759693334,0.0006918378871394737,0.0302995350444258,0.07449645228055803,0.07825589227937853,0.03338962723338057,0.4542651521903914,0.4206999153018309,0.0006918378871394737,0.20443353582649954,0.5116997935169911,0.20175578511397396,0.000859566891573682,0.1291099547853174,0.4206999153018309,0.0006918378871394737,0.11341633673840046,0.3655277296797665,0.17223235759693334,0.37327983225421074,0.6423365437722002,0.0006918378871394737,0.0006918378871394737,0.11266860255777411,0.0006877470891582527,0.42652086787119464,0.07629392323973372,0.0006989486416139612,0.0006918378871394737,0.10628749966946072,0.0006918378871394737,0.009385089952873404,0.0006918378871394737,0.08573912953723267,0.4206999153018309,0.0007064212685532756,0.5116378406823833,0.4206999153018309,0.5864556034591312,0.5560948511859756,0.0015764401944054485,0.12663748073876735,0.0006918378871394737,0.23922583037796666,0.3804063442661747,0.5543325298967186,0.4218531015874201,0.6166164667701322,0.423568663645052,0.7611251862290942,0.009385089952873404,0.0006918378871394737,-0.0399214664515459,0.0007088744720187279,0.7248034624250077,0.4206999153018309,0.4218489033459955,0.049042734697780005,0.6457134820538266,0.4206999153018309,0.0006918378871394737,0.32815047406866205,0.0006918378871394737,0.0006918378871394737,0.12370286860462668,0.0006918378871394737,0.23755519194853786,0.48531250056873476,0.42539949223898965,0.4206999153018309,0.18176054857858626,0.11260084273744753,0.4308337030116297,0.4206999153018309,0.277870829487463,0.11257054732917143,0.4206999153018309,0.4206999153018309,0.4206999153018309,0.4643821204831678,0.0007995131976016867,0.4206999153018309,0.3724334493564195,0.42075542582717806,0.4207034357463637,0.052555071838189,0.08947115663304883,0.0009640593180514079,0.11260084273744753,0.12719805200806256,0.0006918378871394737,0.5604388717920346,0.0006918378871394737,0.0006918378871394737,0.07258777494250489,0.09913403706158078,0.16619528263249803,0.42895273513266974,0.4206999153018309,0.02257997141887777,0.4206999153018309,0.0006918378871394737,0.4206999153018309,0.4206999153018309,0.0006918378871394737,0.0006918378871394737,0.0006918378871394737,0.0006918378871394737,0.4372044095584536,0.6471038710645212,0.4206999153018309,0.11260084273744753,0.3831227806871859,0.32681146071593764,0.0554346066646165,0.0006918378871394737,0.4820798637832359,0.4206999153018309,-0.00817475291548267,0.0006918378871394737,0.5548572980925054,0.5657316937806617,0.4206999153018309,0.4206999153018309,0.4206999153018309,0.07257474682790138,0.4206999153018309,0.0006918378871394737,0.4206999153018309,0.4206987286000586,0.042043249787480336,0.0006918378871394737,0.0007088744720187279,0.0006918378871394737,0.0006918378871394737,0.0006918378871394737,0.20175398707122696,0.013005413647785374,0.42102554725705116,0.4625491528028275,0.5041919099425428,0.4425624634839769,0.059884984813463576,0.0006918378871394737,0.4488818683981672,0.2581835690693344,0.4337831601895089,0.0006918378871394737,0.4216976795160772,0.050848347421567464,0.42092483290520855,0.8744692103590804,0.42978192308214447,0.5097391468089499,0.13764994631898259,0.42071974434954934,0.0006918378871394737,0.0006918378871394737,0.0007088744720187279,0.02257997141887777,0.5535382072720396,0.4365138641833355,0.902039351943513,0.12250168818870624,0.08819846200597542,0.5866865014274084,0.625656903294537,0.0006918378871394737,0.0010653329964739056,0.42126193133553846,0.0006918378871394737,0.6422708030566495,0.0006918378871394737,0.4206999153018309,0.4206999153018309,0.0006918378871394737,0.43898151289820553,0.25500041711083243,0.42069924575679807,0.12023862789474771,0.5269565082242624,0.42075667082400503,0.43240697754544605,0.4206999153018309,0.4206999153018309,0.08573912953723267,0.0006918378871394737,0.0006918378871394737,0.4207076094491236,0.0006918378871394737,0.4206999153018309,0.42674719430200464,0.8533624435963006,0.0204617616754095,0.007261302596402397,0.0006918378871394737,0.43688976016498265,0.6422668431855059,0.08392448215038212,0.4206999153018309,0.42069930286171464,0.0006112842525873019,0.0006112842525873019,0.5119601584375282,0.7352326403903322,0.0006918378871394737,0.0006918378871394737,0.32840618488431295,0.43245207134725516,0.47028440999548915,0.440203639945226,0.1268483086450546,0.12196631205664563,0.1126199263278728,0.1711060301861,0.4206999153018309,0.10410352128389119,0.003252239732322054,0.0006918378871394737,0.5274327269442842,0.4396150357734162,0.007722301167353923,0.43611997582611106,0.08971934257084979,0.42071974434954934,0.0006918378871394737,0.4221440034014478,0.03031508173019337,0.24844299175969634,0.0006918378871394737,-0.0385014162037321,0.0006918378871394737,0.11260084273744753,0.11246462847511213,0.42070410881577447,0.11240345842261334,0.1233133466263715,0.43121516103124813,-0.03472614346368069,0.4206999153018309,0.5543325298967186,0.0006918378871394737
chr6:27132796:27132797:NM_021058:HIST1H2BJ,0.040397406416093795,0.16285295650042914,0.014620790453587218,0.7004669525279632,0.005553262832707517,0.17724844954106436,0.5201749642293763,0.027977418134936816,0.11102755244434409,0.14717866115589062,0.5195632136122555,0.11152313550528226,0.014630990434127578,0.5924186355131942,0.0028541674548946405,0.016085970887447287,0.7004686063341584,0.18737805681132869,0.08857037578546462,0.010708265170483733,0.5136924848560422,0.026776940450642717,0.010708265170483733,0.0050147547589298735,0.0063269978262217585,0.010708265170483733,0.0028541674548946405,0.013429047717428144,0.010708265170483733,0.016247380726201188,0.0026852600664875603,1.6502180213313546,0.019572174668695652,0.08623759010210152,0.12157817782976615,1.2599570938543108,0.0028541674548946405,0.33599754054190767,0.14635611915873992,0.8539422494032567,0.5083914064842542,1.1463054880442836,0.750504526944176,0.005553394380893528,0.7674616658238465,1.0700082022431165,0.0028541674548946405,0.022931911176486075,0.08400680963771062,0.005553262832707517,0.0028541674548946405,1.4184804056572162,0.017995099815624305,0.0028541674548946405,0.30300536957112745,0.010708265170483733,0.08599693033046146,0.2469558429719534,0.1544671098261059,0.0028541674548946405,0.0028541674548946405,0.0028541674548946405,0.008507052368770196,0.09597254539632905,0.17661749909432348,0.33472186090754774,0.0028541674548946405,0.0875334582254112,0.002343493001931596,0.00631610306358521,0.0028541674548946405,0.1435696473671429,0.33571443174135374,0.002864290350579002,0.005553262832707517,0.525354936874245,0.1544676510779241,0.13991657194347346,0.09855892094695828,0.3104167161253296,0.0028541674548946405,0.14322655172998766,0.008355545004786191,0.3991242920344906,0.15016566517912133,0.0028530774374844747,0.0028541674548946405,0.04483802007881038,0.0028541674548946405,0.07451851145626415,0.35029921552351734,0.14986901431359545,0.012393758754029427,0.0028541674548946405,0.2190147733280137,0.03442354923059093,0.6206926276283435,0.34130402014610095,0.06593669534201496,0.5184272372767265,0.0028541674548946405,0.11736693547305516,0.033961375989584486,0.21849624327724415,0.3357170542700159,0.6461637539681007,0.005875622077182341,0.6152881627033983,0.01071040807519591,0.005480719671535794,0.363229176621578,-0.012628288629394413,0.6540014151604707,0.06667779284017866,0.2564053608807026,0.004124558793302091,0.6036860629700013,1.4189759883030792,0.7437509339589086,0.1840764932708485,0.5026238929772682,0.21597943743181586,0.759211633241189,0.01927054628215602,0.11606392035993601,0.9380336459558948,0.0028541674548946405,0.07420869597917745,0.0037203396277502576,0.010708265170483733,1.5012752108681249,0.47188120545358103,0.012167157922432947,0.00827822088513508,0.12068306450672361,0.796883332687681,0.796883332687681,0.3534869836418061,0.8494413365595151,0.21597890816941467,0.5830881745933928,0.39679959221809824,0.2517498078299907,0.22651030019123342,0.1502825723981096,0.14553186978052002,0.005198500395291461,0.8552527242627306,0.0028541674548946405,0.36282946170447555,0.0028541674548946405,0.21859332509118906,0.529765921215001,0.008360678135983568,0.01902834552573235,0.007149364397176228,0.3304524839952634,0.02847624756977557,1.4228375902373003,0.579157753825131,0.22010686655293532,0.0028541674548946405,0.0028541674548946405,0.12068306450672361,0.0028541674548946405,0.0029304833734180025,0.64039681655588,0.3479661362926967,0.342625958028655,0.0063269978262217585,0.1712258956045645,0.12445871572765499,0.24327921594430918,0.003803984135572591,0.7119608731222941,0.21860684178847342,0.20262467992368427,0.33429417274516715,0.17093228992986115,0.43769743459820987,0.09480628294070015,1.3618058349963968,0.027064003444588758,0.8174836831916299,0.5382992994058304,0.0028541674548946405,0.35414813666683753,0.04726468318041688,0.5390414990803506,0.0028541674548946405,-0.013386169818367044,0.006299697826639639,0.0063413276057277534,0.0028541674548946405,0.2172319966607954,0.14974037545402746,0.42962599510289834,0.3050589252226179,0.08755797216063438,0.2186058493746177,0.6467494369159084,0.0028541674548946405,0.028769323296640115,0.32397701625257463,0.13676366747090424,0.02944029298318107,0.3462453784435991,0.010910891807849876,0.01706839906730473,-0.0062877410087220365,0.9013075228972292,0.22372645931279314,0.00827822088513508,0.7793799051902596,0.005553262832707517,0.0028541674548946405,-0.01320554362445897,0.0028644371571833194,0.16127941248120625,0.023604022648719192,0.8972852723675384,0.7564941061298008,0.10998584290446545,1.0991899937813157,0.2603584499811098,0.9000337903653396,0.2964876184613599,0.13676366747090424,0.21597890816941467,0.3397188815122868,0.0028541674548946405,0.7693987503252515,0.29648812993732715,0.7224916549619659,0.601259666393179,0.025808633010535653,0.34714209708343624,0.0035614981994377404,0.5184198930297823,0.09976516469899921,0.3304524839952634,1.6506118358179416,1.496199043303723,0.14973993653696777,0.002860744781326141,0.7560362359499189,1.168750637423975,0.0028541674548946405,1.4356053855206532,0.29744008768762564,0.6240535363971205,0.004114908664840766,0.010053574687949984,0.0028541674548946405,0.6151526729120907,0.2784843449778718,0.7781429975474988,1.4300927761074502,1.3649789932185945,0.005553394380893528,0.005553394380893528,0.25175173793301747,0.20471808318442158,0.31503095773035084,0.0028541674548946405,0.03859621717865991,0.06306742723575204,0.5168643582070401,0.9604103007256097,0.025105761124437465,0.16773718265282656,0.009392757408133778,0.22272357999418627,1.035974816069254,0.06534891961822847,0.21094369842326136,0.0028541674548946405,1.063174927468691,0.08599246462522164,0.004900295123453635,1.4911769463929947,0.5305972795916223,0.7793799051902596,0.0028541674548946405,0.13676366747090424,0.005713836042297249,0.011898083269440696,0.0028541674548946405,0.009290023786475088,0.09426352616713718,0.6840274423676628,0.0682438087416457,1.155465992579179,0.3016280147692301,0.1292991598543129,0.7546078637270986,0.0028541674548946405,1.4289702308718972,0.6111076894947444,0.0028541674548946405
chr6:31399783:31399784:NM_001289154:MICA,0.33059564848042483,0.26556236021653945,0.2612126561090624,0.22837899827680624,0.2612126561090624,0.3466458908751552,0.003351435722432683,0.2677195675967021,0.26529849431256236,0.05819615560226288,0.4130085869409301,-0.0015578509032231624,0.323666666524954,0.3459757405548657,0.2811974574917128,0.2612126561090624,0.21433758957433757,0.28667470873701173,0.32702721192430034,0.2612087961998423,-0.001763939070920234,0.3236705054207687,0.2804680148513655,0.0221700347994096,-0.0007623462475444542,0.2612087961998423,-0.0016554591248344186,0.26346291510888137,0.26120660378750615,0.3260993343983194,0.34109900045727964,0.2916934548781408,0.323666666524954,0.26530495405882687,0.28712353177259453,0.02690468820833572,-0.0016554591248344186,0.2812138172211597,0.04466187840897845,0.030282922455457356,0.5884890061696302,0.32451569026422716,0.3445194333765302,0.26122736887103615,0.3474494988350192,0.2873618514765135,-0.0016554591248344186,0.28047415521394364,-0.0016536268869442317,-0.0007751359905258937,-0.0015881072377802452,0.004232326889074545,0.4130085869409301,0.32377013237033564,0.28684571422408967,0.32366412091733804,0.21907229723335558,0.2844158390766829,0.06825176133255784,0.022196596670267882,-0.0015738383473458961,0.26120660378750615,0.10009964632181856,0.28023113840147773,0.2813461938394551,-0.001461844726108552,-0.0016554591248344186,0.2653123417288958,0.08924663240335695,-0.0015669669665304142,-0.0016540686246238057,0.32377013237033564,0.59798669088212,-0.0014574348983476815,-0.0016554591248344186,-0.0006780836312877125,0.06826024367397368,-0.0016871914713555425,0.23296117888184587,0.2855119329642083,-0.0016554591248344186,-0.0016554591248344186,0.2813570313084608,0.29789173123756363,0.10330004224863232,0.2869368197675356,-0.0007751359905258937,0.2700907647547159,-0.0016554591248344186,0.21432633239147425,0.00965160827704517,0.04466187840897845,0.003449189144700382,0.0019160149400797577,0.2811974574917128,0.2143080371321049,0.0012307100617791056,0.346815713253387,0.2611872414022443,0.0012307100617791056,0.26120660378750615,-0.001660524668163521,0.02219854123592438,0.2190945738329984,0.32955882858743973,0.347567886786614,0.02602527201522903,0.23888488561347826,0.21432633239147425,-0.0016554591248344186,-0.0016503754709445984,-0.0007114041829301421,0.3244868321532876,0.004596364249986079,0.02684811603141818,0.02219210790747317,0.017046545654324424,0.5944155832099044,0.003764779387143702,0.005064105914862421,0.21430855053561193,0.28677993460527695,0.34011601443496065,-0.0006778206448721236,-0.0015669669665304142,0.30351685950318485,0.21432684575430078,-0.001543100575802786,0.2628834053941207,-0.0016554591248344186,0.2898552888738013,0.5944369451218441,0.26298358487015605,-0.0016554591248344186,0.02219210790747317,0.0008746138235176948,0.0008746138235176948,0.006965201848921632,0.2678337730373957,-0.0016554591248344186,0.03092354809730688,0.3349549913276464,0.032092503975049674,0.044228744055503755,0.10652209428603954,-0.0016402615441759583,0.01025945846452056,0.3271167003694607,-0.0016554591248344186,0.3292340902524013,-0.0007751359905258937,-0.0016554591248344186,0.0034173258284881936,0.5272093554534655,0.37998761535738845,0.2156375223856553,0.2201260963336641,0.017661939028992407,0.5905642291594054,0.003355657137387169,-0.0007623462475444542,0.2156375223856553,-0.0016554591248344186,0.2144255992769549,-0.0016554591248344186,0.030813383305278358,0.22799189089256777,0.2816494089721645,0.6427328286748679,0.0019058041017352145,0.3236794094131645,0.010468704398661544,0.003779095645323194,-0.0016554591248344186,0.3299988374310159,0.2811974574917128,0.010880575704169754,0.28243444815498187,0.01582430940264201,0.021943669432779228,0.0010322920360832377,0.2857135937614246,0.24563539179298377,0.07841499907303706,0.5958851224635643,-0.0016554591248344186,0.004539618257099032,0.027158245928327163,0.4271665385483158,-0.0016554591248344186,-0.0016486095246726062,0.2176774122893591,-0.0016554591248344186,-0.0016554591248344186,0.0028009616634148415,0.04767152447558817,0.21321431300671123,0.001903208348867258,0.07870901232754163,0.22070460723607366,-0.0016554591248344186,-0.0016554591248344186,-0.001537904026604392,0.06837181699401082,8.7008937741051e-05,0.2812138172211597,0.004315493909829993,0.26299094710674775,0.2812230912983309,0.09076362732063968,0.2885856851467453,0.10010801718379392,-0.0016554591248344186,0.22459407547141785,-0.0016554591248344186,-0.0016512494711159176,0.26238650435519717,0.017661939028992407,0.028644571277498254,0.031193983401880815,-9.889736821486195e-05,0.3448467517679815,0.003449189144700382,0.07629063803986519,0.3033970239968051,-0.0016554591248344186,-0.0016554591248344186,0.04651748169153819,-0.0016554591248344186,0.07188739628997495,-0.0016554591248344186,0.5886454897851814,0.2811974574917128,0.2197869157706229,-0.0016554591248344186,0.26120660378750615,0.33364545230882686,-0.0016551605400688119,-0.0016554591248344186,0.2827161993222867,0.590572875481978,0.5854112546787549,0.31419714248985725,0.32762634032041354,-0.0016554591248344186,-0.001154294053078736,0.03344872899431761,-0.0016554591248344186,0.5791524793024472,0.2270503588670219,-0.001493129824592404,-0.0007796337132133513,-0.0016554591248344186,0.28120311649545526,0.22741440981725194,0.053694270861181725,0.05157830478243197,0.5882743864753492,0.22591100184260193,0.06834564014975861,0.06834564014975861,0.08926013116947804,0.02351958943830948,0.28252537334649275,-0.0016554591248344186,0.017641035938085692,-0.0015473108849675399,0.6578001128204818,0.8227609309815354,0.0020042048679861924,0.22353134626663243,0.2819977771553215,0.02318654145710164,0.2857064993811228,0.21774711473962471,0.04079715026968872,-0.0016554591248344186,0.010623563744984077,0.2269951260414138,0.0188535476054843,0.28642178314506506,0.003351435722432683,0.007137842362024582,-0.0016554591248344186,8.7008937741051e-05,-0.0016426893527320408,0.3644464477979416,-0.0016554591248344186,0.022177937219495653,0.022176329221640034,0.13770166229471295,0.001028075077544377,0.5956472527237482,0.0069305039230909415,0.5746664149648125,0.21922267271427215,0.08924663240335695,0.5886570489537637,0.21898886231673081,-0.0016554591248344186
chr6:38596067:38596068:NM_152733:BTBD9,-0.0048023854654926645,0.5225446858538729,0.03235859340458902,0.075954545172921,-0.008505104725225698,0.5225849035888038,0.032443473321599026,0.292512279286107,0.5162435035891804,0.2371350457722598,0.013188150957639089,-0.009624393821822397,1.1906105885325444,0.20648995311995316,0.07601004812054157,0.2905907802066591,0.07761145872043396,0.5593530853338983,0.26899833228720993,-0.004582374830726321,-0.006009010206811327,0.19699983954633987,-0.004604213701913773,0.07601004812054157,0.14909170010270867,-0.004582374830726321,0.07601004812054157,-0.004604213701913773,-0.004582374830726321,-0.009583539262053076,0.20005008865437973,0.07601004812054157,0.032304196930829754,0.5071989945529896,0.19691508127936164,0.5139080960296678,-0.004582374830726321,0.07601004812054157,0.0012613441932577407,-0.0024873627480970217,0.07601004812054157,0.07602608260186028,0.004461741832917809,0.01781528339712679,0.5475582770959384,0.06865104070001615,-0.004582374830726321,-0.004582374830726321,0.4852341847998266,-0.004582374830726321,-0.0032451095728588397,0.07601004812054157,0.2618162940998877,0.19692253234881252,0.07601004812054157,-0.004582374830726321,0.07601004812054157,0.14909170010270867,0.5072593481827237,0.07601004812054157,-0.003407036372779837,0.0454274567890281,0.0012009431488995692,0.27088229484961396,0.22886875090156722,-0.004582374830726321,-0.004582374830726321,0.5072324195035556,0.0019134811024621445,0.004403906263944823,-0.004582374830726321,-0.004582374830726321,0.07601004812054157,0.032585398315766234,-0.004582374830726321,0.017794507362374534,0.5072593481827237,-0.004582374830726321,-0.004582374830726321,0.14909170010270867,0.07601004812054157,0.031695167935946844,0.07601004812054157,0.07605815786245052,-0.004583117282773941,0.07601004812054157,-0.004582374830726321,-0.05825218891199335,-0.004582374830726321,0.07601004812054157,0.00012711398956860576,-0.004582374830726321,-0.004582374830726321,0.07601004812054157,-0.0034595806481550473,0.03235859340458902,-3.913560482349254e-05,0.2783594441623114,0.03235859340458902,-0.00812693205394388,0.19692253234881252,-0.0033233016626871836,0.031444941090480794,0.153816170094366,0.07601004812054157,0.5177913020284284,0.03235859340458902,0.07601004812054157,-0.004582374830726321,-0.004582374830726321,0.07601004812054157,0.022923107372532392,-0.004582374830726321,0.15029838234767567,-0.004582374830726321,0.032335771834754445,-0.009520284185793426,0.07601004812054157,0.03235859340458902,-0.012345550913206549,0.07601004812054157,0.07601004812054157,0.23736697858402683,-0.004582374830726321,0.004403906263944823,0.5269538591701858,-0.004582374830726321,0.03235859340458902,0.015172602049525585,-0.004582374830726321,0.07142909647268436,0.07601004812054157,0.024329897198644146,-0.004582374830726321,0.07601004812054157,0.07601004812054157,0.07601004812054157,0.1392178063405053,0.0772580569488095,0.07601004812054157,0.14909170010270867,0.149218228690707,-0.004582374830726321,-0.0024608655915429045,-0.00428088523804937,-0.004582374830726321,-0.004582374830726321,0.2405138532923925,0.00010528647877605657,-0.004133493582828884,0.07601004812054157,0.07601004812054157,0.028791210312043014,0.01781528339712679,-0.004311009731506166,0.041174491311462114,0.07601004812054157,0.007482971230522939,0.07601004812054157,-0.004582374830726321,0.07601004812054157,-0.004582374830726321,-0.004582374830726321,-0.004592679120016818,-0.004582374830726321,0.07601004812054157,0.07716242584891586,0.07560440410406988,0.07601004812054157,-0.004582374830726321,-0.004582374830726321,0.07733293031939037,0.02277881141173388,-0.004582374830726321,0.4062301795766533,0.07601004812054157,0.03907513660985873,0.03235859340458902,-0.00424600585298035,0.14899419944517012,0.07601004812054157,0.07602608260186028,0.6057224572197742,0.03235859340458902,0.14909170010270867,-0.004582374830726321,0.14909170010270867,-0.004667234781126184,-0.0068856084105307636,-0.004582374830726321,0.022922260700334818,-0.004582374830726321,-0.004582374830726321,-0.004582374830726321,0.07600611985629602,-0.003349717060736279,0.03235859340458902,-0.004580104522243944,-0.015108936559541708,0.07601949310313993,0.5444529722227915,-0.004582374830726321,0.00286583813404917,0.5072365107530499,-0.005003582867657674,0.14909170010270867,0.0696075975705932,-0.00458231733089931,0.07601004812054157,0.27936029441458937,0.06801642957638732,0.00797456009868569,-0.004582374830726321,0.14909170010270867,-0.004582374830726321,0.07601004812054157,0.02292265744010502,0.007482971230522939,0.52196017241554,0.07601949310313993,0.21294250055380592,-0.004582374830726321,-0.004582374830726321,-0.004582374830726321,0.5139649625783529,0.07601004812054157,-0.004582374830726321,-0.0049994287400063064,-0.004582374830726321,0.12856553353215705,-0.004582374830726321,0.07601004812054157,0.07601004812054157,-0.0019155498590252007,0.010587079881116512,-0.004582374830726321,0.09836256123624854,-0.004582374830726321,-0.004604213701913773,0.14909170010270867,0.07601004812054157,0.07601004812054157,0.07601004812054157,-0.0033313325077793388,-0.004582374830726321,0.03235859340458902,0.0825685687963027,-0.004582374830726321,0.07601004812054157,0.16797293651098377,0.2825988149360846,0.019096233889927094,-0.004582374830726321,0.07601004812054157,0.07926385132231295,0.011282101465009853,-0.004582374830726321,0.03235859340458902,0.07615824775161939,-0.017904920917906686,-0.017904920917906686,0.011840799852182393,0.03679451959961355,0.03235859340458902,-0.004582374830726321,0.01976589815580493,0.07601004812054157,0.07601004812054157,0.8336440902380418,0.14906870566604624,-0.008130799404277467,0.20320046569850242,0.19692738602431098,0.07601004812054157,0.03193245105688236,-0.005927473892768709,-0.004582374830726321,-0.00954098379446866,0.07601949310313993,0.06503413317424744,0.057670895244056775,0.3454200992556013,0.5871236367612749,-0.004582374830726321,-0.005020733839426528,-0.004582374830726321,0.03237024316240167,-0.004604213701913773,-0.005288570107845614,-0.004582374830726321,0.20321256661399079,0.19692253234881252,0.14909170010270867,-0.004582374830726321,0.001967970694421839,-0.004582374830726321,-0.004582374830726321,0.07601004812054157,-0.002769744503933691,-0.004582374830726321
chr6:43076267:43076268:NM_152881:PTK7,0.33950561725933626,0.22608965720426677,0.0024122251563656882,0.5596093814181331,0.3898688460721368,0.22629844405591087,0.25896386095691065,0.03069299762723382,0.18509340995126944,0.01815079305866446,0.13863617326814215,0.5481316105582552,0.43592223644364825,0.33387020795993433,0.24063457774082508,0.0024186638205395683,0.4963614888979768,0.1707357923727908,0.4836042873612044,0.0024122251563656882,0.02576822488427677,0.040659062887381636,0.0024122251563656882,-0.12956866944733725,0.8583084909926794,0.0024122251563656882,0.23995444132429203,0.0601695679701017,0.0024122251563656882,0.0305343096134561,0.1585552383705336,0.5170794746119511,0.3110257056149502,0.22608360888484913,0.011908196007173188,0.19226580487188022,0.0024122251563656882,0.41766570681734727,0.03966718788971563,0.1083309538078252,0.4715195987518357,0.9528420113043137,0.040330152193552904,0.07868212193444823,0.5573101248405578,0.034131217360748756,0.0024122251563656882,0.031527407469045754,0.13651923815681422,0.14654055056465504,0.01023617752570205,0.41533675195490555,0.43641125653021284,0.0024122251563656882,0.4601075446449091,0.0024122251563656882,0.7454512852011069,0.4169236238098106,0.4543288831585521,0.4682744543511286,0.04526677364569004,0.17797348853177042,0.10984824014685321,0.13416046245487823,0.2057592368418233,0.002436982046002345,0.0024232184777193133,0.22500048821236202,0.19440249626581874,0.01457570315698492,0.0024293103129632843,0.0024122251563656882,0.47210347431694544,0.011917005066343633,0.1951241654079739,0.17293801777615056,0.4558075847628876,0.055898583078321296,0.17514339282495078,0.4182196656359183,0.24009974417840568,0.0036721532792252654,0.4154703091414769,0.2402862297112396,0.08534894449354374,0.2848421533922812,0.34779115310831565,0.13281633887193675,0.0024122251563656882,0.32214569548264893,0.03448645904848219,0.04592829094866896,0.16301951671787002,0.04032563691078628,0.2265592776722894,0.07076214263490488,0.16317886686744393,0.2278423977196103,0.0024122251563656882,0.051161006117879715,0.0024122251563656882,0.048170181411623214,0.09187592578541215,0.2611994286805543,0.9143491571974842,0.5390363853623965,0.10115938961155369,0.2834162675854942,0.5082777369690338,0.0024122251563656882,0.05452156503719274,0.01667062286592358,0.17588427131955758,0.4222774732528025,0.07130537736213793,0.2493413249653676,0.49345453336922485,0.1758711678195607,0.430870348767629,0.0010487476552406005,0.10505266459186513,0.24146529526750193,0.01792588998478495,0.4850507868492131,0.05286396116920972,0.48628235124839864,0.030686347859249508,0.41524429249516626,0.03629410984516407,0.0024122251563656882,0.221016816592603,0.4184260464354334,0.005680773100572967,0.006950008419512987,0.4177070778944779,0.41825802376484866,0.41825802376484866,0.036309978536749554,0.10932628152038387,0.18489194735964828,0.0060673618403504215,0.17944716574180086,0.071229565176748,0.003776581979706428,0.04958389034647809,0.03247326470839418,0.030700660842953864,0.5077925685053108,0.0024122251563656882,0.05076622946996118,0.040828882564068136,0.18720300857242753,0.0478565093618058,0.10380801849965748,0.010949460065792449,0.03536464855963556,0.5567912163710892,0.06126433493835709,0.4598827196150225,0.23875353672377597,0.4169528568989625,0.030686347859249508,0.0024122251563656882,0.26162901784978027,0.0024122251563656882,0.42543597341678346,1.0640203596956925,0.24705640059785622,0.41937457922703686,0.24004775042316345,0.19412494082260118,0.15116399616413662,0.0037845297398589883,0.0024551446125624654,0.29385432026914987,0.18720300857242753,0.0025249875370984554,0.41688245718984157,0.06025149220346865,0.4824342410383659,0.16311493517073028,0.8601851931143331,0.3817120739373494,0.13096927659707686,0.17487992229458366,0.0024122251563656882,0.21314876639553954,0.07027509880126015,-0.06753379605921689,0.0024122251563656882,0.027287144687678677,0.21823246932536847,0.0024122251563656882,0.0024122251563656882,0.4575309305453357,0.01151353966368246,0.42887348585557933,0.030258852479366827,0.08726073397974032,0.5798286318563952,0.44311556469287117,0.0024122251563656882,0.49019856313569793,0.25191675381580286,0.04050480954841246,0.5553490292864327,0.06619914873513427,0.005669799161674982,0.0329694802435771,0.3679861063710736,0.03399205465071942,0.2287613700063919,0.03531760364308012,0.5041007061406316,0.0024122251563656882,0.007018392281638086,0.0041837998346606065,0.06126433493835709,0.43878471482994674,0.2268254352434683,0.1660936282940349,0.13013801399342245,0.15027017719756286,0.23031214135972095,0.5573158489344519,0.2814093706488604,0.04127714232296992,0.04031375028785744,0.0024231835134615465,0.47273199598341054,0.46856071342156813,0.17489013025049543,0.0024341771095794384,0.003345969517298264,0.09047562436513629,0.0024122251563656882,0.3204748583638565,0.19440592005951485,0.05117614260641906,0.61196665745505,0.459965735092069,0.41932107719840395,0.17487366709746494,0.04958045570671821,0.05113604165237079,0.25157356122722063,0.41852898947446815,0.0024122251563656882,0.17585143229218458,0.4492531539803106,0.25096024733886857,0.25300619707634975,0.0024122251563656882,0.0403816908112839,0.21474147389893916,0.4547889226711368,0.041367276308472145,0.17478757659356725,0.5136216390195621,0.0024122251563656882,0.0024122251563656882,0.26438695508276155,0.04130021924176375,0.0024122251563656882,0.0024122251563656882,-0.02171437013516636,0.2514037652873983,0.48517218816329855,0.20471518130718075,0.28289481928018845,0.0086150661652023,0.003422546263218862,0.01199711113521984,0.8601017457821902,0.29596694048978267,0.0025219396579727604,0.0024122251563656882,0.4627140558527303,-0.08800147432108851,0.051140937862339364,0.03594009070938231,0.18075583011116736,0.5913729782899925,0.13005729676938133,0.045165525570814824,0.011908196007173188,0.17313493107824196,0.0024122251563656882,-0.1183964132219392,0.13008615773809562,0.04944064756225097,0.28945459561133235,0.47392075515480175,0.16305767914564695,0.35456740967967515,0.17868512231134243,0.10984824014685321,0.175864200843229,0.34269695059914806,0.0024122251563656882
chr6:43171294:43171295:NM_003131:SRF,0.42934787152143794,0.3108231679680324,-0.000602391291847082,0.5019262648128473,0.3114551653794704,0.3108129965596574,0.004063184468563796,-0.0005359578125575526,0.007217782440132492,0.003552946499830012,0.30001055293680234,0.01744608455190516,0.38362857342502954,0.35332660023658197,0.2930221594573687,-0.000602391291847082,0.19281923912750676,0.587074632321476,0.3058713361789961,-0.000602391291847082,0.013663261696842344,0.003826461664793168,-0.000602391291847082,0.3077207367870255,0.48233510219738096,-0.000602391291847082,0.29296094108922616,0.18153125921340602,-0.000602391291847082,0.5437175265620733,0.00812395021136314,0.3145147910984053,0.3253939926145682,0.007302373206352575,0.0037596912950624284,0.6418152232924845,-0.000602391291847082,0.25404263860661874,0.2997632564519081,0.2235877703103617,0.2929559661033203,0.9999734265072379,0.2997464203361207,0.5579956886825961,0.5821479917616841,0.3012942133916552,-0.000602391291847082,0.5529449465896574,0.007053113758750229,0.0704711897570966,0.017130109035052632,-0.0005957995021491636,0.30002384842189117,-0.000602391291847082,0.3028279135749247,-0.000602391291847082,1.0890753729094278,0.21881528620946805,0.30931513321229587,0.6054653550542558,0.017159385890937462,-0.0005877287542177534,0.30268447201669546,0.00455143989099277,0.3261059710361965,0.2997464203361207,0.21874094392534216,0.0072864211593326456,0.30269106826032816,-0.0005925365135113769,-0.0002407874204988225,-0.000602391291847082,0.3676217269601479,0.017980181813670504,0.3176957618613416,0.38363542232931497,0.3169061178426499,0.004830484824411674,0.22821904248010727,0.21825558647101612,0.22488981634064947,-0.0005888691838487614,0.2989292760025499,0.3011701968651404,0.3006877718663376,0.29945048188255374,0.2539184044554233,0.6312445505930391,-0.000602391291847082,0.22489237821334823,0.30763561044808213,0.30006772009326327,0.2926224677764752,0.2925612893631446,0.30276342845959087,0.2275675338750887,0.5664806981215492,0.308617472011482,-0.000602391291847082,0.22071584084343154,-0.000602391291847082,-0.0005966659812046693,0.3705806033131071,0.26086344305191367,0.2584852622722988,0.5779977600803275,0.00386320313790095,0.30924005576819785,0.5673644217356394,-0.000602391291847082,0.23711387250685462,0.00030243997203271977,0.6458210099876845,0.25502170464755036,0.6055230047238064,-0.0005259364442913306,0.38649145601891044,0.6459004070896318,0.37384193464088944,0.18662006285599714,0.21882360428574338,0.29625058109343744,0.3128303147289829,0.05516806172033234,-0.0005925365135113769,0.5848847586425763,-0.0005359578125575526,-0.0002797202780199237,0.0027333577523227515,-0.000602391291847082,0.30219614244056786,0.2929559661033203,0.002831004075498078,-0.0005972990899670294,0.3685737212554774,0.2998185707954586,0.2998185707954586,0.0004127732202093837,0.3138329936959812,0.05516806172033234,0.6662776233835103,0.6572152634150598,0.5141471495781497,0.016680378801039064,0.3868189353500048,0.024590351902401053,0.2998377168181772,0.6728002342075896,-0.000602391291847082,0.31143384447151745,0.29249511549913687,0.2930221594573687,0.22628026022794157,0.1815879584227565,0.0020457998112493048,0.05592293646543839,0.3754994555474386,-0.0005167058288736426,0.2551923582293246,0.2248786963468672,0.2539184044554233,0.054893236069832096,-0.000288231341686207,0.3001487694521681,-0.000602391291847082,0.22017354064936906,0.6936369503570846,0.4127791441491927,0.6539968002094023,0.26086156204310984,0.39203913901362314,0.010451605655389107,0.22314134050452894,-0.000288231341686207,0.030068373512786628,0.2929559661033203,0.23534297514537966,0.2539184044554233,0.5112525329241391,0.29655075477506204,0.22458618723088564,0.6459556517318349,0.9829899383420067,0.2279835603417485,0.5149794124016817,-0.000602391291847082,0.05518413367791397,0.5141471495781497,0.36952992843215876,-0.000602391291847082,-8.673692717425796e-05,0.000609985348551223,-0.000602391291847082,-0.000602391291847082,0.299599895507911,0.3200166621031946,0.24028618520002754,0.5111500065489384,0.3082713047925671,1.0839233247648186,0.07472551667251931,-0.000602391291847082,0.055277632471947,0.32610688227913454,0.14700032028944893,0.6459556517318349,0.22003802943861162,0.0027154817118795194,-0.00034141280915001015,0.38851727939601727,0.30077595897896825,0.3102943804704419,-0.0005296917944474511,0.26141388124083675,-0.000602391291847082,0.29295138209227795,5.3766783475184265e-05,-0.000565759950337752,0.8289746153976176,0.31379963768793034,0.5663241799291234,0.30013814766626357,0.08864060741150082,0.24524569816737146,0.581632964787647,-0.0005957995021491636,-0.000602391291847082,0.14699273182367306,-0.000602391291847082,1.0085325551052022,0.17633365914401317,0.5149732158449195,0.21833618917955633,0.05560137018150624,0.5656174926933665,-0.000602391291847082,0.6495776197310401,0.0567965784190535,0.5656174926933665,0.2930394936285606,0.655552990463142,0.29945550285292927,0.29937352771462106,0.30093585263367634,0.18091952877338752,0.3072591639125315,0.6586559646597048,-0.000602391291847082,0.2929461615748586,1.1028587133216665,0.0015208547308661613,0.26137171421142286,0.0037853322022099456,0.29295113653498844,0.25274470071224947,0.19757718044770445,0.3072459320625195,0.2929461615748586,0.976012246251856,-0.000602391291847082,-0.000602391291847082,0.3031436715215524,0.3030277092769833,-0.0001538161181375286,-0.000602391291847082,-0.00048494071879190415,0.05741763195807864,0.6713315860331038,0.5712573213904137,0.26131197647607673,0.30545151170083484,0.30763561044808213,0.31377489696017075,0.2930168473314884,0.014762596768403746,0.21835677409943727,-0.000602391291847082,0.19458317989053897,0.3047564913963936,-0.00012150315785769417,0.29994388592889387,0.3818584017069059,0.27147898351429767,-0.000602391291847082,0.49208521742531314,0.0037596912950624284,0.36551592897809654,-0.000602391291847082,0.5473477655389312,0.21885700174608147,0.36038683029708957,-0.0008011928354582087,0.6563450868275303,0.21841999178218208,0.5660339272921819,0.5623829374284878,0.30268447201669546,0.5077032784268514,0.37349718923668324,-0.000602391291847082
chr6:53545129:53545130:NM_001498:GCLC,0.26233783799410776,0.18146343716332164,0.04625525727375118,0.1573053986785427,0.011404958688407296,0.17308734194123748,0.049985673695752186,0.06058543236443864,0.18127463521507647,0.05121700914887495,0.08870470640715167,0.1281386757854986,0.09638551341192908,0.08801530353111992,0.2848496310218552,0.03508342110630214,0.15738304633379563,0.0807967215751405,0.08260194006217786,0.008433517377767263,0.04321157538281023,0.17791119065476946,0.041355081943410366,0.13498762685574972,0.2848496310218552,0.04103590686134462,0.2848496310218552,0.04134296041493174,0.03989700730952439,0.03674556207942409,0.11101150008532273,0.42843076746220693,0.0461686948233459,0.16161331198062956,0.24986018429564927,0.08498777858009751,0.00773968857107693,0.2848496310218552,0.003100363629278735,0.04180697106116843,0.48944390989271824,0.3955226188063886,0.03988314974675977,0.005271698373244704,0.06320984137904284,0.41206055116675144,0.004066984925081285,0.04690250962067444,0.05107726805349233,0.0870615471364598,0.03745596059821449,0.2848496310218552,0.08870470640715167,0.045481506174360475,0.34456805607905266,0.004513408018277099,0.4282599532597089,0.2848496310218552,0.0031815406270294666,0.4495824017029152,0.036927530131078745,0.08500908318941935,0.0029901259277289594,0.1281500538830781,0.136360596875511,0.34584807986439925,0.03988314974675977,0.16134516878071048,0.0028418064702294688,0.0029901259277289594,0.0029901259277289594,0.007884266795113337,0.08494846094221634,0.004578087142470155,0.08798107498681756,0.04946807830897132,0.011887360913080791,0.008402263328826987,0.039890023467919256,0.2848496310218552,0.2848496310218552,0.0643632945068191,0.2848496310218552,0.3373899002362688,0.003000015438068604,0.33738189045296074,0.0029901259277289594,0.0700997672749614,0.03989326390453912,0.039890023467919256,0.0417269905120386,0.0030661439437412175,0.0029901259277289594,0.2848506842789096,0.48699435637870714,0.03988314974675977,0.008366321478545713,0.3727624292342686,0.15559711032354,0.0029996422760611985,0.0461650580079867,0.0372168921807387,0.0447545411339168,0.004554470203905814,0.3447260668171247,0.0632251999548768,0.01779340612893987,0.37289367833751286,0.20980390835474583,0.008183745226077677,0.1281386757854986,0.06060420920645543,0.08494846094221634,0.2848496310218552,0.2866613440953518,0.003171121352740558,0.13628413434495962,0.08494846094221634,0.33738189045296074,0.10838701168771489,0.002990932886153763,0.33738189045296074,0.23476197639672436,0.004554470203905814,0.0029901259277289594,0.08276369124586469,0.0029901259277289594,0.2848496310218552,0.039387446403787996,0.0030209955718895065,0.5889515861653603,0.2848496310218552,0.05759362087119024,0.002990932886153763,0.08494846094221634,0.2848496310218552,0.2848496310218552,0.05535845253354316,0.04060707563991661,0.2848496310218552,0.39617983438241855,0.08684631201120452,0.28642749415199986,0.21669366176495697,0.17377708484208254,0.0029901259277289594,0.04433878818492781,0.044372157040339866,0.0029901259277289594,0.10295175131515905,0.04022274552135546,0.08494846094221634,0.0030209955718895065,0.003020073046262506,0.00478449654567481,0.003172219243993135,0.1281386757854986,0.0029901259277289594,0.2848496310218552,0.2848496310218552,0.2848496310218552,0.2848585225079478,0.04548517085294157,0.0029901259277289594,0.0030209955718895065,0.0029901259277289594,0.33746910463771707,0.13632041511290555,0.33738189045296074,0.04442514398816583,0.08215771460422483,0.0779262826189564,0.14827150841586123,0.2848496310218552,0.13555025524651027,0.08494846094221634,0.19004331985023887,0.2848496310218552,0.09510666285796576,0.10488835351072484,0.08494846094221634,0.5683798051961071,0.2612612998763375,0.20026046290395277,0.28660535047446134,0.04103590686134462,0.2848496310218552,0.33919632412855955,0.32642343717709127,0.04433878818492781,0.06060420920645543,0.0030209955718895065,0.0029901259277289594,0.0030209955718895065,0.2848601493122558,0.015887751887760704,0.260064194680486,0.04516906096430745,0.29082777838561125,0.4049737793493936,0.10880613800244349,0.045481506174360475,0.04454111604009714,0.014883275834116139,0.03066186787445524,0.2848496310218552,0.3482732004601502,0.05013994134086841,0.1653674759578369,0.051564484621243245,0.5895331246415192,0.3184241787662119,0.00307911856270221,0.3130953488557526,0.008183745226077677,0.3374639060577223,0.07252132418969909,0.0029901259277289594,0.37170853966514356,0.42603445979267074,0.08288183440320157,0.045478065372912935,0.03988314974675977,0.08494846094221634,0.0793803790791609,0.0029901259277289594,0.0029901259277289594,0.03515267287717788,0.008402263328826987,0.2293654094884935,0.2848496310218552,0.2866413998479349,0.2848496310218552,0.0029901259277289594,0.04201523094033982,0.0029901259277289594,0.35694427014656666,0.03989394422659781,0.033823826730460416,0.2848496310218552,0.33738189045296074,0.08494846094221634,0.33738189045296074,0.03994601338486781,0.08494846094221634,0.33752953207391745,0.34391594672369485,0.04433878818492781,0.2848496310218552,0.4254749510180375,0.033823826730460416,0.0046592611477998536,0.021294758343643194,0.33738189045296074,0.08500928882641065,0.19658747021432588,0.004729413742672217,0.33738189045296074,0.3386414419937981,0.04137276729977901,0.04137276729977901,0.15554926145572173,0.0030653371421303643,0.2848496310218552,0.0030209955718895065,0.05118379526272604,0.039875985404208114,0.35036237064486164,0.1324926632953952,0.28666955849869724,0.008343817850466062,0.09539016842921011,0.013525720474654779,0.08494846094221634,0.009177808354507211,0.21745252637700824,0.004513408018277099,0.0938772694286312,0.09301323016356214,0.03864717164109255,0.4159627380467225,0.40054862604413133,0.31488369384949066,0.0029901259277289594,0.04296588455728323,0.03561529770991484,0.03988314974675977,0.0461650580079867,0.0029901259277289594,0.03988314974675977,0.056608000085292765,0.04712585179467488,0.3933428517414658,0.03990920535312387,0.0634728210055201,0.039879734879910644,0.0028418064702294688,0.33738189045296074,0.0033306469877648626,0.0029901259277289594
chr6:83431219:83431220:NM_002395:ME1,0.3028318925612753,0.7195413152875345,0.3049521754679633,0.003643931699615126,0.5148757073667054,0.6845588445450077,0.473583261541148,0.0038904930623493914,0.5925659125157738,0.0035910848598580958,0.0036379694545356778,0.5152618749776011,0.29826703939388943,0.3073851327618965,0.29677123251173176,0.0035075054146551585,0.5149670370788915,0.6208845854072713,0.00358669670927568,0.00358669670927568,0.44615916445397563,0.14649828517300545,0.00358669670927568,0.022865478968010354,0.5148757073667054,0.00358669670927568,0.29677123251173176,0.06861900554277756,0.29677123251173176,0.022553535239198882,0.33496388712584146,0.12430803851274858,0.3049521754679633,0.00358669670927568,0.12797315652360625,0.29672576834793607,0.00358669670927568,0.00358669670927568,0.5190640759835223,0.3071443942079341,0.5148757073667054,0.2968432735194104,0.29677123251173176,0.006985181994629566,0.4737300741979745,0.3178135697885642,0.00358669670927568,0.00358669670927568,0.0036454173657122085,0.29677123251173176,0.5192631110417105,1.2147984134732752,0.0036379694545356778,0.29677123251173176,0.2968432735194104,0.010084649632127761,0.2968432735194104,1.2150335843154318,0.022550993574928922,0.5149670370788915,0.00358669670927568,0.00358669670927568,0.29982102039406167,0.3256683840424454,0.0014115467704291784,0.29677123251173176,0.29677123251173176,0.00358669670927568,0.3009526881347442,0.00358669670927568,0.00358669670927568,0.00358669670927568,0.2968432735194104,0.0035091209755024402,0.5148757073667054,0.30061673139444767,0.022550993574928922,0.13921865910436554,0.00358669670927568,0.5148757073667054,0.29677123251173176,-0.009323608706998283,0.2968432735194104,0.2968432735194104,0.0032744551209640677,0.2968432735194104,0.00358669670927568,0.6057658293488576,0.00358669670927568,0.2967968730077471,0.44614908504564366,0.001552307721788368,0.2968432735194104,0.00358669670927568,0.3004022451415968,0.003643931699615126,0.31357115216111153,0.00358669670927568,0.5148757073667054,0.3050276191955662,0.00358669670927568,0.006378636258013527,1.220873559780548,0.5149670370788915,0.2968432735194104,0.02264531495460457,1.2147984134732752,0.00358669670927568,0.29684484639088354,0.00358669670927568,0.29677123251173176,0.4519299371478705,0.5148757073667054,0.01840112958971577,1.2147984134732752,1.2454360476073612,0.30612498021133056,0.00358669670927568,0.29677123251173176,0.03317189898003165,0.29677123251173176,0.2968432735194104,0.2967657594372126,0.00358669670927568,0.006378636258013527,0.10114309399094477,0.00358669670927568,0.5148757073667054,0.019973703065490123,0.00358669670927568,1.2420305338522073,0.29677123251173176,0.13725029922227244,0.00358669670927568,0.2968432735194104,0.2968432735194104,0.2968432735194104,0.2992691362857891,0.32109720594002134,0.00358669670927568,1.2172150867293587,0.29688738225541905,0.514882953811014,0.004960663997384346,0.5490501816987231,0.006985181994629566,0.00358669670927568,0.29677123251173176,0.00358669670927568,0.1694069645694836,0.29677123251173176,0.00358669670927568,0.297250639533437,0.00965367627140084,0.009908793668611159,0.5379056181184381,0.29677123251173176,0.003587746734896112,0.5149670370788915,0.2968432735194104,0.00358669670927568,1.2147984134732752,0.00358669670927568,0.5149670370788915,0.00358669670927568,0.2968432735194104,0.0038721427269898523,0.3060522807005183,0.2968432735194104,0.00358669670927568,0.006873691583079038,0.30154663356692707,0.05625803840632551,0.5148757073667054,0.29167399321121995,0.00358669670927568,0.01663753294520219,0.00358669670927568,0.014930989858931279,0.2968432735194104,0.2968432735194104,1.2147984134732752,1.2150335843154318,0.00713087484932573,1.2147984134732752,0.00358669670927568,0.2968432735194104,0.5148757073667054,0.004230043278935183,0.00358669670927568,0.4508383916019243,0.00358669670927568,0.29677123251173176,0.00358669670927568,0.2968432735194104,0.5288936744095614,1.2159538546452484,0.015070437858589032,0.29218741137563925,0.29706748187329113,0.0050167725524263435,0.00358669670927568,0.29677123251173176,0.32029682797698156,0.032829697919034014,0.29677123251173176,1.241400145167675,0.11574416527167031,0.2967232635865118,0.04064708672045797,1.2453850183948774,0.29934393774315066,0.00358669670927568,0.5152821478355853,0.00358669670927568,0.4461432499773588,0.4508383916019243,0.003587746734896112,0.5449035679597991,0.2968432735194104,0.3292508269154514,0.29677123251173176,6.620989788164167e-05,0.30129710536945387,0.022668067697690045,1.2150335843154318,0.00358669670927568,0.013701414950130525,0.12797315652360625,0.2932199049548646,0.5148757073667054,1.2147984134732752,0.29677123251173176,0.03647801218032272,0.3053297782946265,0.00358669670927568,0.14655564881883276,0.022553535239198882,0.3050276191955662,0.5149670370788915,0.2968432735194104,1.2147984134732752,0.29677123251173176,0.5287021415663405,0.2968432735194104,0.2968432735194104,0.29523931612675136,0.00358669670927568,0.29677123251173176,0.29721068777193005,0.32980249187448496,0.6658749830666522,0.00358669670927568,0.4461432499773588,0.2982778845423376,0.28782562127914724,0.00358669670927568,0.29677123251173176,0.003652899367781924,0.12424653626414328,0.12424653626414328,0.30322309945312226,0.44628137472490725,1.2147984134732752,0.00358669670927568,0.07117583642347275,0.00358669670927568,0.2968432735194104,1.4448521423212561,0.5149151144868549,0.3050276191955662,0.29677123251173176,0.00358669670927568,1.219197183964321,1.24518683910378,0.013105789360483282,0.00358669670927568,0.3292000889665285,0.29706748187329113,0.08529104870855593,0.28851552681968773,1.2147984134732752,0.5161291546688943,0.00358669670927568,0.3104737159174813,0.00358669670927568,0.00358669670927568,0.00358669670927568,0.0038904930623493914,0.00364002632470848,0.44614908504564366,0.12424653626414328,0.2968432735194104,0.03282029631560654,-0.0006709233091663144,0.013588708426431215,0.2962221261872415,0.29703734833425,0.29677123251173176,0.00358669670927568
chr6:105136346:105136347:NM_147147:BVES,0.1317898638180945,0.06701320435570773,-0.004826558260013256,0.3367334211894855,0.00841419045123197,0.2002544932131211,0.012656065441130945,0.0022981661524598546,0.07204726795338591,0.11827339778952352,0.0186698102464313,-0.005016032260309722,0.09844447852137048,0.1341294469079991,0.3367334211894855,-0.005111541158611857,0.34057710958040094,0.27214784641615064,0.09687129671071626,-0.005111541158611857,0.012174396505691784,0.0030500889499962686,-0.005111541158611857,0.09543308118346483,0.3367334211894855,-0.0050161568025345465,0.8912366979864991,-0.005111541158611857,-0.005111541158611857,-0.004640170862438772,0.06350265972932863,0.26785319302320365,0.015509317902988734,0.06413681282134905,0.020695237606710257,0.01994440992112466,-0.005144316623002632,-0.005111541158611857,-0.0008472181916278215,-0.002830371928065581,0.001878279958635265,-0.005111541158611857,-0.0017471447490403913,0.1285788911035196,0.14251005317695462,0.09164288656757452,-0.005162186712648606,-0.004640170862438772,-0.012252922883249973,0.008317251579977258,-0.0032684762564308273,0.32416283866938933,0.019005231146593984,-0.005144316623002632,0.3367334211894855,-0.004731149394525319,0.3368031737539836,0.3367334211894855,0.13047300680491108,0.32416283866938933,0.014541762281834111,-0.005111541158611857,0.44916627844962126,0.12039994838641979,0.13257787446357733,-0.005111541158611857,0.3367334211894855,0.014541762281834111,0.09364280097636435,-0.0017646091038086148,-0.0044761944494011024,-0.0048950601327933385,0.33802285861058473,-0.005111541158611857,0.008317251579977258,-0.005111541158611857,0.13047300680491108,0.4073358631876433,0.0020090851108382213,0.3367334211894855,0.001878279958635265,-0.005072875540155772,0.3367334211894855,0.8913192315936231,-0.0035265918010205233,0.3367334211894855,-0.005111541158611857,0.06592993929205737,-0.005162186712648606,0.10091304749999114,-0.004440228467840368,-0.005095988948743191,-0.005111541158611857,-0.005111541158611857,0.44753674915051955,0.3369872353247832,-0.003919828966013436,0.5019610568327733,-0.005111541158611857,-0.005456916246303248,-0.005144316623002632,-0.004136333051431379,-0.00278131568809363,-0.005111541158611857,0.3473810781309495,0.13037463152304885,-0.004813623403254003,0.4936848477413085,0.10676404639276076,-0.00487718564653504,0.14889565076103928,0.11338052837202695,-0.005111541158611857,0.32416283866938933,0.043533685358785684,-0.004879751911466335,0.14237383757707484,0.001878279958635265,0.3367334211894855,0.023165042717901846,0.001878279958635265,0.3367334211894855,0.10600397889668414,-0.005111541158611857,-0.003107885173542796,0.13525481773545153,-0.005111541158611857,0.3367334211894855,0.22679305739400674,-0.005093673427291806,0.120729421039328,-0.005111541158611857,0.15657525158523283,-0.005111541158611857,0.32416283866938933,0.001878279958635265,0.001878279958635265,0.35663329993865706,0.44753674915051955,0.3367334211894855,0.13020195652337846,0.33652978209998996,0.049297251756740365,0.5701416761283472,0.04315880237224326,-0.005111541158611857,-0.005111541158611857,0.10221485396818802,-0.005111541158611857,-0.005114264178058409,0.1384850537727263,0.8912366979864991,0.3276116508489534,-0.005111541158611857,0.06463518221883288,-0.004812140423663597,-0.005111541158611857,-0.005111541158611857,0.3367334211894855,-0.005111541158611857,-0.005111541158611857,-0.004691266632735225,-0.005144316623002632,0.32416283866938933,-0.005144316623002632,-0.005111541158611857,0.4691139583635704,0.14006922122057341,0.1384850537727263,-0.005093673427291806,-0.0050529934428290985,0.16848665991343287,0.6225554412611107,0.13020195652337846,0.0015721580397299317,0.8912366979864991,0.5584329507351476,-0.005111541158611857,0.32394880652398106,0.8902707863550819,-0.005111541158611857,0.1384850537727263,0.3367334211894855,0.2858293350240117,0.32416283866938933,-0.005144316623002632,0.8912366979864991,0.04353723010736485,0.011047168714574382,-0.005093673427291806,0.11386559621432343,0.3276116508489534,-0.002865760182960919,-0.005093673427291806,0.001878279958635265,-0.005411584606013528,0.13847386623618188,-0.005114264178058409,0.6921936768394988,0.3242941960815133,0.04333436225567129,-0.005144316623002632,0.32416283866938933,0.02760226645465548,0.09389502940129549,0.3367334211894855,0.9402670915471104,0.1510257190208581,-0.004598411151250828,0.10856181460691876,0.47864874441036726,0.4460027218341389,-0.005485095567172207,0.3367334211894855,-0.005162186712648606,-0.00511019992834956,0.012657474674738309,-0.005111541158611857,0.7711792523768377,0.3404516886212445,0.06555476628313701,-0.0050182815482617965,0.09365918167950955,-0.002151279765192027,0.1351280226260701,-0.005111541158611857,-0.005111541158611857,0.09389521564347994,0.004581244970406059,0.7934134338652998,0.3367334211894855,-0.005111541158611857,0.3367334211894855,0.3368514993019333,0.04144695346745221,-0.005093673427291806,0.32469284203120513,0.04175201203115615,0.041769182888528114,0.3367334211894855,0.3367334211894855,0.141097059361844,0.1384850537727263,-0.003259201442603027,0.32416283866938933,0.3367334211894855,0.447535186028788,-0.005144316623002632,0.001878279958635265,0.3405891076465353,0.04979726737452586,0.001878279958635265,-0.005111541158611857,0.32416283866938933,0.351325304628932,0.7934628904836838,-0.005357075609825554,0.001878279958635265,-0.004741239445892165,-0.004967643909822211,-0.004967643909822211,0.44753674915051955,-0.0019396928405408798,0.001878279958635265,-0.005111541158611857,-0.003433532551561286,-0.005111541158611857,0.3367334211894855,0.46268109619711906,0.001878279958635265,0.28304754205952387,0.10832464869985618,0.1135745508280498,0.13848537781507364,0.4599092725545285,0.5571037011073477,-0.005144316623002632,0.3711533087761327,0.33679758769348755,0.054413097739812843,0.4630429101467208,0.12645459516227794,0.33678761979184463,-0.005111541158611857,0.09389502940129549,-0.004719894528849106,-0.004491253503403639,-0.005144316623002632,0.4498768307215062,-0.005111541158611857,-0.0020522710015876827,0.13295990600553076,0.004139219528041735,-0.00532545059038915,0.2858637064305153,0.048669162602984664,0.32416314430610027,0.1384850537727263,0.004139219528041735,0.09364237069383287
chr6:108559822:108559823:NM_201559:FOXO3,0.30468083312706273,0.262953481076086,0.3139254263949501,0.012462120025465984,0.2659571014454609,0.3195900103716792,0.11714508169197202,0.24552455847665022,0.361443256998587,0.3165706546368733,0.23326008507122986,0.22367630498617375,0.43547044698015114,0.18277765674001623,0.10187234589745109,0.24552455847665022,0.018297175312874336,0.4127549714741215,0.1577515209637158,0.1894146164669286,0.04794568749534356,0.41751490117239365,0.1577667624534912,0.19421465969202645,0.2622376343273578,0.3129034978676621,0.380667243456795,0.1577667624534912,0.3129034978676621,0.18127252069031996,0.1184323617288423,0.18988377353819252,0.3394192766654896,0.026021710163383727,0.2856742808513073,0.022087281791753344,0.0009202326200633548,0.07023090139775867,0.0050750795953157235,0.19282133009468672,0.2704998010160902,0.3670330966143999,0.5646220474900415,0.2069591255349531,0.46485306479897,0.10078080856777721,0.007260819006392749,0.15928965396139316,0.002332515923998635,0.0429478294838177,0.08758531378220169,0.0009202326200633548,0.355131806724793,0.007260819006392749,0.2704998010160902,0.18127252069031996,0.5393613488697123,0.08071070014561721,0.2144641833546289,0.3633654270858749,0.10124313964873755,0.05845630436658489,0.0027829229706257674,0.023027179150270416,0.19597237473404627,0.0009202326200633548,0.08071070014561721,0.024694616246115242,0.04635771798137922,0.20409345960135317,0.0009202326200633548,0.5731161025477733,0.0009202326200633548,0.0009203829819371956,0.25781772017728266,0.1357612576508188,0.2144641833546289,0.047587318270258416,0.12287889618671799,0.07023090139775867,0.380667243456795,0.0218148983648081,0.10187234589745109,0.3646170375261121,0.0009937458015194522,0.36362250751201136,0.0009202326200633548,0.5599240387968176,0.007260819006392749,0.04871458989676036,0.03508133879069231,0.0009452132012474079,0.1808298895252919,0.0056821187248022875,0.0009323271977311753,0.05014715225796679,0.20064938665934828,0.37104815964823423,0.10187234589745109,0.10697220611823077,0.007260819006392749,0.15679209024531116,0.05343409615939021,0.012137400609419702,0.2704998010160902,0.40109866675979644,0.05952976816339861,0.04976721975259624,0.030039474485626383,0.007260819006392749,0.0016334126473056543,0.22195686928896058,0.04440038023696191,0.021686269513105594,0.0010158095968951786,0.05339013331714726,0.5617677228784734,0.04440038023696191,0.05517731736337744,0.04981204501479608,0.0009202326200633548,0.13182117221679518,0.3780278996047823,0.0009202326200633548,0.15685519912677437,0.40306478675362,0.0009202326200633548,0.08071070014561721,0.09315288701454683,0.0009202326200633548,0.11020101658978165,0.2704998010160902,0.12073523655854834,0.0056821187248022875,0.3670330966143999,0.04871458989676036,0.04871458989676036,0.010233848011516278,0.24386950566588306,0.0009202326200633548,0.1440025903218618,0.15020993270488747,0.000953750755841698,0.06336460181365977,0.001335668899437148,0.18127252069031996,0.0009202326200633548,0.31730712264711636,0.18127252069031996,0.04868327652207183,0.04440038023696191,0.32486753951419955,0.00390672900393918,0.18128903072467706,0.27895723994114324,0.02381333018352394,0.04440038023696191,0.18709593543192515,0.0009202326200633548,0.0056821187248022875,0.0009202326200633548,0.0056821187248022875,0.007260819006392749,0.10952490784766733,0.007260819006392749,0.04440038023696191,0.06106124841596372,0.1960239289838357,0.12287889618671799,-0.02430859698449428,0.17903610663656067,0.146858089418821,0.1488239210502842,0.0009202326200633548,0.22908514872448887,0.20292725519178656,0.37216635269322973,0.1808298895252919,0.048324320804847165,0.10783456944642889,0.31354411676045024,0.04440038023696191,0.0487192685785478,0.18407056664582844,0.04440038023696191,0.0009202326200633548,0.0009202326200633548,0.0010165224729598021,0.11138326467494009,0.007260819006392749,0.1126326222602485,0.4925972416713413,0.0009202326200633548,0.0009202326200633548,0.33070063278635076,0.1578618950731394,0.2704998010160902,0.04363262766534093,0.050208519069743995,0.4249063123190235,0.0351062789222405,0.007260819006392749,0.18143892312313925,0.21599249357115247,0.06657688746824408,0.0009202326200633548,0.004142822341906549,0.063170139516885,0.056306671021818855,0.45000702701726986,0.082787737089422,0.01894667715994358,0.005979291943566278,0.21635388962228025,0.007260819006392749,0.2704998010160902,0.1455767505865918,0.18709593543192515,0.19038087689103278,0.2516490242617825,0.1943259113658039,0.1018774855731992,0.17141149029931346,0.3784394315036421,0.33499205708423874,0.0009202326200633548,0.0009202326200633548,0.043275051773493,0.2063294770403452,0.42956900320293395,0.0009202326200633548,0.04440038023696191,0.0010158095968951786,0.1228831753559092,0.10697729162458114,0.18127252069031996,0.11632356839603936,0.007446756276031197,0.005964673663646725,0.08071070014561721,0.32486753951419955,0.05517731736337744,0.2704998010160902,0.18533563778953077,0.04440038023696191,0.012137400609419702,0.2704998010160902,0.007260819006392749,0.04440038023696191,0.21859461637247568,0.10697729162458114,0.0014717889177253696,0.47469432659424554,0.2704998010160902,0.026035445197163276,0.4267455454230961,0.17104161857414413,0.04440038023696191,0.06097828571880992,0.3028304054372023,0.3028304054372023,0.03440673312451403,0.18200239992249,0.0009202326200633548,0.0009202326200633548,0.18247252911606626,0.0012016594565186223,0.0009202326200633548,0.39373843669378766,0.0009202326200633548,0.10697716111108124,0.007265036075361109,-0.011257404750797506,0.04440038023696191,-0.0184510593324283,0.15223070875884875,0.007260819006392749,0.01844806736714588,0.18090583259523274,0.0027334267749723473,0.07574013410450403,0.38942661656847133,0.21574684804017136,0.0009202326200633548,0.04338895613068772,0.0009202326200633548,0.06368448315335751,0.007260819006392749,0.1941301000672785,0.08350049991551889,0.08194841678449938,-0.02430422569856927,0.04440038023696191,0.18083448366424593,-0.0163617205821025,0.18011258259262913,0.0009245466249054868,0.2704998010160902,0.2753620431714803,0.0009202326200633548
chr6:138161915:138161916:NM_020340:ARFGEF3,0.005692505750447996,0.009267204156145709,0.3051780496588918,0.42315122949192957,0.005762815973319124,0.013664847876750263,0.005640112744583814,0.005640112744583814,0.010508214644919883,0.005847781628624038,0.010279897736623328,0.007239400504666066,0.30502650732112424,0.005692505750447996,1.0436577315666533,0.005640112744583814,0.4238618441765451,0.07288438855217444,0.00725918243230278,0.3052870786742921,0.008019328115172752,0.005759546120776116,0.0056685720489483005,0.008453523526401496,0.00867845814676671,0.3052870786742921,0.3049407829235944,0.0056685720489483005,0.30491743646732467,0.009544648935056382,0.04149043256435503,0.30710603672269754,0.008808795762312083,0.007083715031653726,0.005813478442859593,0.008626331224465572,0.008626331224465572,0.42315122949192957,0.00011930736539825237,0.08781271060734436,0.42315122949192957,0.00867845814676671,0.007386714837723407,0.009412121932932976,0.31059902597645594,0.3041413976331233,0.005640112744583814,0.01028035677928818,0.0056888718300217855,0.00867845814676671,0.006525835352601983,1.0436577315666533,0.010279897736623328,0.008808795762312083,1.0436587087531684,0.005640112744583814,0.4280238843607265,1.0436577315666533,0.008613551377136486,0.00867845814676671,0.0066168097440084395,0.005692505750447996,0.005692505750447996,0.05171181657612842,0.005640112744583814,0.017476209695009598,0.3049407829235944,0.006214200833311506,0.005692505750447996,0.41852005669688636,0.005692505750447996,0.007259721112745088,1.0436577315666533,0.010082132217182571,0.005762815973319124,0.005640112744583814,0.008613551377136486,0.007688864483986424,0.3072285561707073,0.00867845814676671,0.3049407829235944,0.005640112744583814,0.3049407829235944,1.0451519165333765,0.005640112744583814,1.0436577315666533,0.42315122949192957,0.04793131693763086,0.005822378571196496,1.0703917388925013,0.008945863713425678,0.005845838257819619,0.019040726887751852,0.3049407829235944,0.0069872723141496396,0.3069902818838944,0.4212288637517596,0.3057025771826377,0.005692505750447996,0.42884077512710034,0.008808795762312083,0.41847890721847814,0.024712506271889312,0.00867845814676671,1.0436577315666533,0.3086834430628711,0.011787677690406284,0.3050823165274493,1.0664344556259517,0.008808795762312083,0.00867845814676671,0.008562031527067665,0.00867845814676671,0.00867845814676671,0.008801431365695944,0.023813878921303405,0.005692505750447996,0.3049407829235944,0.3224308429374033,0.07577138711732148,0.3049407829235944,1.0436577315666533,0.007123988314426205,0.4221274003086651,0.41852005669688636,0.004230166399097068,0.020802798874536815,0.3049407829235944,0.0875426866536434,0.005692505750447996,0.4406937625184965,0.00867845814676671,0.13455406713665374,0.418595413430537,0.3049407829235944,0.41839141322922746,0.41839141322922746,0.3054855775689413,0.04293046010155857,0.3049407829235944,0.00701372205719672,0.3008582905683543,0.008801303557917473,0.020141664558130157,0.00011930736539825237,0.005692505750447996,0.005713527672192881,0.3087777765273406,0.005822378571196496,0.006149870778753758,0.3049407829235944,0.3049407829235944,0.008626331224465572,0.008608885958735879,0.01797952921939469,0.023831140406312984,0.02157368660742473,0.006634434664774341,1.047886772387152,0.00867845814676671,0.42315122949192957,0.013323971898063974,0.008626331224465572,0.00867481889308383,0.005822378571196496,0.3049407829235944,1.0476847208055875,0.005692505750447996,0.32020144639176507,0.4232388965554725,0.005692505750447996,0.013641302359435697,0.09609666350285023,1.0440131185082682,0.4407895822315533,0.42315122949192957,0.0395345495126167,0.42315122949192957,0.0056939174763759315,1.0502318427138315,0.019040726887751852,1.0436577315666533,0.30860647470724256,0.006958472345058447,0.008626331224465572,0.008808795762312083,1.0498563899714526,0.008801303557917473,0.42886445905132187,0.008808795762312083,0.00861789353413242,0.3050804228765177,0.3008582905683543,0.005822378571196496,1.0437735581637422,0.00011930736539825237,0.00867845814676671,0.005692505750447996,0.008541563693259369,0.4317218446860909,0.005822378571196496,0.008931700879504206,0.019040726887751852,0.008613551377136486,0.019146577742894966,1.0436577315666533,0.3045076698237222,0.037822139220080986,0.4132733427292066,0.010194762608862457,0.3194386750462664,0.019040726887751852,0.42345909003302173,0.41839141322922746,0.30530030469229524,0.005692505750447996,0.008557018710680458,0.006634434664774341,0.47577201873084923,0.42702369845998195,0.6991173299837333,0.008931700879504206,0.005692505750447996,0.005640112744583814,0.03213455215127989,0.3049407829235944,0.3008582905683543,0.019194898137638583,0.005692505750447996,0.33032878390229753,0.00867845814676671,0.009944910296789677,1.042389092433683,0.3120058325018516,0.1543749093562174,0.005692505750447996,0.02597482697168388,0.00580733991290433,0.4353572628702439,1.0436577315666533,1.0436577315666533,0.3049407829235944,0.008801303557917473,0.00011930736539825237,0.008202396034298648,0.3224308429374033,0.3207076874874509,0.008808795762312083,0.008801303557917473,0.4317218446860909,0.11197900779080622,0.305103721817714,0.005692505750447996,0.42315122949192957,0.010002571642551,0.029775393687501733,0.008397193848518614,0.00867845814676671,0.00867845814676671,0.005692505750447996,0.005692505750447996,0.005692505750447996,0.08490623112977497,0.00867845814676671,0.005640112744583814,0.02067855599833271,1.0436577315666533,1.0436587087531684,0.014190428377687275,0.30500166180338834,0.4234949153176989,0.008931700879504206,0.007280511321124866,0.30868571267108685,0.007019939994780122,0.04762081862618853,0.3051547583107483,0.024178802031348007,0.01141316084627056,0.06113115904338701,0.42501763932022496,0.005640112744583814,0.4209497082330461,0.005692505750447996,0.019575858658152034,0.009596204865797486,0.00867845814676671,0.008931700879504206,0.008387394638448148,0.005692505750447996,0.005692505750447996,0.4208281687250377,1.0436577315666533,0.00587422484878139,0.31287521973627563,0.4247199447183088,0.005692505750447996,0.3049407829235944,0.41839141322922746,0.005692505750447996
chr6:139135111:139135112:NM_016217:HECA,0.12012656251393913,0.3807810420038571,0.19956573361566698,0.1987900501527525,-0.004417291928465364,0.2010360197130317,-0.004332470922544088,-0.004332470922544088,0.3052273081732219,0.12076967117230658,-0.06957086176445208,0.06533826204342626,0.12328231282511629,0.12030261648757114,0.19871025684608418,-0.004332470922544088,0.09313267683842191,0.18886301026882635,-0.003652836570350787,-0.07573600644604811,-0.004417291928465364,-0.004332470922544088,-0.004417291928465364,-0.004332470922544088,0.19871025684608418,-0.07573600644604811,0.19871025684608418,-0.004417291928465364,0.19871025684608418,-0.004332470922544088,-0.07951965896090273,0.39376859924047203,-0.07429918021851606,0.19817410233412094,0.19828554294447392,0.4127897414642053,-0.004417291928465364,0.19871025684608418,0.19817410233412094,0.2235672658691851,0.19871025684608418,0.19871025684608418,-0.07538176053401856,0.16123658531178064,0.1350946653811551,0.10698774282349932,-0.004417291928465364,-0.004332470922544088,-0.003850846252622747,-0.004417291928465364,0.34136173720302915,0.19871025684608418,-0.06957086176445208,-0.004417291928465364,0.199520742735646,-0.004417291928465364,0.06934063456794645,-0.004417291928465364,0.21580335398035708,0.08875440232820958,0.22645123005244305,-0.004415999416212402,0.19142221753659494,0.2193791961129875,0.08186874576335543,-0.004417291928465364,0.19871025684608418,0.19817410233412094,-0.0041723408527388345,-0.004417291928465364,-0.004417291928465364,-0.07573600644604811,0.19871025684608418,-0.004332470922544088,0.19871025684608418,-0.004332470922544088,0.21580335398035708,0.21744304053021873,0.19871025684608418,0.19871025684608418,0.19871025684608418,-0.0001660515098259735,0.19871025684608418,0.08875440232820958,0.1981774983727703,0.199520742735646,-0.004417291928465364,0.6588187704941282,-0.004417291928465364,0.20910789543465383,-0.07511840124499035,-0.004417291928465364,-0.004417291928465364,-0.004417291928465364,-0.0041723408527388345,0.20467082267890926,0.0020095335129592523,0.3790039143835754,0.013712288504029044,0.0020095335129592523,-0.004417291928465364,-0.00366679743420531,-0.005727471677856741,-0.004332470922544088,0.08947410576674861,0.13428074607152984,-0.003732048541330635,0.20088252182718003,0.20909556593293455,-0.004417291928465364,-0.075659076883747,0.004925807844028393,0.6065180846275908,-0.004332470922544088,0.1026050078142579,-0.0127539224234125,-0.07468222370003409,0.19871025684608418,0.20102270824109383,-0.0011541134061556768,0.19871025684608418,0.19871025684608418,0.12265049650264218,0.19871025684608418,-0.004417291928465364,0.12318034146887591,-0.004417291928465364,-0.004417291928465364,-0.003628037758980865,-0.004417291928465364,0.2842625305011924,0.19871025684608418,0.006934604534049801,-0.004405829573376319,-0.07573600644604811,-0.004417291928465364,-0.004417291928465364,0.45521732316850316,0.0010977192164698668,0.19871025684608418,0.1987900501527525,0.40717679214270275,-0.004417291928465364,0.036876968198524346,0.20578370518781477,-0.004417291928465364,-0.004417291928465364,0.12118867848227732,-0.004417291928465364,1.0003743887239342,0.19871025684608418,0.19871025684608418,0.10730657012342176,-0.004332470922544088,0.19941969515239802,-0.004488975764766853,-0.0035788438331220696,-0.004417291928465364,0.19871025684608418,0.19871025684608418,0.19871025684608418,0.1987900501527525,-0.004417291928465364,0.19871025684608418,-0.004417291928465364,-0.0017129787740764457,0.19804332887794054,0.19828554294447392,0.1987900501527525,0.19871025684608418,-0.004417291928465364,0.32660463715756716,0.036552376288246105,-0.004417291928465364,0.22413101373965363,0.19871025684608418,0.038027121149990906,0.19871025684608418,0.014379714482913489,0.08875440232820958,0.1987900501527525,0.19871025684608418,-0.1738889250878085,-0.075659076883747,-0.07573600644604811,-0.004417291928465364,0.1987900501527525,0.1026050078142579,0.20600228869292816,-0.004417291928465364,-0.0008630627302402272,-0.0041203693469878955,0.19871025684608418,-0.004417291928465364,0.19871025684608418,0.19817410233412094,-0.004417291928465364,0.004433973482852002,0.18532174686186006,0.20211292964707034,0.13268888822930858,-0.004417291928465364,0.19871025684608418,0.21599513285252653,0.2053174845862985,0.19871025684608418,0.23393240969600754,-0.002610887887744537,0.1026050078142579,-0.0030043818787973547,0.2919051496156003,0.39410568453833694,-0.004405829573376319,-0.06618919303452157,-0.004417291928465364,0.08875440232820958,-0.0013070346080936018,-0.004417291928465364,-0.000619582059125684,-0.08643843287887956,0.005691922444218858,-0.004417291928465364,-0.004417291928465364,-0.00366679743420531,0.21772318489391226,0.19871025684608418,-0.004417291928465364,0.008736072004740983,0.22764982689821012,0.19474315314746057,-0.004417291928465364,0.19871025684608418,-0.004417291928465364,0.2062381710163006,-6.958004985542499e-05,-0.004417291928465364,0.7722588516126043,-0.00439748094032931,-0.004405829573376319,0.19871025684608418,0.199520742735646,0.21790513757971666,0.19871025684608418,-0.004414363312579536,-0.07573600644604811,0.20110201340028006,0.1853905992656983,-0.004417291928465364,0.19871025684608418,0.08575608699847398,-0.004321007556099793,0.40706976218824686,0.009213904853234728,0.19871025684608418,-0.0014589105768492289,0.06743191965851683,-0.004417291928465364,0.19871025684608418,0.08873799611437669,-0.004417291928465364,-0.004417291928465364,-0.012668405038816541,0.10803908162464228,-0.004332470922544088,-0.004417291928465364,-0.004265473781739748,-0.004417291928465364,0.20059643716969225,0.18935060730911737,0.1026050078142579,0.22574271653953848,-0.07511840124499035,-0.004288921425361289,0.19871025684608418,0.0077998916966863785,0.21356645669766622,-0.004417291928465364,0.10992015126405522,-0.07326882176702416,-0.0034828148376522122,0.2781149389414969,0.18521731912395725,0.10703537569077444,0.19871025684608418,0.009770118260258823,-0.004332470922544088,-0.07573600644604811,-0.004417291928465364,-0.004332470922544088,-0.004417291928465364,-0.0036957938296567072,0.19918129027680814,0.19871025684608418,0.00019592242176699748,-0.07194462099563355,0.07213514241675895,-0.0124585134208883,0.19871025684608418,-0.004417291928465364,-0.004195723088949624
chr6:148342592:148342593:NM_015278:SASH1,0.3936522207720809,0.5318180227202309,0.08039858713104076,0.2930893735762332,0.3924609801312553,0.5114516323637656,0.1772337182530559,0.18198127323495314,0.6070903930730515,0.6099162928094738,0.37209807644582127,-0.0009810015679551365,0.6168419237651711,0.41795778463544947,0.2930893735762332,0.18186198897800593,0.29307914134273483,0.5681787139988466,0.0023634040242437315,0.3105681787241188,0.010538853118769037,0.3524309462518334,0.18131221431101374,0.025413171141148577,0.2060974009859823,0.29897533644093677,0.2930893735762332,0.1812162790637215,0.3120399320243939,0.253285574760924,0.18553370052938556,0.7325666272405819,0.08742089964592631,0.20156331522203189,0.3372998720384939,0.8647566187171287,-0.0008883654189810464,0.2060974009859823,-0.0009330937598968636,0.08647533990761144,0.2930893735762332,0.2930893735762332,0.3971846384084928,0.014555271001786801,0.6777885045053775,0.004860713645816944,-0.0009231565044755807,-0.0008579730875985792,-0.0018618348840136745,-0.0009535544639541205,0.18462632362989354,0.2931764625804038,0.3726501521369976,-0.0009231565044755807,-0.0008883654189810464,0.0821773447360428,0.20969330477937184,0.2930893735762332,0.7163842856632537,-0.0007917994035655795,0.18444300971452354,0.23827482817833542,0.08043880508913795,0.19611870900588058,1.3928191401454704,-0.0008883654189810464,-0.0008883654189810464,0.20065480206161496,0.08046890797468864,0.4714960492055267,-0.0008890408830798668,0.010539080261170924,0.2060974009859823,-0.00047605002585954237,0.6579987660731721,0.1823981118184252,0.7163842856632537,-0.0007207984731225359,0.2930893735762332,0.2060974009859823,-0.0008883654189810464,0.20624981875819434,0.2061112550349224,0.2931662948083548,0.20604505583581434,0.20685035148928174,0.2060974009859823,0.16423867338485346,-0.0008579730875985792,0.2994339138107128,-0.0008883654189810464,-0.0009404882891428101,0.2930893735762332,-0.0008883654189810464,0.39482583779654123,0.29309528993108414,0.259388446908517,0.564898728306706,0.0682055130128228,0.03697179391814623,-0.0009231565044755807,0.45499219491205833,0.003798125747203923,-0.0008883654189810464,0.2751321469606718,0.6113465712631128,0.08625158251823603,0.7108618740691974,0.29963954731491516,-0.0008579730875985792,0.009573397464143735,0.004472268807725915,0.2931271926950203,-0.0008883654189810464,-0.0008883654189810464,0.0035267428424889113,0.4727210445262144,0.2930893735762332,-0.0008359180678220446,0.022172319684331893,-0.0008883654189810464,0.2930893735762332,0.3890649398312164,0.2930893735762332,0.4714960492055267,0.7913316346227013,0.004412370285873629,0.2930893735762332,0.3822538521968283,-0.0008883654189810464,0.06978468644358435,0.2930893735762332,0.4448108925070919,0.004320218843610668,-0.0008883654189810464,0.2060974009859823,0.2060974009859823,0.3870560395155941,0.01766435504030131,-0.0008883654189810464,0.29169376537607883,0.010417411811845412,-0.0008834725942319099,0.26521197884252545,0.2161051069828815,0.25469217512452913,0.015776476773799286,0.3041368541044157,-0.0008579730875985792,0.17627221042552374,0.2930893735762332,0.2930893735762332,0.25240630170973644,0.0817238470670125,-0.0010287140551567264,0.004221832458319086,0.29410884075795335,0.29453327301952903,0.2931764625804038,-0.0008883654189810464,0.2930893735762332,0.15416684718573884,-0.0017781389163968597,-0.0008883654189810464,-0.0009535544639541205,0.29320647430129126,0.3839077290154161,0.41694398382272635,0.29955368672106797,0.06397160355313544,0.25726923446865635,0.26413769918627367,0.313495883455118,-0.0008883654189810464,0.14284843668807182,-0.0008883654189810464,0.27670524657994006,0.2930893735762332,0.09249618553498656,0.29696972846422837,0.2930893735762332,0.2930893735762332,0.8650171745980559,0.186435961572586,0.2931271926950203,-0.0009535544639541205,0.2060974009859823,-0.0018595479828690809,0.01826083374707782,-0.0009535544639541205,0.015710525907953493,0.20685035148928174,0.2930893735762332,-0.0008579730875985792,0.21737106600892733,0.21611363347872276,0.2928990818619537,-0.0008883654189810464,0.16955993859802254,0.22172842700706846,0.15685794229647784,-0.0009231565044755807,0.012345659754285088,0.7130373573429184,0.5112461535381371,-0.0008883654189810464,0.2974010652918997,0.2603215967840783,-0.0008790244846338946,0.0023585036621873168,0.018682056321789542,0.39525565521866524,0.9116533765767714,0.2930893735762332,-0.0009231565044755807,-0.0008883654189810464,0.015710525907953493,0.2930893735762332,0.29146399949941404,0.20972554447374664,0.2693902482838359,0.17730328911842497,0.22516820164591672,0.730539251234807,1.2910609716800192,-0.0008883654189810464,-0.0008579730875985792,0.29970029732765857,-0.012285272769596678,0.36460523080014023,-0.0008883654189810464,0.2930893735762332,0.2060974009859823,0.21430728389382647,0.04353518718295882,0.009690026318585343,0.08720497940427532,0.03983579126190728,0.031598144736867506,0.2060974009859823,0.2060974009859823,0.2930893735762332,0.2930893735762332,0.21151593159079896,0.2930893735762332,0.2931363325382945,0.08520021358320212,-0.0009231565044755807,0.2930893735762332,0.19872222278342527,0.2564235823707241,0.21156652095733317,-0.0008883654189810464,-0.0008883654189810464,0.19411168373958262,0.3479821249784922,0.16401512115960354,0.2930893735762332,-0.0008883654189810464,-0.0008883654189810464,-0.0008883654189810464,0.0810915200021404,0.5653731755865071,-0.0008883654189810464,-0.0008883654189810464,0.3005050545839918,0.2931702430092385,-0.012320457630842552,0.4134074878485909,0.3905092814453149,0.19012010719823524,0.3115426710614848,0.502931669858102,0.2930893735762332,0.27886859145416965,0.21883629777558128,-0.0009535544639541205,0.3142375488739622,0.20614337289871898,0.14538881080604962,0.08105766152784835,0.5200999425351732,0.2930893735762332,-0.0008883654189810464,0.29970029732765857,0.01053786387692146,0.09135392580384796,-0.0008579730875985792,-0.01189928013233671,0.06969569081838614,-0.0008883654189810464,0.1649428864775512,0.2930893735762332,0.022581105048850136,0.25254471219174246,0.2592254346709871,0.08074134281207379,0.2930893735762332,0.30143818478548884,-0.0008883654189810464
chr6:158536435:158536436:NM_020823:TMEM181,0.21574968034058417,0.05352957471972089,0.21526341168780216,0.9059225363468766,0.1717309294556628,0.20597840908658488,0.02471560236982473,0.05644583423292768,0.021889480473623685,0.21611639283477382,0.2321315641583386,0.1646714883191987,0.48543257915568055,0.2607294085781099,0.05931982868204427,0.2566308553477001,0.5575589865240433,0.06211772234690749,0.2428519732054025,0.05644583423292768,0.01040723109762376,0.06188091130956072,0.016084224229397953,0.005926955851465021,0.05931982868204427,0.05644583423292768,0.6896118539172119,0.016078769968571605,0.05720341584733751,0.016040475497281853,0.5464691420275084,0.6000317456660287,0.2222861416079371,0.005592043828985954,0.024134104265369327,0.019553086006514148,0.0188665168525097,0.2405610645832575,0.006402113116787178,0.18268905156059034,0.05931982868204427,0.6973904781524541,0.22506079088432338,0.05472090156876655,0.32929733472178496,0.28864481795320546,0.016040475497281853,0.016030140358513884,0.10012624200673967,0.45447828762616677,0.09447882787140227,0.32652064589658536,0.22597757963816786,0.16498748709256908,0.29970477231418646,0.17245589940956121,0.7587429928233966,0.6951423534594501,0.1976922777062058,0.6896118539172119,0.0970420394229223,0.05377852460639809,0.0041043248995907,0.005697141506930542,0.5453322760059358,0.00039428416870307403,0.05931982868204427,0.005592043828985954,-0.00112227780132651,0.013706188934748953,0.003089732344475654,0.16498748709256908,0.33059857450270624,0.18175070919804917,0.16651610220642338,0.2313472997617324,0.1976922777062058,0.01605672681888165,0.1480294659844133,0.05931982868204427,0.6896118539172119,0.016307512778725747,0.2312932079465586,0.6994973044639654,0.006239404676848442,0.6954262320479311,0.00039428416870307403,0.25085709254253763,0.0188665168525097,0.3381971104252949,0.15210082169104894,0.011501868676095844,0.00043054844021514493,0.00039428416870307403,0.10263535861852585,0.2312932079465586,0.2340718769502534,0.28878409914932646,0.00044349446814684335,0.150913209544788,0.20945389240795573,0.1778211422156281,0.013446683687491023,0.1538795842532208,0.3702258520745414,0.21512138428586056,0.0005549227081674268,0.2816010985666575,0.17719600746624098,0.018158884815493992,0.059308614218756384,0.06575738104560766,0.07798027124472454,0.2094627175144947,0.32647871057652306,0.00579101221306999,0.5298498860501749,0.05931982868204427,0.5028813288408465,0.28720096983277615,0.01742936380581997,0.33402599099217034,0.22872574748075974,0.2094627175144947,0.17780216020517947,0.2536785317112359,0.00039428416870307403,0.17716351681366116,0.09255966162358395,0.003183689767959852,0.3186190106829599,0.05931982868204427,0.23115710740698067,0.0004237822098241695,0.49918205311426006,0.23139557935897564,0.23139557935897564,0.2248172213429202,0.15890735778977982,0.32652064589658536,0.3495196887684561,0.23119531211052544,0.06693542067670438,0.1455759816235002,0.011683290712506178,0.003183689767959852,0.00039428416870307403,0.23729326865117528,0.00039428416870307403,0.021470192206134275,0.2312932079465586,0.6896118539172119,0.27779900551873254,0.0004698360220019848,0.007526949159526536,0.005795676038077541,0.733103178554738,0.1439357158328262,0.32652064589658536,0.32706539230392956,0.2094627175144947,0.00039428416870307403,0.0188665168525097,0.6899300187317897,0.00039428416870307403,0.25196404929758087,0.7050780204189188,0.4500644783016387,0.2521865773548315,0.4329385024855452,0.03541636718235153,0.40703324592430407,0.1459928195568131,0.00039428416870307403,0.26845466755358804,0.6896118539172119,0.1455759816235002,0.08712929288529506,0.23787283567262724,0.4186973157482485,0.4992297731084066,0.2094627175144947,0.9405913426009257,0.1724940042837123,0.5028813288408465,0.0188665168525097,0.7469831376936473,0.06149629525812997,0.23399553473984092,0.0031732514368640885,0.06575738104560766,0.2312932079465586,0.00039428416870307403,0.01886166580172624,0.23162370164694784,0.027428723946754968,0.05931982868204427,0.15427030469802405,0.47927689134619644,0.7601415390895755,0.5796420899906078,0.16651610220642338,0.0033802717855414277,0.273278110737071,0.00989965594008499,0.05931982868204427,0.3165533373088197,0.2407717512538848,0.2312932079465586,0.540902118373685,0.339028427151149,0.06843400994820423,0.005621638173845173,0.510478878303193,0.1480294659844133,0.07798159377167296,0.06575738104560766,0.1439357158328262,0.7361754615421392,0.37508916868136355,0.21155328980950275,0.14485700968352314,0.42583490654653955,0.2310797355840906,0.26634960307110883,0.2312932079465586,0.00039428416870307403,0.004096503766020859,0.00039428416870307403,0.05829674341832253,0.05931982868204427,0.2094627175144947,0.00039428416870307403,0.07684726081988716,0.18457932459501064,0.00039428416870307403,0.2315273245075201,0.00041281361314840503,0.14490306791464985,0.6951423534594501,0.6900533175728882,0.6984682881867671,0.05931982868204427,0.011682038567083719,0.5028813288408465,0.5032703258728037,0.32193180178545855,0.0031732514368640885,0.05931982868204427,0.3838451674235694,0.1452340220129343,0.24576429551023804,0.003089732344475654,0.7526873929860495,0.0003012530629334653,0.052697599301986225,0.14485700968352314,0.05931982868204427,0.07195663927597618,0.24740391906194942,0.24740391906194942,0.038216223856372605,0.24982840095451989,0.32652064589658536,0.003183689767959852,0.3999437650462914,0.00039428416870307403,0.33215936009544245,0.22286220430257364,0.537670945577924,0.15919355798901075,0.17276504167423945,0.016040475497281853,0.906354309896341,0.0195757010699025,0.17986494137341383,0.14803555994078507,0.3005449821793599,0.36902397323686936,0.03824996537450978,0.3166564274017097,0.11978117245442194,0.510478878303193,0.2312932079465586,0.00989965594008499,0.016040475497281853,0.21867277611187,0.14802504307118775,9.09909819577781e-05,0.2154855108425718,0.21619346328495395,0.004960029700741747,0.3365766701592391,0.1509053577368768,0.2142473066912137,0.1674270982097349,0.00045256822118044937,0.05931982868204427,0.005592043828985954,0.0006653117901824768
chr6:159969098:159969099:NM_000876:IGF2R,0.3792444643331505,0.2473763783493012,0.24523849552712804,0.0913791056450931,0.08535618906554523,0.24718176748983983,0.20078498425465946,0.011004062854723495,0.1886655258210617,0.3835733521686454,0.1975592020392665,0.0805718477828345,0.19276567213781567,0.3823026975722831,0.3276654646082299,0.007652909746092007,0.4957647873760932,0.2830219461599145,0.35377015475859713,0.19439331764541776,0.20839352165096714,0.4585677233712112,0.010143487665600526,0.4599760458863834,0.3276654646082299,0.08499454840431858,0.3276654646082299,0.010143487665600526,0.24511687340392696,0.026455552340569538,0.3820508922346878,0.9034324036709163,0.47201362390693513,0.19519917748321106,0.45860563087205247,0.03664086649880827,0.006687110687737641,0.3276654646082299,0.02101986295699937,0.041564556145698484,0.564818217064909,0.09208143427884885,0.30074306449666255,0.1611243030886006,0.6118767552024181,0.7114487299645177,0.006687110687737641,0.006223718627208802,0.32286006591043037,0.08535618906554523,0.08802992899037371,0.564818217064909,0.1499086026942625,0.006687110687737641,0.328049153658454,0.0850131139580689,0.11094520857032666,0.3276654646082299,0.46827504678025333,0.006226808334174966,0.2564688582120124,0.017646735460688345,0.006657989200758024,0.06502336149209598,0.24850590246944015,0.3276654646082299,0.006223718627208802,0.1939692552943916,0.02118865395010644,0.04037357733307148,0.048249817374968085,0.29745796229502197,0.564818217064909,0.007354779205173384,0.101768952810427,-0.03921924256751172,0.4682390370185805,0.007524445469130447,0.15996747842697093,0.3276654646082299,0.3276654646082299,0.006223718627208802,0.32868968778260454,0.211542009789498,0.02299772477542536,0.5648205078930861,0.3276654646082299,0.17082089085950758,0.006687110687737641,0.05381388265212089,0.4944855414579368,0.007535807092766189,0.007266189652859828,0.04701913177724454,0.05050701154667517,0.051975674607120714,-0.047479901276366754,0.937985117639555,0.18306678639067264,0.006223718627208802,0.18352175975144186,-0.008054608135790953,0.06493564783360162,0.007084264787210415,0.5641714139098206,0.6700757898811047,0.08487395157687996,0.907451152648472,0.011553026614413098,0.006687110687737641,0.5663449045172158,0.20756520031684808,0.564818217064909,0.4906954055447247,0.3276654646082299,0.06418451437012579,0.2567355758682253,0.048249817374968085,0.048249817374968085,0.04861005830658002,0.564818217064909,0.5648205078930861,0.6234687469553323,0.3276654646082299,-0.008054608135790953,0.6737107147018861,0.006223718627208802,0.3276654646082299,0.40823817113335914,0.006223718627208802,0.7227869625739531,0.564818217064909,0.38262369714884004,0.006363629638534318,0.006226808334174966,0.4906954055447247,0.4906954055447247,0.7468955042237333,0.8642997020422456,0.32665366094025605,0.040820909526718574,0.09178421201524134,0.3276654646082299,0.04742194536255484,0.061807674046126165,0.006223718627208802,0.006223718627208802,0.20178852794484448,0.006223718627208802,0.2836437814576398,0.32665366094025605,0.3276654646082299,0.1836704521935813,0.006225209460794717,0.006243411999459075,0.06416760499085736,0.006223718627208802,0.006223718627208802,0.32665366094025605,0.006223718627208802,0.3276654646082299,0.006223718627208802,0.006687110687737641,0.006223718627208802,0.006223718627208802,0.006188851868336037,0.10322686406794103,0.4689142408957231,0.048249817374968085,0.564774287479394,0.049337175925767335,0.29639553485482695,0.05452336223455467,0.006223718627208802,0.016952914015078202,0.3276654646082299,0.09700298500345919,0.3276654646082299,0.18510117754884048,0.564818217064909,0.006223718627208802,0.048249817374968085,0.22965267200577424,0.01570665329877058,0.13725402582444846,0.18352175975144186,0.048249817374968085,0.006236543742990847,-0.030673841371880672,0.006687110687737641,0.20756520031684808,0.3276654646082299,0.006223718627208802,0.006223718627208802,0.3276654646082299,0.10753973029323374,0.048249817374968085,0.3784092335331942,0.012122767582531058,0.3929248019584102,0.17873296365223204,0.006687110687737641,0.006223718627208802,0.40922620606585935,0.012538879761817362,0.3276654646082299,0.4698379940292235,0.21136080002767393,0.7110056421224734,0.4888117922627452,0.7139623122686115,0.015036580503048902,0.006363629638534318,0.048249817374968085,0.18354940547158957,0.006223718627208802,0.22302879249849392,0.006223718627208802,0.16279691971741928,0.05383203506000267,-0.03089414990801309,0.18291599235201028,0.007296216244185527,0.2535106380932271,0.6703125197455388,0.3276654646082299,0.048249817374968085,0.012389930661290738,0.008454500243560287,0.1426265228682495,0.006223718627208802,0.564818217064909,0.048249817374968085,0.02179652489816422,-0.028787316760796627,0.007188871397186852,0.499046666035286,0.006223718627208802,0.006223718627208802,0.3276654646082299,0.564818217064909,0.564818217064909,0.3276654646082299,0.02272202862841549,0.048249817374968085,0.048249817374968085,0.03585949267976368,0.006687110687737641,0.048249817374968085,0.6288110877369119,0.007166402464781257,0.3276386265444775,0.006215905675431399,0.006432340738762782,0.5747952607225064,0.14245694537557005,0.18291599235201028,0.048249817374968085,0.8273943639095258,0.019709444989146896,0.019709444989146896,0.015036963892773314,0.09577602993212575,0.3276654646082299,0.006687110687737641,0.008338696327001294,0.005200001761880874,0.5665453409953842,0.5638475521261269,0.37723169771342846,0.006224098675381734,0.18769696829127877,0.35407498939848525,0.0470099361942537,0.05106453847973755,0.1396026708279844,0.006223718627208802,0.3562318684487553,0.09311288782098451,0.18238544510644192,0.7159369054176342,0.4288444081059537,0.564818217064909,0.006223718627208802,0.19340275759625947,0.006223718627208802,-0.008054608135790953,0.18352175975144186,0.3975298589878552,0.2618936583500885,0.6093735235440303,-0.015089964408667889,0.048249817374968085,0.006223718627208802,0.011117014393428964,0.006223718627208802,0.007686660198552325,0.3276654646082299,0.052804175152021016,0.006223718627208802
chr6:169254114:169254115:NM_003247:THBS2,0.175657156647271,0.23609565736526972,0.024337870277105877,0.00020849482754931037,0.295547395456275,0.2562318326148467,-0.0042797192970545905,-0.0032425733999167927,0.1077071122994786,0.3258120615643079,0.00020849482754931037,0.00020849482754931037,0.22970798334506426,0.175657156647271,0.00020849482754931037,-0.001593642937324169,0.00020849482754931037,0.19675603546079562,0.02840673122319015,0.00022675097895097363,0.0019241371254071216,0.027564534825586184,0.019332677836180423,0.10799752353498798,0.00020849482754931037,0.00024408235450934512,0.0006107465828155134,0.016804648469723404,-0.0020719693552980756,0.0015438489528854515,0.009089527841386835,0.43256050418723807,0.02442755486964915,0.13001569764225185,0.027564534825586184,0.07264789534193494,-0.0048883333654246575,0.00020849482754931037,-0.0009647121193100128,-0.0013164096260945557,0.0006107465828155134,0.00020849482754931037,0.00022582544127433546,0.001646100127386474,0.03799435057721828,0.12590949160410325,-0.004869892031407169,0.02460837433391716,0.00020849482754931037,0.1471133854177833,0.0016258057266349824,0.0006107465828155134,0.00020849482754931037,-0.0048883333654246575,0.3140734150542783,-0.0022838886442499706,0.010148912382006325,0.0006107465828155134,-0.0009743193290277785,0.023284262759873442,-0.0021632285051128852,0.0035910099106393756,0.10565273193557542,0.02232818181646376,0.18193265742714526,0.00020849482754931037,0.00020849482754931037,0.1300156922500677,0.00020042328954292254,0.00022582544127433546,0.00020849482754931037,-0.0023009786704014934,0.00522325309312735,0.0003193560471962398,0.14915838933700137,0.17109637366269387,-0.0009743193290277785,-0.0006551426090419254,0.00031333168016028923,0.02230505570207561,0.0006107465828155134,0.00020849482754931037,0.00020849482754931037,0.013232784079704296,0.01818874521441327,0.011699099141007752,0.0006107465828155134,0.0038688636254786968,-0.0048883333654246575,0.00031333168016028923,-0.005268911074802152,0.0008172689475452743,0.00020849482754931037,0.01319526839508689,0.10606560213691854,-0.0022450274029453543,-0.0022328360856814222,0.13100241504698512,0.003401523494621167,-0.0023193274494555105,-0.004869892031407169,0.00022582544127433546,0.135187044325486,0.014143416308435242,0.03162031147078476,0.10865698299700205,0.06619695858040159,0.0576978112506753,0.00029507410451506955,-0.004869892031407169,-0.008511459730756482,0.012824734737823557,0.00020849482754931037,-0.0023193274494555105,0.0006276040561586649,0.09836867885108075,0.3990780996962548,0.0006107465828155134,0.0006107465828155134,0.006056524633035049,0.0006290531187942427,0.009818393065989917,0.38735402611320047,0.00020849482754931037,0.00022582544127433546,0.1470176472316977,0.06616149311576319,0.00020849482754931037,0.004099101973726538,0.00022675097895097363,0.147784222665705,0.00022675097895097363,0.0030609314431330192,0.0021312539294458255,0.00020849482754931037,0.0867080332657777,0.0867080332657777,-0.0017024944497402994,0.035849260079102885,0.0006458626210473772,0.1407535070115417,0.02988643969940835,0.00020849482754931037,-0.0022046586326926743,0.015271682127632802,0.00020849482754931037,0.00022582544127433546,0.030321527486061928,-0.0023009786704014934,0.05480377547913262,0.00022240027992678768,0.0006107465828155134,-0.0043423350119160264,0.0002777413093910941,0.055277447177338845,0.11860647123305457,0.008293456477277694,0.16689631984423908,0.0006107465828155134,0.0006107465828155134,0.0006107465828155134,0.06695649890187866,-0.004869892031407169,0.00020849482754931037,-0.004905158086671135,0.020039645984332388,-0.0017952811224950238,0.24647464724756396,0.0006458626210473772,-0.001483683333253022,0.08428948786549895,0.054129369837831565,0.004069866982896991,0.00020849482754931037,0.13378891809128052,0.00020849482754931037,0.0054052320575631585,0.0006107465828155134,0.05460945074931234,0.03795689098780103,0.0006107465828155134,0.00020849482754931037,0.01576060128501483,-0.00219447617229665,0.00031333168016028923,-0.0048883333654246575,0.15394738332337748,0.0006901487402412032,0.045358616823717,-0.0048883333654246575,0.017466532273745367,0.0025349207449683886,0.00020849482754931037,-0.0048883333654246575,0.005161590002168842,0.0146257976566046,0.15449264184603534,-0.0018111576473303914,0.15311528807360802,0.01289464644263183,0.3436548638462716,-0.0048883333654246575,0.0867080332657777,0.03140319294189331,0.08510456953703621,0.00020849482754931037,0.0002655599861258462,0.0008864170159276208,0.07843237448391194,-0.0022882524755181155,0.19018087689426144,0.0005139613430315271,0.0017435980945360863,0.00020849482754931037,-0.004869892031407169,0.0006107465828155134,0.014657196366975656,0.16689631984423908,0.0002698335204284197,0.010185613053722509,-0.0008045822312247319,0.00022675097895097363,0.10304679246957016,0.23112419958520303,0.15643524361537026,0.00020849482754931037,0.00020849482754931037,0.0801170936791406,0.06691474028501943,0.24516697003213261,0.00020849482754931037,0.00020849482754931037,0.00020849482754931037,0.04321754349730311,0.00020849482754931037,0.00022279954013765257,0.013672747372852151,-0.001607917048460361,0.00020849482754931037,0.0006107465828155134,0.006221615823361448,0.0006107465828155134,0.0006107465828155134,0.003139631894173739,0.00020849482754931037,0.0006107465828155134,0.11641767357757837,-0.004886717531729812,0.00020849482754931037,0.01188166107864791,0.031340404793390175,-0.0020719693552980756,0.00020849482754931037,0.009133557385818142,0.05362061812915658,0.251438866082956,-0.0023193274494555105,0.00020849482754931037,0.001729676748876141,0.00020849482754931037,0.00020849482754931037,0.10565273193557542,0.00030938181088940864,0.00020849482754931037,-0.004905158086671135,0.28120192364317736,0.020635606757579972,0.3430671529024053,-0.004142444838986653,0.01583425783976633,-0.0022411506468258957,-0.004869892031407169,-0.0021533287747221297,0.15442039693127968,0.01901530457215117,-0.0016070134446432849,-0.0048883333654246575,0.0062456633256582905,0.022414219754290088,0.0002185364274902013,0.14815380201383033,0.29906622388448795,-0.002018626266967749,0.00020849482754931037,0.08261107001457496,0.001251496591914647,0.00020849482754931037,-0.004869892031407169,0.10748479353365942,-0.002018626266967749,0.02386597729911888,0.060875364041984625,0.0006798747998616739,-0.0023193274494555105,0.00020849482754931037,0.00020849482754931037,0.00020042328954292254,0.0006107465828155134,0.00020849482754931037,0.0004381730351324109
chr7:6272611:6272612:NM_004227:CYTH3,0.17860447475964594,0.26289640287619087,0.058080947462255506,-0.0011376619629221152,0.14862867406737695,0.18900221742227702,0.004980994463685912,0.15091924038887827,0.11603353029718147,0.17972370569383045,0.17534750053100395,-0.004022926687430983,0.19890342621441381,0.2217537528727048,0.11724143724964092,0.15976073087644335,0.23359110154870144,0.15408084671346117,0.3471778598510046,0.06960054774201177,0.1798815746806428,0.3219850434998669,0.35207658399264824,0.06992212398236244,0.11724143724964092,0.217755337135021,0.11724143724964092,0.26414164265041784,0.217755337135021,0.2629214210397625,0.316845749721562,1.0391306362035033,0.2176097817078812,0.11591404763179283,0.3219848597661324,0.13506775208188007,0.17354102131965202,0.23357151472308224,0.10586538882582991,-0.009770520325456139,0.11724143724964092,0.12349755345373921,0.16558639565532787,0.29830877780843956,0.25128846680811856,0.03243928541816227,0.16492678315869103,0.16641974780149926,0.031612582449122933,0.17266649562791545,0.013130907884211701,-0.0011737540802150004,0.1758489589153692,0.17354102131965202,0.11708190849289324,0.16492727261988008,0.6930784733360078,0.11721565338009698,0.15704109420943954,0.11721565338009698,0.05544205588087675,-0.0019291935304590058,0.0030846446352156554,0.032938122080527155,0.22290682154327415,-0.0011376619629221152,0.11721565338009698,0.1328392100387791,0.003085882440619081,0.04477033979120035,0.029793878690876907,0.2183271914418251,0.6987957212028122,-0.0012675597054365717,0.2850298790623466,0.18914368965908154,0.15704109420943954,0.2537161751380806,-0.004246131881736753,0.11724143724964092,0.11771730393960261,0.15528753996905997,0.15701477171070274,0.24882820888258006,0.04529123587744277,0.11790293559315938,0.11724143724964092,0.22843291374845578,0.16492727261988008,-0.0015811572298773113,0.06704335578477527,0.06988851792148179,-0.0006609950772976658,-0.0011376619629221152,0.0017972744320544076,-0.01743529587755807,0.058491242602110693,0.1689723325963525,0.11758177635010306,0.038592129658210295,0.17354102131965202,0.045207189526725616,0.3402756276252792,0.23367056510559314,0.12118550548721155,0.2982391378756565,0.2714578073724479,0.11959948313213375,-0.0016700018404701977,0.16492678315869103,0.14862867406737695,0.18085375332362977,0.24850519194080792,-0.0011737540802150004,0.005624479556376877,0.16588746223048198,0.2508376120503256,0.11724143724964092,0.23344853235225177,0.09712935126167922,0.11721565338009698,0.11724143724964092,0.20243222278358508,0.11653539056664816,0.04477033979120035,0.255474342255252,0.12816835845534622,-0.0011737540802150004,0.38781827004834746,0.058710113039964096,0.08814773584944449,0.11724143724964092,0.18498153550270696,-0.0004619992547284235,-0.0011737540802150004,0.23357151472308224,0.23357151472308224,0.006215604116805634,0.3530159300189207,0.11724143724964092,0.06312181949825932,0.1750931449572326,0.12049654466101857,0.04543919524787349,0.14184604445229998,0.28623524280396573,0.05884009243515195,0.10391498596512919,-0.0011376619629221152,-0.00046699874502226235,-0.0011737540802150004,0.11724143724964092,0.01886649844397381,0.2993181167099008,0.02395443635591002,0.21160262439763564,-0.0012675597054365717,-0.0011376619629221152,0.11724143724964092,0.11724143724964092,0.11724143724964092,0.128166896148427,0.17354102131965202,-0.0012675597054365717,0.16492727261988008,-0.0011376619629221152,0.11282758757002231,0.2256832723053273,0.11724143724964092,-0.0019644580589073812,0.17982195943226947,0.028483099613878488,0.13017466069016795,-0.0011737540802150004,0.02604174688466887,-0.0011737540802150004,0.2142100301707647,0.11724143724964092,0.04474022634125896,0.12745940396240862,0.11721565338009698,0.11724143724964092,0.12029035661261686,0.010422842348886602,0.23344853235225177,0.16492727261988008,0.11705581780395688,0.005620127812445197,0.12074992552758113,0.16492727261988008,0.02587606297020717,-0.0011376619629221152,-0.0011376619629221152,0.16492727261988008,0.13768095228358349,0.1283083175347445,0.26764191038519614,-0.0018019624931621125,0.23288249179239962,0.16268264060243132,0.20518893014016132,0.16492678315869103,-0.0011376619629221152,0.21085531341643973,0.030458676441634996,0.11724143724964092,0.033346813171196005,0.11228820890332442,0.012603567915170089,0.19892513169127687,0.06641189388307764,0.03580898295518478,-0.053050452717461394,0.23447076114814208,0.17354102131965202,0.11724143724964092,0.009800308820124864,-0.0011376619629221152,0.34289542610910617,0.28956693900413955,0.011300686363838908,0.22768979115333327,0.17354102131965202,0.17195368817814383,0.251187314979083,0.11724143724964092,0.13172273642303445,0.030458676441634996,0.12546520738815514,0.21790454805568682,-0.0011737540802150004,0.11705581780395688,0.11724143724964092,0.017231781830225945,0.0030692067185277006,0.16492727261988008,0.06202120994606519,-0.03165801985753783,-0.03134335360512602,0.11724143724964092,0.11790293559315938,0.14592212994209539,0.26764191038519614,0.15248192831725776,-0.0011376619629221152,0.11721565338009698,0.12600459332738692,0.16492727261988008,0.26764191038519614,0.6950334930088764,-0.0016069735651257633,0.12366156866316136,0.007729626473104684,0.11724143724964092,-0.0019697643296767153,0.10490798105929372,0.2178748637808227,0.11724143724964092,0.17583558650090322,-0.0012006823954100743,-0.0012006823954100743,0.0017972744320544076,0.06508765123388666,0.11724143724964092,0.14862867406737695,-0.0012675597054365717,-0.0011376619629221152,0.11713713849354426,0.5885421098813051,0.1304858162670535,0.026294049204644593,0.2278042540463566,-0.0012662914948535775,0.11724143724964092,0.009866433231905142,0.08429663470987533,0.16492727261988008,0.09715689942761994,0.23037083238016032,-0.010553563575982583,0.04904496246730969,0.1643067764417243,0.23158320529534643,0.11721565338009698,0.03052479049194004,0.1735415698432334,0.011724577814536924,0.16492727261988008,0.10025390896409933,-0.0008554882155753507,0.05187664686033877,0.02357251435996363,0.04477033979120035,0.012387983219402349,0.126202219392552,0.03009683039866473,0.22950263616533506,0.26764191038519614,0.23359110154870144,-0.0011376619629221152
chr7:6448012:6448013:NM_139179:DAGLB,0.459646240966312,1.3667924133756613,0.17187732565285538,0.001354043074528688,0.46959343546224486,1.434277849909814,0.4688989494901715,0.4696798300702946,0.6282315737345942,0.6953898041961993,1.0953427910607476,0.5704019615958307,0.6104613561298354,1.4040177679482408,0.5906500958519101,0.4696798300702946,0.6009193804077217,1.7041930954268532,0.6958618923076151,0.4795418847786519,0.004108609539092145,0.6310542333198548,0.29415648835706987,0.06022586542166358,0.5891957851150891,0.36709596366921693,0.0016279932917753204,0.41272684860566433,0.4696798300702946,0.6096501299102755,0.6263019459044096,1.5661825163609662,0.7936956035620903,0.04124883217665462,0.6310542333198548,0.049324397356612815,0.6281928892890107,0.5891957851150891,0.3050301794079563,0.04039587030758199,0.5311142068373792,0.7723136542281959,1.1267744764078542,0.05127632347555519,1.537888039028931,0.056971292569442306,0.3984836792578673,0.40308242107091696,0.5739152130592451,0.05730323213714103,0.004519028358510591,0.5890610331783751,1.1521875258296723,0.6281928892890107,0.6058916303489613,0.3984836792578673,0.5262217870093575,0.5232327826974288,0.18997502442628775,0.01042590018634676,-0.01143374381774609,0.0008045402765283205,0.005364156039180112,0.5314430601003848,1.1861984890720987,0.00033200155432433487,0.00036965095511903856,0.04079722720659398,0.005179598925367457,0.5221290724758687,0.5253247177602671,1.4025015256837094,0.590432235942495,0.0013600639323483876,0.1393723284616088,0.0791974181604436,0.18997502442628775,0.29444423419987037,0.5233575590595876,0.5890610331783751,0.011527260002541506,0.0008196131649448324,0.6025736376657364,0.7233280651607594,0.30472813885106925,0.0020416254902730913,0.5891957851150891,0.04267119839923103,0.6281928892890107,0.5087712119789186,0.028276453681111563,0.3047191320892034,0.0003278015646336341,0.01068062257229413,0.0051741628056758415,0.0007430475106232071,0.20943404214911776,0.6218143748385897,0.5225724289217396,0.04081617178092775,1.4220192323690009,0.5882803435608726,0.042535542930267484,0.0006517007327607738,0.5992300047491635,1.5876526514723683,0.0010351145119529281,0.5994557538090395,0.5076764185010068,0.3984836792578673,0.011294794805623537,0.032241248344194784,0.7688897700329762,0.5925247573912845,0.0003965384123847948,0.04038410128030778,0.5059084575972441,0.5311142068373792,0.62587414209296,-0.0033465778092858778,0.01022296436894482,0.5334397965294039,0.72032889841947,0.5891957851150891,0.6270863772004771,1.5621205800254554,0.0005608327487877651,0.0005634073721194066,0.5231379190166395,0.29415265624486164,0.053016004917584986,0.6350938283283758,0.057382263564208696,0.028615874596988944,0.0006179684476174674,0.5904067700215664,0.5904067700215664,0.5225964104548533,0.06941279646725096,0.0005630335219690696,0.7685485937808142,0.7709502478608461,0.001354043074528688,0.10919578260628418,0.48532180773388156,0.00033200155432433487,0.6261253751301448,0.6262828043829471,0.0008045402765283205,0.5744243944930237,0.010410128499370341,0.0013987130323099284,0.13856792207639088,0.09884070833031722,0.5181179720400214,0.0036309816663128713,0.5295247507309371,0.5308626304275084,0.5890610331783751,0.0006559580083436156,0.5891957851150891,0.0006040245199374628,0.6281928892890107,0.038438592077865846,0.2082260464803378,0.001676721203045628,0.5157889800824655,1.2518118189181402,0.5317871523476354,-0.003115268413886707,0.46977371816346525,0.1681888525287516,0.1060123422498368,0.5239602774897706,0.7118927059850715,0.5895181495978228,0.10118961427333742,0.5891957851150891,0.5595952978850667,0.10811954585009739,0.00033200155432433487,0.5308949932133233,0.7960387941725945,0.13888522370287304,0.01796490212718735,0.6281928892890107,-0.0039815862643762245,0.011256388238415155,0.15812647135729122,0.3984836792578673,0.004104544465691917,0.03899560341112271,0.0013912782863609308,0.3984836792578673,0.014442035073992637,0.9887385706641132,0.5344981132015535,0.013409001826782951,0.12280967543709537,0.6986154569430661,0.04083349950378254,0.6281928892890107,0.5237044061472391,0.018911272511565907,0.2956781014857197,0.010463144153994297,0.5311142068373792,0.06296603656648883,0.04050982542491205,0.6678266135421055,0.06723215925087928,0.005374011307052895,0.02870900007060323,0.5906583590765325,1.4227507969542,0.0015854953422114737,0.0322533033591631,0.5308626304275084,0.5987198334546157,0.5266098411625086,0.06414197523202414,0.6276190686686195,0.1406710178309312,0.3985806759607391,1.6934180582252925,0.5890610331783751,0.0015854953422114737,0.2956781014857197,0.00033200155432433487,0.631262146676175,0.5887603979367868,0.6338219946164858,0.000334202033289821,0.00047571672249940855,0.04280228305890832,0.040313551875944875,0.558039019022902,0.002542818573860628,0.0008968578941994654,0.5899065114551489,0.5907738624729272,0.5323873718909001,0.052533602090616194,1.2325493173482747,0.010507598462315193,0.743079576688618,0.5537485083418492,0.6281928892890107,0.050134009388723255,0.7791769550517395,0.0413096984806228,0.053558428500803695,0.004100920591073309,0.0016522881024458314,0.6012110528283018,0.6283925440721,1.2185935869443578,0.5311142068373792,-0.0023421727264729963,0.5947287658724147,0.5947287658724147,0.005515455912708633,0.07645097055094552,0.5225964104548533,0.04079722720659398,0.03899897847450923,0.000598491122682232,0.6846841042594092,1.67965549026481,0.009894404098894638,0.04131460570691631,1.4251842188087553,0.01983428758971076,0.5318704834533223,0.6274375008416853,0.05958038405250704,0.6299286349444577,-0.00359022256268951,0.5262410787199863,0.02543203915537623,0.11545856516793909,0.26572979761479054,0.6029105349053889,0.00036965095511903856,0.0021137161493520185,0.04079722720659398,0.39780776024457964,0.03998257894162535,0.00033200155432433487,0.5579152591199417,0.458922619254694,0.12946223773932275,0.5310905765344267,0.19054469485551792,0.5769404207831593,0.04040130287524171,0.005179598925367457,0.5925031238800578,0.001472937825847176,0.00033200155432433487
chr7:20331101:20331102:NM_002214:ITGB8,0.14560882528605,0.5826259180408236,0.527908991634611,0.5145025749584927,-0.00835853468159456,0.029230290059899605,0.5227520571373594,0.05947408443517743,0.01322858074553826,-0.16565491972794819,0.06884688815072654,0.1842403136984095,0.5603697029046345,0.18265617077330124,0.8989419376355046,0.04423409115416796,0.5633628971296497,0.7541190106695117,0.5905355020841281,-0.007949677103016223,0.00484700007542857,0.1796487867601909,-0.1311649276853315,0.2444082442447772,-0.0013061658972436663,0.5145025749584927,0.5145025749584927,-0.09404866841596615,-0.0008955753945756595,0.044779182463412004,0.6577544283654687,0.5145237299636944,0.037895531366323815,0.034768259262086515,0.19127018306908555,0.5309936127675606,0.034599640071231424,-0.0013061658972436663,0.008827485663619183,0.1319997708731731,0.5145025749584927,1.2006694157765743,0.07127657391512987,-0.07484284158581922,0.7250640365973615,0.26439343837177737,0.034599640071231424,-0.09560262660748423,0.5145025749584927,0.5145025749584927,0.6463450944871256,0.2431819048862548,0.031819700918407995,0.034599640071231424,0.8989419376355046,-0.0013061658972436663,0.7630597587058595,0.8989419376355046,0.2286347723991976,-0.0013061658972436663,1.0591385507174937,0.5880553616079807,0.5146630500747406,0.003908300241247636,0.1953332837307058,0.8989419376355046,-0.0013061658972436663,0.03477080171016528,0.5146761565526989,0.009839914378362513,0.5145025749584927,0.06591021088239021,0.2431819048862548,0.1155730367094289,-0.0013061658972436663,0.03123321061443518,0.357972728942251,0.027669595503004102,0.783124499768079,0.5152954855001808,0.2431819048862548,0.029914416042028574,0.5681680910174045,0.5200639682775045,0.00867381362553507,0.8989419376355046,-0.0013061658972436663,0.25271115735115407,0.034599640071231424,0.7430645421993559,0.5279260647805262,0.01134778337553874,-0.0013061658972436663,0.8989575751842327,0.5145025749584927,0.7177842919902492,0.8058270955979183,0.5143852842836527,0.02451187865476287,-0.0012759576169793507,0.034599640071231424,0.011791110453508502,0.2092752091692599,0.5145025749584927,0.5145025749584927,0.8319556479307788,0.16952122762886482,0.514663613769399,0.5145025749584927,0.034599640071231424,0.5145025749584927,0.011906737545407026,0.5145025749584927,0.2431819048862548,0.5688434814706941,0.20921790578097368,0.16188774149429752,0.8989419376355046,0.2813829204985744,-0.008608774191859292,0.2431819048862548,0.8989419376355046,-0.11563566871602574,-0.0013061658972436663,0.009906690524616901,0.19715049380116678,-0.0013061658972436663,0.2431819048862548,0.659709897416896,-0.0013061658972436663,0.2367363661023199,-0.0013061658972436663,0.6677888185381242,-0.0013061658972436663,0.5145025749584927,0.8989419376355046,0.8989419376355046,0.2716165497744506,0.5145025749584927,0.2431819048862548,1.2006694157765743,0.7430695965177561,0.2813839194649309,-0.13819193540785266,0.012247457674105788,0.19075903215453657,-0.0008955753945756595,0.6054802252015338,0.024044389907734942,0.2558463510548737,-0.0013061658972436663,0.8989419376355046,-0.0013061658972436663,0.034074346991631366,0.00164912496861358,0.20921790578097368,0.5145025749584927,0.024044389907734942,0.5145025749584927,0.5145025749584927,-0.0013061658972436663,0.7841561214226985,0.034599640071231424,-0.0013061658972436663,0.034599640071231424,-0.0013061658972436663,0.9181089741884989,0.19947876710703108,0.8989419376355046,0.2431819048862548,0.07663858088532721,0.5412146025524862,0.028171046114168263,0.8989419376355046,0.01743132843587039,0.5145025749584927,-0.03861918786274113,0.5145025749584927,-0.0012675915762958012,0.9846437818338615,0.2431819048862548,0.2431819048862548,0.5145808090480679,0.03471549251714187,0.5753928517105497,0.034599640071231424,0.2431819048862548,0.2431819048862548,0.252131094669931,0.034599640071231424,0.011906737545407026,0.5145025749584927,-0.0013061658972436663,0.034599640071231424,0.8989419376355046,0.01140786918185463,0.2431819048862548,0.1493607684774469,0.1346169941122589,0.7630597587058595,0.5659762186466893,0.034599640071231424,-0.0013061658972436663,0.1862515418652986,0.29210398726617337,0.8989419376355046,0.2849926156197629,0.6050273403862321,0.005340305951413771,0.17584567869733114,0.24367482870507362,0.5146850179260634,-0.0013061658972436663,0.5145025749584927,0.034599640071231424,0.2431819048862548,0.011064466934228384,0.024044389907734942,0.7703299829710935,0.5310129539403611,0.058423194292536756,0.04131508677523757,0.001156925701934236,-0.008307030173361069,0.22363637727076446,0.2431819048862548,0.03550921231434642,0.3039971776516434,-0.0012564934789760784,1.2424950409893902,-0.0013061658972436663,0.8101157564941505,0.8989419376355046,0.038572529338673084,0.06640740312191415,-0.0013061658972436663,0.5463791499961322,-0.0013061658972436663,0.029151492204257418,0.8989419376355046,0.8989419376355046,0.7639124405201702,0.5332632787915175,0.011408809735882264,0.5145808090480679,0.28143885335778035,0.7464162989806201,0.034599640071231424,0.5145025749584927,0.763155386653033,0.0299523555277057,0.021942942172745394,-0.0012746801299814148,0.2431819048862548,-0.0011933480769654725,0.24586644847511688,0.18240462388458883,0.5145025749584927,0.7616370224084692,-0.0021130086589579433,-0.0021130086589579433,0.5146761565526989,0.07065286035709309,-0.0013061658972436663,0.034599640071231424,0.03294206593086674,-0.0013061658972436663,0.8999500647326316,0.21400041473152584,0.2431819048862548,0.14121118132696664,0.028048041975970106,0.18191791375313832,0.2431819048862548,0.7926210172651719,0.13780381848494513,0.034599640071231424,-0.0011933480769654725,0.5309936127675606,0.06099875709581179,0.2639568118745017,0.5035089859915939,0.5145025749584927,0.5145025749584927,0.30919856038962845,-0.0013061658972436663,0.07809912546631001,0.034599640071231424,0.20907656187745263,-0.0011933480769654725,0.516970367976297,0.055616230932994226,0.8989419376355046,0.03508750587866194,-0.0013061658972436663,0.14121118132696664,0.5146630500747406,0.5145025749584927,0.8989419376355046,-0.16319207801556598
chr7:24892621:24892622:NM_145320:OSBPL3,0.5375881207926653,-0.1245044936474945,0.09752914310568983,-0.004557363214169552,0.055394712037609595,-0.027836292197548906,-0.003328703370253705,0.059332811132297714,-0.1044431278275546,0.16903639171563578,0.5723420853549163,0.07967921948289824,0.416884000488976,0.6166706027131255,-0.004401611501435809,0.056407646340940865,0.2594861927160268,0.12689143018375437,0.25090445974733844,-0.0035121668736979306,0.008429614991851575,0.49153591095820326,-0.005766036624559212,-0.16397014297123924,-0.004994054609959719,0.09481150003637051,-0.004401611501435809,0.01816297891295937,0.09662176454267535,0.19573587578515617,0.37406470235137845,0.6816192016696,0.21343100195131604,0.02457245755574966,0.2528123740684286,0.03211635867794538,0.09440308952731635,-0.004994054609959719,0.11500730570419515,-0.12970619771119052,-0.0054412604127495046,-0.004007775567344218,0.6787298978240905,0.47777619930354565,0.5256738893416305,0.09759708103575182,0.09481150003637051,0.09458979476072105,-0.005797543072339151,-0.006023036356348377,0.433495460964339,-0.00595616077138772,0.572340403569243,0.09476302695162764,-0.004994054609959719,0.09440308952731635,0.2758812643312025,-0.004994054609959719,0.811401591764667,-0.005367801512358716,0.3813739702561323,0.2745356946335281,0.007932631637689425,-0.12846518159362752,0.7365098069462732,-0.005886922576963327,-0.004994054609959719,-0.10088795795005068,0.26020153723209205,0.07194463883293079,-0.00595616077138772,0.14444471593583164,-0.005772280401893037,-0.005572265149971778,0.05538840826164371,-0.005829425402652855,0.8060719829270631,0.041539434700296085,-0.12419032791934792,-0.004401611501435809,-0.005367801512358716,0.00510538917082326,-0.005028002401226028,-0.002789538207187414,0.043370504020804335,-0.004994054609959719,-0.004994054609959719,0.32532437406380543,0.09440308952731635,-0.006010094944954858,0.09494963152894564,0.06583074305027159,-0.005491918626235326,-0.004994054609959719,-0.021603973231195006,-0.00595616077138772,-0.006007790389507606,0.8113952083474241,-0.005929221935789375,-0.006010094944954858,0.09476302695162764,0.15292911096406991,-0.005117912421662485,-0.004600177182397691,0.005192208962732092,0.5584970300783977,-0.0049666550261668885,0.7874180470021673,-0.006010094944954858,0.09481150003637051,0.03459871791311753,0.00521390896293128,-0.004387599357459249,-0.005948948703657808,-0.008649904744489123,-0.005118181740394023,0.8151489763047637,-0.005367801512358716,-0.005367801512358716,-0.08985800552759204,-0.004414433543041607,-0.004994054609959719,0.47052621699104635,-0.004994054609959719,0.15316854743721042,0.5548318706924849,-0.005866620135475786,-0.005772280401893037,0.38976256562377837,0.09529503820317409,0.30774034194606026,0.09535319790965868,0.3733691691611839,0.03600865641892537,-0.005367801512358716,-0.03250392392130208,-0.03250392392130208,0.05707755803729775,0.5285707034916798,-0.005367801512358716,-0.00298964847023675,0.2958230577458252,0.006741278970203046,0.09454545789250812,0.12471521224133064,-0.00595616077138772,-0.005177520350550635,0.14696988129733046,0.09438159155062442,-0.01227349913951259,-0.004994054609959719,-0.004401611501435809,0.2900854114585538,0.02151393098433174,0.2680097007981471,-0.005701805526028947,-0.006010094944954858,-0.005957306783460958,-0.004401611501435809,-0.004992533634769258,-0.004994054609959719,-0.005544722948082059,0.09433857409207835,-0.004911271420617869,-0.00595616077138772,-0.005367801512358716,0.04418484067925743,0.6660181527461215,-0.004401611501435809,0.05715410080591099,0.052897369178475206,0.03234436063784962,0.10656538281979855,-0.004994054609959719,0.10259532038600083,-0.004401611501435809,0.018544038908268168,-0.004994054609959719,-0.026885757062157012,-0.006008581629286747,-0.00595616077138772,-0.005367801512358716,0.13206054100729625,0.006602740648824157,0.044553585433831255,-0.005177520350550635,-0.005772280401893037,0.004045920759934152,0.015305111278221761,-0.005177520350550635,0.006790785341228234,-0.005575186667053367,-0.00595616077138772,-0.005231458621062002,0.012577947638369613,0.06790626858995286,-0.004986859406062916,0.25246861982433366,0.3666196750117311,0.006108122232055924,0.2578558179138086,0.09476302695162764,-0.0018702885719534823,0.6597677076345161,-0.003838602627306398,-0.004994054609959719,0.09494837148263047,0.3733588799249981,-0.0013599864570378317,0.5720746877815865,0.2780906628981402,0.25609753724225004,0.03978250880835865,-0.005367801512358716,0.09476302695162764,-0.004401611501435809,0.00718453746547143,-0.005957306783460958,0.2954278458806381,0.2770671564040147,0.039481514541093166,0.0967895486880711,0.4512850344959123,0.36933065489780703,0.5645007012601153,-0.00595616077138772,-0.005562285045606408,-0.003838602627306398,0.010846167022514841,0.10814243420168768,-0.004994054609959719,-0.004973967275044067,-0.004994054609959719,0.11382767933115501,-0.005979083194522339,-0.00595616077138772,-0.003861900214687908,-0.00595616077138772,-0.12551751894571472,-0.0048091898718044535,-0.006029593668243294,-0.005104444869626357,-0.00480166155434103,0.12299407431063614,-0.005367801512358716,-0.005367801512358716,-0.005380677686169344,-0.005231458621062002,-0.005367801512358716,0.017146915887154557,-0.12562137855096278,-0.005282121137779039,-0.07378731974087116,-0.004994054609959719,-0.005367801512358716,0.0425272348229474,0.09481150003637051,-0.005367801512358716,-0.006113105328558355,-0.12489984013156508,-0.12489984013156508,0.25507602915403726,0.22677789109744984,0.003534358576887997,-0.00595616077138772,-0.003907136823876001,-0.005966995238458783,-0.004994054609959719,0.547053534117135,0.05672783166527795,0.015141366123275768,0.09662176454267535,0.3698010723225479,-0.005367801512358716,-0.08416751086653096,0.054807913109031436,0.09481150003637051,-0.044044887600686256,0.27702262276133294,0.020075886270213172,0.27640825957690185,0.09439762852306299,0.2589301679633883,-0.00595616077138772,0.013419601005087656,0.0411568549627942,0.38117271131232455,0.09481150003637051,-0.1646137854859564,0.0844976157959656,0.165153015279354,0.0054363823844810755,-0.00483043793908744,0.12818839477691601,-0.005597249418257788,-0.006010094944954858,0.006169301295735674,-0.005367801512358716,-0.005367801512358716,-0.005936039987362807
chr7:33904910:33904911:NM_133468:BMPER,0.07252464454839577,0.046357383589530746,0.1380020166844642,0.4011307116008234,0.06030653633778213,-0.005944536853384905,0.031377695238483105,0.2843434292922842,-0.10197402364608911,0.24537957980746333,0.055007093422999684,-0.019979509189806594,0.0565899919415256,0.26882822845072224,0.19707034737545648,0.23504640391164103,0.4110970026898814,0.11559000159527727,0.0639344502739843,0.14468082330256507,0.00405691308016156,0.30742915388247194,0.24934248990773472,-0.0680253245214742,0.19707034737545648,0.1380020166844642,0.19707034737545648,0.23208073277809016,0.14044992632980027,0.2683433384472919,0.2107794218197213,1.0716628839575264,0.34834244304786033,0.04874841152715448,0.30742915388247194,0.4350108747219504,0.05518566490639218,0.0032869461791638355,0.024053488085503352,0.041483260433518646,0.19707034737545648,0.7647988245005278,0.021713733812833896,0.003380813097159374,0.13194219727890683,0.14617306649596695,0.02185027953504074,0.19044587848245587,0.0032869461791638355,0.06573062416900055,0.08344015655112841,0.3995843560199414,0.2546747423913127,0.021895560826927285,0.19707034737545648,0.054967400744196634,0.8338578183241758,0.19707034737545648,0.03020979169807303,0.3995843560199414,0.16461860782402327,0.055567825017337036,0.0033908367326252326,-0.1317688347323183,0.2070563845362498,0.3958142651988093,0.0032869461791638355,0.006036368739470714,0.0034008280644870215,0.0034191928731898344,0.0032869461791638355,0.02157624917682626,0.7647988245005278,0.0034511823788522453,0.026582340224215698,0.008315451419762608,0.03020979169807303,0.03378045524620439,0.041949486846848405,0.0032869461791638355,0.0032869461791638355,0.0032869461791638355,0.19707034737545648,0.24032349919731,0.0803191126071566,0.3995843560199414,0.0032869461791638355,0.013292991524882725,0.021895560826927285,0.037042409032508654,0.003380813097159374,0.012495758476397313,0.2306974079235408,0.4007869137969964,0.1477055514532284,0.41607956241616584,0.054008423392120405,0.4385138740186234,0.003493859137611105,0.0034476342149807535,0.021895560826927285,0.0034191928731898344,0.1712606148943479,0.0032869461791638355,0.4346130473899629,0.15859935968922578,0.0032869461791638355,0.48385890340617627,0.03714185602615387,0.021895560826927285,0.26687075433804186,0.0032869461791638355,0.0032869461791638355,0.3995843560199414,0.034208872959654496,0.04366689840719039,0.48423599548713675,0.0032869461791638355,0.3995843560199414,-0.0750312369095259,0.0032869461791638355,0.7647988245005278,0.33590975875163365,0.031056923661974954,0.0034191928731898344,0.16629818304806526,0.0032869461791638355,0.19707034737545648,0.0681770888134873,0.003380813097159374,0.3578870828248224,0.0032869461791638355,0.21470821469557388,0.03304580313168532,0.3995843560199414,0.19707034737545648,0.19707034737545648,0.8132264512098855,0.09849966535255658,0.19707034737545648,0.06360861661082269,0.9617572827217026,0.4066015914618825,0.13555246505046536,0.10587251567674769,0.0033163904510012665,0.021683891133952818,0.1670702373006585,0.003380813097159374,0.0062584235668379645,0.0032869461791638355,0.19707034737545648,0.09748765906206584,0.003380813097159374,0.28731302174877654,0.043664558720281826,0.057807173207504364,0.0032869461791638355,0.3995843560199414,0.0032869461791638355,0.0032869461791638355,0.16603726524504012,0.021895560826927285,0.3995843560199414,0.021895560826927285,0.0032880913812616125,0.5090627048193659,0.18387508190854177,0.23069921019256584,0.4585619479458448,0.09180057012861315,0.016812715712556048,0.13362951776797588,0.0032869461791638355,0.06916099909152845,0.3995843560199414,0.12907366401582454,0.0032869461791638355,0.046772308709108354,0.028652007970008914,0.23747859193949647,0.3995843560199414,0.1538909576363637,0.32369403591959545,0.09427576990521987,0.021895560826927285,0.4762542008458329,0.46888966304062607,-0.05368048683160698,0.021895560826927285,0.0032869461791638355,0.03115470645056466,0.2306974079235408,0.021895560826927285,0.39940388995040604,0.03608323265930148,0.43942923145972257,0.0062584235668379645,0.05650608160761093,0.7869862689734374,0.08546245221950834,0.02185027953504074,0.029011605097757118,0.05474708323511546,0.062242897761917576,0.19707034737545648,0.7843465824954248,0.2958758282726742,0.0773908606335455,0.11717366050459808,0.3568165626714722,0.17199723033748732,0.07048403888984933,0.3995843560199414,0.05514440967351619,0.0032869461791638355,0.001014896902884907,0.0032869461791638355,0.7647988245005278,0.40268101519027905,0.047575483911614355,0.049885297785997235,0.11359267463998331,0.25558791613939813,0.14131321334704416,0.3995843560199414,0.0032869461791638355,0.06567322076499936,-0.018555091094314406,0.2104047880313036,0.0032869461791638355,0.0032869461791638355,0.19707034737545648,0.8166134235099674,0.00348573010707498,0.2083161288269333,0.030641436933953207,0.0032880086757099483,0.00345731546165947,0.19707034737545648,0.19707034737545648,0.2306974079235408,0.0032869461791638355,0.025136363603742384,0.3995843560199414,0.3995843560199414,0.9727877818511809,0.021895560826927285,0.0032869461791638355,0.45051714671687965,0.00348573010707498,0.024142162394962967,0.0032865913636592123,0.19707034737545648,0.3299811151021225,0.01352418113805038,0.03497837625487024,0.0032869461791638355,0.0032869461791638355,0.0032869461791638355,0.0032869461791638355,0.23088148470921846,0.1971154004663013,0.0032869461791638355,0.00358776456917468,0.04616371310749262,0.34057822404792815,0.4303661446178647,0.11734969657783408,0.2892888809983023,0.0814902425472929,0.05514440967351619,0.003413484826149442,0.0032869461791638355,0.06785603040087869,0.13097894490189835,0.021895560826927285,0.32032476278059596,0.41455765138039496,0.0033163904510012665,0.36030890369495255,0.1415965209455604,0.4327555984350261,0.0032869461791638355,0.06288029686288078,0.049546153649931673,0.19719366577143013,0.02185027953504074,-0.03620006694645948,0.0032869461791638355,0.03639171590969991,0.06416431025805049,0.8133407516819318,0.003380813097159374,0.029136469877123303,0.03382084497538378,0.0032871487052073198,0.0032869461791638355,0.029011605097757118,0.0032869461791638355
chr7:44606521:44606522:NM_002541:OGDH,0.12031475294133079,-0.00040419853671415373,0.0568117542758283,-0.12478501921193501,0.014923362531351847,-0.044489852917238296,-0.19984206035804714,0.01252350955697612,-0.05904928606378824,0.08327280129770832,0.16106219120652718,0.29582077726011685,-0.11600134286997664,0.1757682314642463,0.030362708764014396,0.003466907556043286,-0.09487912330181072,0.09893091028185008,-0.08672733512065785,0.055283588108921006,0.04730030586605155,0.06797977331943189,0.27520663529384287,-0.14859909910978109,0.23131131931225113,0.055283588108921006,-0.12478501921193501,0.2751193457356114,0.017539635350642513,0.37520312597474625,0.16367793116398935,-0.07299389706043918,-0.0584157053369105,-0.05965703414504481,0.35145948786819836,0.03184265419884452,0.017518744765383842,0.24451775019759153,-0.0907168637490769,0.033372983373402026,0.04248584357055968,-0.17753500546443096,-0.11056061844360857,0.29194657475992564,0.11848631638759845,0.031220763187449208,0.004668364368987765,0.3067690291135713,0.07475128761376423,-0.1900790938388931,0.18588358349574463,-0.20135320632238116,-0.06426857425285973,0.018988904513568355,-0.19848581246304595,0.016418786628282583,-0.19220455717841103,0.0032139648781933094,0.07928031193151966,-0.12478501921193501,0.2827741876490027,0.030384343801145686,-0.20244091921632215,0.030627764969286708,-0.0837753500623596,0.003346934817511027,0.0032139648781933094,-0.05965703414504481,-0.20040460951021147,0.02946104780936079,0.026106878475036316,-0.06939595133631954,-0.19618237933626145,0.0032147221634216683,0.0032139648781933094,-0.04100565932525985,-0.05333965987203105,0.0034685194871778846,-0.06485926057058901,0.23693622600155245,-0.12478501921193501,0.02185292512751505,0.05360937035835475,-0.13894820483097367,-0.09070979223218886,-0.19660485616327827,0.23131131931225113,0.5497992071510589,0.018988904513568355,0.024584742970922807,-0.05844814474917563,0.03374708792570402,0.030362708764014396,-0.12478501921193501,0.021221163736248327,0.25561651580311656,0.029671345228656137,-0.07626786104680608,-0.1187183406976621,0.02179780758845884,0.018988904513568355,0.051038028452181194,0.04462337734451213,-0.040760317167780745,-0.1761763501968851,0.08542755835079187,0.04044439142351186,0.10781951476816487,0.21488712565109983,0.004668364368987765,-0.11171788102367551,0.03323878785328341,0.06845858988126607,0.2739502857762552,0.03488184190767704,0.017829554564567474,0.022256734610094142,0.029950656190188274,-0.20135320632238116,0.10897531050392373,0.034747507469234745,-0.16804083470538714,0.1502842932748863,0.23131131931225113,0.051038028452181194,0.10534657868792081,0.01786548848551675,0.012789057204981052,0.36956720030095275,0.030931509465742274,0.21233292429048134,-0.19845980180511388,0.501259715434313,0.0032139648781933094,-0.20135320632238116,0.0738265033169504,0.0738265033169504,0.0403559574884885,0.09069751902557305,-0.20135320632238116,-0.20179064813828557,0.011018695595092165,0.045365375103019245,0.6371595451508303,-0.09070870561698839,0.016418786628282583,0.01638607350091925,-0.0931515884845833,0.0032139648781933094,0.08336109077465126,-0.20135320632238116,-0.11958100633969301,-0.20354301466875674,0.30911235222873734,0.047757294579070436,0.03228681203808442,0.029950656190188274,0.030362708764014396,0.04248584357055968,0.030362708764014396,0.23131131931225113,0.04044439142351186,0.004668364368987765,-0.07691011816783942,0.004668364368987765,-0.19830231998609626,-0.1903083648988733,-0.07672166991867244,0.04248584357055968,0.04402371984566367,0.029437378266489733,-0.19468544806688193,0.5064857260772397,0.16552165640704225,0.059932733541811195,-0.11958100633969301,0.5108233490082317,0.23131131931225113,0.05767706166782696,-0.18746212874585144,0.0032153550768809214,0.029950656190188274,-0.1398917730930816,0.05523867125952797,0.04282671854741399,0.0032139648781933094,0.030368208849575334,0.012789057204981052,0.010266628109434961,0.004668364368987765,0.03323878785328341,-0.12478501921193501,0.1838263307536032,0.0032139648781933094,-0.1860962127492402,-0.10424093387464528,0.029950656190188274,0.029437788940081894,-0.21397623670337462,-0.19146815423178512,-0.19935236640124118,0.017518744765383842,0.1838263307536032,-0.061109190227176584,-0.09569263896053268,-0.20135320632238116,0.11367675966357049,0.5015532619702247,0.006791987425102897,0.2979394230092276,0.02568151951404385,-0.18955572014228012,0.017869686858251577,-0.09422987465701202,0.01789237716829517,-0.12478501921193501,0.06049484676683056,0.030362708764014396,0.4245543126947218,-0.19219634405122818,0.4133634583175433,-0.13866227561083733,-0.1105574680422291,-0.2041930493572757,0.10534657868792081,0.009800841674094452,0.040297449512245676,0.0166915448708293,0.01456742927222679,0.36510894763028967,0.0032139648781933094,0.21882298972641023,0.034747507469234745,-0.21261418434826485,0.3532671310599089,0.27156507284896153,-0.15665099944420835,0.3146890714072923,0.2928398628997249,-0.16411223093766975,-0.20146584929534347,0.042317403989683866,-0.19845980180511388,-0.09070979223218886,-0.19017755893771005,-0.20135320632238116,-0.2037261771805592,0.018988904513568355,-0.1992919832787574,-0.17317777330778544,0.3214942996607294,0.02042465867275242,0.005546190735851553,-0.20135320632238116,-0.19794796496552158,0.29042863150894,0.05961297954844713,-0.1992919832787574,-0.17042409316963708,0.024839666482621064,0.024839666482621064,-0.19927074825446978,0.08481585132664352,0.0032139648781933094,0.0032139648781933094,-0.2137211078853017,-0.1248033825114003,-0.20160269391200225,0.046776226063549003,0.0822640663168962,-0.1937105750323988,-0.10471270154656226,0.027420640057343543,-0.19845980180511388,0.039328534299425594,0.685957933352553,0.004668364368987765,0.22720762927553373,-0.18550934558122825,0.01306724066155543,0.01492483760890062,0.26548189052141435,-0.22374627017670726,0.0032139648781933094,0.03261039964427512,0.0032139648781933094,-0.19476415946114845,0.018988904513568355,-0.17106464937376825,0.23901974461137993,0.011401327667320216,0.003218276670314907,-0.17301271854179295,-0.07672649368340154,0.06936659431863251,0.0743167794455234,-0.12376922799097051,-0.1992919832787574,0.11994186068590512,0.01874710255132478
chr7:66628880:66628881:NM_153033:KCTD7,0.10297326936501336,0.4557432139040695,0.08794008141142554,0.060689098982707246,0.3434350309893798,0.8148460070851493,0.43316321236566135,0.15937663365709595,0.3279156449010021,0.09636562621839243,0.006613286752619824,0.04093892729733711,0.31678814407573574,0.10297326936501336,0.8437887984123382,0.006613286752619824,0.10238314941887705,0.9018133416951903,0.08990787452120522,0.08702875251343625,0.1172317522757044,0.025777393698608764,0.006613286752619824,0.22304659638274593,0.06906602039347548,0.08702875251343625,0.2660485974685095,0.07645992204180721,0.08794008141142554,0.07741856490811833,0.016389646756471837,0.4786129460531975,0.08826915510027816,0.5293855278102328,0.01144836525436474,1.0215342001242844,0.08702875251343625,0.3298711115345299,0.01804796161327188,0.06333472239323087,0.839221121494764,0.3490136470880257,0.15620712952342322,0.07072824714591794,0.6871216538460978,0.24993176997889757,0.08794008141142554,0.07109081467021938,0.05800693614971669,0.40243942523038045,0.008130815795749868,0.3321763357974455,0.061480958673202524,0.08794008141142554,0.8438215502206721,0.08702875251343625,0.8394613274375917,0.7968417895272301,0.006613286752619824,0.8392578400623991,0.008130815795749868,0.027932086226001046,0.00687385209686639,0.32816874246341543,0.09565077402945774,0.3248326911437489,0.006613286752619824,0.26733513397271574,0.00687385209686639,0.017873928770533037,0.03508300763634081,0.08702875251343625,0.8394215667278131,0.00664873513939343,0.31985870486475865,0.23581661196139297,0.006613286752619824,0.006917411164800158,0.34769020165333875,0.06917573539303706,0.3347886627606978,0.009506939105505985,0.33115548175169707,0.3338780480296156,0.013838402779857512,0.3347886627606978,0.06906602039347548,0.1057391915256273,0.08702875251343625,0.8840812959520219,0.38516439830085364,0.006786329595482782,0.07055380632638814,0.2672605320863098,0.2671470700634144,0.3485441617894143,0.3085082082260098,1.5884015190889054,0.006724569629356719,0.006318684232000438,0.08794008141142554,0.01975255142491575,0.02832026401238072,0.31413018040007684,0.33225566734682893,0.7425960292906787,0.028191845992067893,1.070417847233646,0.8840812959520219,0.08794008141142554,0.8321994547427318,0.11433876178259172,0.839221121494764,0.07343240140971202,0.3248326911437489,0.01257038807967234,0.40184714808484046,0.8836917017938075,0.31413018040007684,0.3320653256240572,0.33115548175169707,0.33499150200907524,0.391993363321859,0.06906602039347548,0.01975255142491575,0.3232808995315586,0.009346957156520647,0.3485441617894143,0.009805423321271961,0.006613286752619824,0.25021232288513306,0.3321763357974455,0.025482359865844878,0.05857275429570427,0.839221121494764,0.3746922796310481,0.3746922796310481,0.31612433038465115,0.006786329595482782,0.31413018040007684,1.1463369883129277,0.4588850776336473,0.3298990397007051,0.008169375582178784,0.007534227420634337,0.006613286752619824,0.08702875251343625,0.4937757174064885,0.006613286752619824,0.044552727178440804,0.3347796069314037,0.3321763357974455,0.006613286752619824,0.012569482435187934,0.09156425476633023,0.014225487116053592,0.07349568645051804,0.04305093227749873,0.3321763357974455,0.3479242134875352,0.3298711115345299,0.026644021836867926,0.08794008141142554,0.7968417895272301,0.08794008141142554,0.24875953808423557,0.8444781962149546,0.37778003624418177,0.3321763357974455,0.2880278091056901,0.3271429792555149,0.11662815896754725,0.020401510005689905,0.020636487043014323,0.03623517664708628,0.3321763357974455,0.027028566970213497,0.3298711115345299,0.07322505732444692,0.329852181526602,0.07049061792953293,0.33403250061005946,0.3489983544603879,0.018687272142939998,0.33226960734003075,0.08794008141142554,0.28040103164097185,0.32475112895784775,0.07700088337667818,0.08794008141142554,0.11416330995909194,0.008102019455366483,0.07148161116043086,0.006613286752619824,0.3321763357974455,0.006786329595482782,1.0215342001242844,0.08064560497858336,0.1565789161598108,0.839539597587956,0.36711544769938886,0.08794008141142554,0.017986314874506137,0.017873928770533037,0.09500497754712381,0.3302913457116763,0.8411664204824927,0.02557885218560449,0.006613286752619824,0.45871453209751684,0.2533626799217277,0.6767797764177049,0.05857275429570427,0.839221121494764,0.08794008141142554,0.3347796069314037,0.11619988143153631,0.006613286752619824,0.4078007492852337,0.33584888823748515,0.07882110963789629,0.40218322100093995,0.05857275429570427,0.4552020726225949,0.2503241605361857,0.3321763357974455,0.3347796069314037,0.012873321399633542,0.02659765237097661,0.4487152651984848,0.0396162140071222,1.0215342001242844,0.07442636020721505,0.31429692188944586,0.01770465451299852,0.007181328708297574,0.3603563201584983,0.07049061792953293,0.01770465451299852,0.9561690145212791,0.8393505393472869,0.839221121494764,0.839221121494764,0.02065959366660966,0.3092854045432107,0.3141318953395405,0.8416294257164483,0.08794008141142554,0.839221121494764,0.3544327722894741,0.01770465451299852,0.3319721007902401,0.009195187045129755,0.3321899899009067,0.33675868805234105,0.38369012932031143,0.006613286752619824,0.839221121494764,0.8393497353309249,0.034238534619878386,0.034238534619878386,0.2670591803399641,0.3161245009037803,0.054045191214320415,0.006613286752619824,0.006613286752619824,0.07049061792953293,0.8343013721573598,0.3352524013998169,0.3301198503032001,0.32670182235993406,0.0997713160395973,0.006613286752619824,0.9349688585365634,0.0784924131819753,0.007200453325913958,0.08794008141142554,0.38567670867924453,0.3341199231724706,0.008615850368799388,0.262252192490647,0.48733932478950037,0.32925922372056526,0.31413018040007684,0.09372979006193174,0.07049061792953293,0.31413018040007684,0.08794008141142554,0.22163753703005473,0.3092577126489981,0.4412699433744036,0.09977227874664893,0.3321763357974455,0.45871453209751684,0.42523392815822014,0.05857275429570427,0.00687385209686639,0.839221121494764,0.2672605320863098,0.006613286752619824
chr7:74657664:74657665:NM_001163636:GTF2I,0.22530035967932777,0.16449374252596496,0.15400408994430895,0.4555609424169307,0.09905201409066675,0.38841541684114644,0.0011278824280828992,0.07827196639179423,0.3763653806968187,0.04680054664040398,0.19086226226852634,0.3790271210713882,0.09595655092247282,0.14072223669667122,0.13023339616092014,0.07653948964484877,0.25457289910685676,0.4462182439853604,0.11846255249602022,0.03937471585948549,0.09988919234513002,0.006239118946691047,-0.0003865521983834608,-0.0003865521983834608,0.13023339616092014,0.1110985940445666,0.12758936321783315,0.07653948964484877,0.07100116880081755,0.12076212276713855,0.16468271753162284,0.359892571363453,0.15508115393731592,0.0756483439427485,0.006396785564915908,0.31998370377680135,0.12013361024506236,0.13023339616092014,0.0015509889636705076,0.04056987584019023,0.13023339616092014,0.3170425594295094,-0.00023513194504798385,0.10946534671667685,0.17459111319852946,0.047575556579875805,0.04773513934157558,0.07653948964484877,0.22832356158870942,0.17478166907629367,0.17262539908810157,0.18563865417405817,0.31323389607840435,0.12035342640605973,0.31849709529122516,0.03933771881500356,0.38275990674343807,-0.0003865521983834608,0.08676487328788834,0.3170425594295094,0.17262539908810157,-0.0003865521983834608,0.07606506449291928,0.1728554730951388,0.18025388808075246,0.0010701659854967238,0.1263753861652921,0.07565898695192338,0.07626290918466483,0.09813411125520219,0.03650900690496464,0.12031487103609459,0.13023339616092014,-0.0003177131727793714,0.10005950919722031,0.09810416470653416,0.08676487328788834,0.12425040009185731,0.16861207870593803,0.13023339616092014,0.3170425594295094,0.03574753552111651,0.21855327383302772,0.0023368040984713956,0.10010366249400884,0.12758936321783315,-0.0003865521983834608,0.035644834775442946,0.04769793839419734,0.21997723792162988,0.1451818904981736,0.0014044924443746831,0.10025224255294476,0.13023339616092014,0.04451687258939138,0.000761959643732768,0.14871671355483615,0.3861754178772602,-0.0003865521983834608,0.07894687226812111,0.12013361024506236,0.09813411125520219,0.22039417290204005,-0.0003865521983834608,0.38721698127920456,0.26258599438526053,0.15359781108378887,0.19285441777634635,0.2636093540147071,0.20874707362182182,0.1263753861652921,0.001226995977066353,0.22662243327307655,0.13295864689404596,0.233602982746609,0.15699490641988595,0.357973231652685,0.31547274413970616,0.0021205343938484333,0.44058800882512483,0.1263753861652921,0.3170425594295094,0.11940763863925871,-0.0003865521983834608,0.09813411125520219,0.17542709999494532,0.07653948964484877,0.0006051213143455358,0.07935775250153435,-0.0003865521983834608,0.02583582999571668,0.3153796644604021,0.12537115433280194,0.08195940728024736,0.0006051213143455358,0.2364371651523921,0.2364371651523921,0.1263753861652921,0.1753974357965829,-0.0003865521983834608,0.27887352139695026,0.41448261144194626,0.1164414770252564,0.04743183257761022,0.22481668440195743,0.001365306646725989,0.11301982422895115,0.5536767929428108,0.0011278824280828992,0.0977313436150675,0.3153796644604021,0.3170425594295094,0.127493841748624,0.07653948964484877,0.008330474764812829,0.2065569727502735,0.17883150204404136,0.01083113793583454,0.14457586172382147,0.252938894084728,-0.0003865521983834608,0.403564162821081,0.12013361024506236,-0.00038183665759775054,0.04773513934157558,0.1263753861652921,0.2171515415957916,0.40362947332423765,0.31849709529122516,0.14865746593499388,0.2267787044844866,0.10880679878247215,0.14272678232368843,0.1263753861652921,0.12197214508375911,0.3170425594295094,0.01401058478060388,0.13023339616092014,0.0818012672685432,0.08952465404408433,0.09917919499457517,0.13148443159676332,0.23956307791672837,0.0008871135015378895,0.22662243327307655,0.12013361024506236,-0.0003865521983834608,-0.0003501587342598367,0.14265260156684173,0.20874707362182182,0.09988919234513002,0.12902754956754323,0.0006051213143455358,0.04769793839419734,0.1315185570084672,0.10010366249400884,0.13036807224012148,0.12547583544930035,0.1970359438853662,0.43384093605165724,0.2727503442634204,0.12031487103609459,0.23810031465222278,0.008963760497925993,0.22467587022342703,0.3153796644604021,-0.0005745004818529242,0.12758414044167526,0.039450366243176604,0.19289904972096458,0.06339335649455427,0.07606506449291928,0.08199565187207714,0.25585214662731304,0.12017215704256878,0.13148443159676332,0.09971619534170373,0.01083113793583454,0.27053919377643926,0.2750434613102023,0.16255243901374847,0.3188542022836858,0.0983068656559053,0.254439284438478,0.26691434206003073,0.13023339616092014,0.0006051213143455358,0.08119710841198019,0.044381454855698166,0.1840925839543167,-0.0003865521983834608,0.26878596939242266,0.13023339616092014,0.31313015268342903,0.13976643977550998,0.07653948964484877,0.47684704474964457,0.09186422355903351,0.1397035884564599,0.1869406520281841,0.3170425594295094,0.43384093605165724,0.22662243327307655,0.10709897188805836,0.13023339616092014,0.0021205343938484333,0.18702175777895183,0.12013361024506236,0.3153796644604021,0.3370336286154071,0.12377049986149946,0.10026788403367876,0.10012432258188445,0.3170425594295094,0.3476324524815753,0.04493492430953827,0.17053975973077504,0.43218873415949355,0.5306170166218169,0.1433903012669966,0.1433903012669966,0.07606506449291928,0.23937456424048664,-0.0003865521983834608,0.04769793839419734,0.05354458966446246,0.22881448011582373,0.18841898257456544,0.4038535734097337,0.10583259969208592,0.08533627182961698,0.20903395797369648,0.07976814696882525,0.1314575201111916,0.22076943146306627,0.026110360213655898,0.20879110315813834,0.2258988810177379,0.11807094648879643,0.001191737718290481,0.022014859456339964,0.43092343774509173,0.25585414302335724,-0.00038183665759775054,0.21626213035692787,0.07657549825916032,0.12654559124218867,0.12009922868579975,0.030195611850404674,0.2779632519853518,0.10519252674217802,0.04606952465710823,0.18882717347786784,0.12087966152418039,0.08447770046323583,0.07827834579915852,0.07626290918466483,0.43218873415949355,0.13023339616092014,-0.0003865521983834608
chr7:99144120:99144121:NM_181349:SMURF1,0.28322950158500415,0.16859564154936718,0.10976776111266263,0.0049036803522997385,0.15762571260397434,0.3291491962517582,0.016476326261890814,0.011394654267146642,0.14606183355574814,0.1375369247180167,0.06314574167377474,0.010684214888704191,0.3266021631868021,0.28340236527904356,0.02373327452018016,0.010539737929672749,0.13576699208820867,0.18588609312615365,0.08787745743069701,0.08194406240951312,0.08016939745346295,0.2843574669588316,0.10564850734620168,0.3335982750462783,-0.06030222816876266,0.1134962306692431,0.13576699208820867,0.013182041964151153,0.10718850250657684,0.11106825752459157,0.2074196413053238,0.039148194587530244,0.12410916251996548,0.08500144675243265,0.2853586265685455,0.22596515808582757,0.01549627487174332,0.14401094366589018,0.11412713006277472,0.005383696883032391,0.13576699208820867,0.02373327452018016,0.023477997041149987,0.018571559367624224,0.1590475505614864,0.060256635795730415,0.01549627487174332,0.15052659816209,0.11104222163283137,0.08359447641568322,0.032111683079190254,0.0049036803522997385,0.061640128364279206,0.1319744375191374,0.08394260098647685,0.10718850250657684,0.10022507241843306,0.0049036803522997385,0.1167452163686712,-0.06030222816876266,0.00968945243539282,0.0064304427749212745,0.23280097275957623,0.0008430855986368852,0.33486503629006015,0.14214452179353837,0.0049036803522997385,0.08510168113834318,0.047304672415398374,0.010620414714375942,0.020014776876961543,0.08203856101470097,0.08393790473802071,0.0051233533443146295,0.1873870576713989,0.3588286478116976,0.1167452163686712,-0.03133981431955041,0.14357574572580167,-0.060303104116553416,0.08394260098647685,0.08199906580682463,0.13576699208820867,0.014565416237969891,0.11422714555525314,0.08399378365976107,0.14401094366589018,-0.03537425093413249,0.015607504666228983,0.04521375179065486,0.04583371271462977,0.13196387129690504,0.14401094366589018,0.0049036803522997385,0.00995195445597137,-0.05327225295869427,0.09705003369158595,0.21954772457612054,0.03196727199808627,0.2685870661470732,0.09760799727800973,0.010626954856152768,0.11490267656373244,0.1632659102047049,0.08942378773776347,0.19746978513144112,0.10667374763408234,0.21386177385180533,0.22353040869361146,0.08700468627396292,0.005039608154843445,0.08118503933927927,0.29822909561662464,0.02914591170755787,0.00490568896952609,0.1447120421787445,0.2834189680787403,0.14503466845104848,0.2982937496011412,-0.013946634364320438,0.08394260098647685,0.08394260098647685,0.09872639612398477,0.14401094366589018,0.010620414714375942,0.19337797392358944,0.0049036803522997385,0.13576699208820867,0.11322688140988223,0.004954664483401511,0.18217470204659236,0.13576699208820867,0.1782146954444735,0.07558640992357168,0.02373327452018016,0.0049036803522997385,0.0049036803522997385,0.028029257945906813,-0.008829063495436095,-0.06030222816876266,0.006883312565598598,0.21120264329394892,0.14413180806313675,0.15055827357201101,0.14891745021596647,0.07558640992357168,0.08045045112257317,0.09238967938122303,0.0049036803522997385,0.3334143384585947,-0.06030107210199934,0.13576699208820867,0.006566654914042985,0.008622891008775474,0.005041231990489198,0.14896602068446257,0.14401094366589018,0.45534271651547303,0.08394260098647685,0.0049036803522997385,0.14401094366589018,0.07716746020686506,0.09152456775354492,0.006064502212205697,0.01549627487174332,-0.06029990448151284,0.33659568516550953,0.2763144037188458,0.08394260098647685,0.07568592603145569,0.19627838283978222,0.05079224140419958,0.15884667786679516,0.13576699208820867,0.3001998757652476,0.0049036803522997385,0.23450010812686706,0.14406815594393813,0.15972152050792196,0.1948660322358168,0.0049036803522997385,0.13576699208820867,0.15512188494977158,0.17164117582817875,0.19148898711204454,0.0196322847369505,0.0049036803522997385,0.17841622975469848,0.08968406813504072,0.01549627487174332,0.08118503933927927,0.13576699208820867,0.0049036803522997385,0.08700468627396292,0.2109659923949103,0.18830829333124877,0.13576699208820867,0.1526659476228507,0.15784285197870668,0.13170008694620017,0.3294470920424871,0.021363860732900586,0.00941505417870242,0.31862798747435067,0.09157900101924811,0.08394260098647685,0.20106572733583927,0.13989227297460832,-0.04256387054319273,0.20957666377187273,0.0938880766540362,0.2603285752870126,0.09144141460316513,0.08438910773235558,0.059024143163368806,0.09991505026540123,0.08120530226465661,0.45534271651547303,0.23575757711176298,0.09982837467072009,0.09099827796047624,0.2278994267923536,0.0052875065009757305,0.19185570266924074,0.31415969179470643,0.13576699208820867,0.13576699208820867,0.01726313915328652,0.10092301282430302,0.038859422781249875,0.0049036803522997385,0.3006828133579376,-0.06030222816876266,0.14457135620179923,0.21433521978515999,0.029223853153444793,0.1925129908238197,0.04584899837968166,0.0453020504264067,0.13576699208820867,0.0839453074989624,0.08394260098647685,-0.06030222816876266,0.14801996493172337,-0.06030222816876266,0.2982937496011412,0.18084931474637764,0.011036220143651007,0.08394260098647685,-0.054996067265995874,0.07711142446561778,0.0940937352238175,0.004962988088816844,0.08394260098647685,-0.01497221529026625,0.0450836405274202,0.07743227186164628,0.08394260098647685,0.08439979121992217,0.008285701957353273,0.008285701957353273,0.19696036921458981,0.02393167136940802,0.0049036803522997385,0.0068147166336322285,0.2810948615141917,0.0049036803522997385,0.08405795437419147,0.40778617884521073,0.04243705792378648,0.29156518528060543,0.08928537556182911,0.11891447384166252,0.13576699208820867,0.050937947636916864,0.09862031636862574,0.0068147166336322285,0.0710376585792241,0.14845392793657713,0.0042867741772778245,0.21916218700966258,0.1153027798210865,0.2987074820437654,-0.06030222816876266,0.11082452937713222,-0.05852568122548425,0.01061940491898175,0.09760799727800973,0.3330158927964939,0.01061940491898175,0.12292200530223832,0.0771352311204814,-0.06030222816876266,0.06788279749022991,0.020603926831969183,0.18955017630513735,0.009849686085480383,-0.06030222816876266,0.0049036803522997385,0.0049036803522997385
chr7:101127088:101127089:NM_000602:SERPINE1,0.2513976642328769,0.2141373649750748,0.23775991036126964,0.009013678365679234,0.2741078755097435,0.46816190420953596,0.20772974722514598,0.21869405194685987,0.22389547176353009,0.30260282028949304,0.3242104880851959,0.09353776224753668,0.34788431098120126,0.25199432769434416,0.01766264909625831,0.21869405194685987,0.18996072576201095,0.4288805906699105,0.24200157082755333,0.2183091444376109,0.03145480419759994,0.3018137259108878,0.051828825277383306,0.1571281480385967,0.1738967177047801,0.2498227411919547,0.019637378557561314,0.34276581394179095,0.24984306790365607,0.22190103825311525,0.2677453579266671,0.3069966183302275,0.220454499094796,0.007275501528295036,0.3116195688845099,0.21932276432281428,0.19856579514767858,0.1283233656583711,0.17411054068386583,0.2954572587831731,0.17386775406611166,0.20369423354622826,0.3248598761756362,0.16663006627548899,0.4170318084043581,0.23886498762202008,0.06487525527644922,0.21087588523202377,0.2101249506879816,0.2683825905157083,0.18795078999489784,0.000838577603673063,0.3316738786152491,0.24907491670668447,0.030867688414702443,0.19551492945806442,0.2650573784934867,0.01766264909625831,0.4795430825829824,0.027444044546818924,0.1409411928747632,0.2786500096764703,0.16289573948937358,0.01587151853376184,0.3383775918322816,0.17476412756243298,0.0007830685188960906,0.1417204968710742,0.17422230311622725,0.379104824763593,0.024098425930970002,0.4644183764177377,0.02087900047519864,0.05531268283841134,0.2832159727782636,0.017699389908131802,0.4795430825829824,0.5141975319585868,0.2403428461498961,0.024981811430260403,0.0028699592023562204,0.0007830685188960906,0.21499602965743322,0.07738926768407328,0.011262342223333444,0.019573123549678162,0.010484919254540925,0.14361782041706128,0.06487525527644922,0.4083387994356418,0.03099325384218704,0.01837268062720354,0.002160247406527649,0.002469781127056536,0.13228119297914231,0.1608521095116845,0.3852954661783331,0.3022011976113763,0.010763518457536703,0.1414139801105465,0.2502104074371754,0.379104824763593,0.20352024714039996,0.01259632772682906,0.2372567266265278,0.48000584006097735,0.3061537883105875,0.08217482919586178,0.37082101707043746,0.19859217501420218,0.030956015042253426,0.033063779946324534,0.05548224449194955,0.17178617536417717,0.013603658527316542,0.03522260365372787,0.22995144586240882,0.34598491570360584,0.06007062936443086,0.1823108901843697,0.024963245427782554,0.022499489629571656,0.2502425331825176,0.01767651768674816,0.379104824763593,0.5014175131195159,0.0012622947432695542,0.01949922460563447,0.2532652058594551,0.029834925603243523,0.3341494710497545,0.1880174959722114,0.19258704153900374,0.008307772162140792,0.027505096700447762,0.17282222575231576,0.17282222575231576,0.01884131709624537,0.36009104229664324,0.0007830685188960906,0.3412102598709326,0.05816398587699406,0.002160247406527649,0.03896618125260243,0.17445023896662343,0.00972943312985547,0.036550886071394006,0.44919878287462134,0.029834925603243523,0.02976892942162568,0.026687546985081356,0.0043690986382844965,0.04433334359274538,0.21677577649655366,0.1480529988735409,0.03576449786187885,0.19623446278092077,0.018135505901925586,0.0008639986430799551,0.010942591967429194,0.02138143801487652,0.037890958780565254,0.06577554583981826,0.17656612804132085,0.11050079537513569,0.1714908274509715,0.22750409277364658,0.32978697469748663,0.05611864898951141,0.056544419906630505,0.24928402763969587,0.18945004973252266,0.03849567556483707,0.0007830685188960906,0.06216237882504738,0.0018386061950410593,0.03849567556483707,0.1175593001871858,0.15924089343267078,0.39143305197452605,0.019373115993818968,0.19968411943302336,0.27359486657202897,0.09400683564327922,0.21033195627638296,0.24907491670668447,0.03182403542446277,0.0007830685188960906,0.05910336378370212,0.065214330184649,0.03819762897333662,0.004156817586175199,0.01766264909625831,0.06487525527644922,0.027570606016968757,0.21907042809983035,0.17693834685368945,0.16781475502948884,0.09417637151514446,0.2550348429502048,0.3917710055309249,0.24907491670668447,0.00972267750416489,0.29327938233535666,0.18717803298657304,0.01766264909625831,0.01886839214890601,0.08736261629107384,0.020078775742268573,0.27322268496874846,0.3369002174273027,0.1784241083566606,0.007809304135898754,0.1959773997302865,0.2000727515838689,0.017070534678891136,0.0330914573963223,0.018135505901925586,0.20541787667349065,0.2643811488304728,0.14604467144363342,0.23791619863483798,0.2856263199923108,0.24441784569200872,0.505789767588822,0.0007830685188960906,0.35393919224650716,0.20300425303015557,0.20136695718113495,0.2758142465519834,0.0007830685188960906,0.3767281571959274,0.0007830685188960906,0.17669829639356527,0.0008047328101000728,0.21869405194685987,0.2173817850417344,0.13332391178751485,0.0014408688916787704,0.027167677930337975,0.05531283455450248,0.05344173357291443,0.3794275228892051,0.17445023896662343,0.1610208234453322,0.052927981885772635,0.01947387004080603,0.11050079537513569,0.1781648598559497,0.5315901477663215,0.004418615984828567,0.2142656859303887,0.002160247406527649,0.022371579531238084,0.3719286431248717,0.2256233479757711,0.4854341881704778,0.028111385546901957,0.07062254880325752,0.22889142764575982,0.22889142764575982,0.17758810466735497,0.22551947438371328,0.00216764356440996,0.029272856769566258,0.20451509160372072,0.007809304135898754,0.18292664767483352,0.262268598155338,0.04642420542640002,0.3099125553667116,0.25770393142899717,0.19561786200904568,0.05448440394744525,0.037643092155076,0.010163713971176602,0.029272856769566258,0.3288181628265989,0.2931585508868237,0.0007833112379813656,0.3388558410851924,0.21222932087533997,0.19589962421235646,0.1317606726544742,0.20363595847406507,0.20732382613534006,0.32012699032874703,0.24966646461183864,0.30606554215888915,0.3494354025475501,0.3199503155522897,0.19574648429613883,0.17767478866152422,0.04068518626423673,0.19525318468289027,0.3042190133409735,0.16594415570491933,0.17451138704803631,0.1973233901112397,0.0007830685188960906
chr7:111091005:111091006:NM_018334:LRRN3,0.13720206027183612,0.2836232021745133,0.09133129310344701,0.00986383124903134,0.00986383124903134,0.08208648558933096,0.10608672546433418,0.31513468760680385,0.06327502568806431,0.10008075810839712,0.02901920680922787,0.10150791839735163,0.014988388377622952,0.13740136136030734,0.00986383124903134,0.3149581336051964,0.05098838440325759,0.5388769342022776,0.13164548529299547,0.00986383124903134,0.0208635464013881,0.1265366903281604,0.027578977492396684,0.18882449667816126,0.00986383124903134,0.00986383124903134,0.00986383124903134,0.04277074122654434,0.013444803709660391,0.02535910005585318,0.0613368329244014,0.7185905597545837,0.12650665996545085,0.27474173647802647,0.15157513971172643,0.17939214671124504,0.00986383124903134,0.00986383124903134,0.012918677240171816,0.058518238162971636,0.00986383124903134,0.07777376428595162,0.05340291003668329,0.013413672471653482,0.05356849065272218,0.027520055401418886,0.00984247468972621,0.057326301062170626,0.009773891257905065,0.00986383124903134,0.01736417892527109,0.00986383124903134,0.02021377805902491,0.00984247468972621,0.00986383124903134,0.00986383124903134,0.07778715433261962,0.00986383124903134,-0.024433691468150665,0.00986383124903134,0.0105811389412247,0.00986383124903134,0.07777376428595162,-0.046005201912807325,0.25706960058326056,0.00986383124903134,0.00986383124903134,-0.03761697751902271,0.00986383124903134,0.014133847965094093,0.00986383124903134,0.061277501128254364,0.00986383124903134,0.015060087194499694,0.00986383124903134,0.07131314929271637,-0.02427973241306225,0.00986383124903134,0.013444803709660391,0.00986383124903134,0.00986383124903134,0.11140262507611409,0.00986383124903134,0.00986383124903134,0.012546020046659945,0.010456644887292588,0.00986383124903134,0.508024555656037,0.00986383124903134,0.00986383124903134,0.10636847373308655,0.012546020046659945,0.00986383124903134,0.009875991015873886,0.00986383124903134,0.013444803709660391,-0.018238839067208246,0.18573075433620911,0.00986383124903134,0.009854571890476893,0.00984247468972621,0.06387079560085895,0.013495422821964254,0.010583861123701244,0.00986383124903134,0.15199118969542114,0.00986383124903134,0.45639282915682766,0.00986383124903134,0.00984247468972621,0.013444803709660391,0.029951496506452346,0.00986383124903134,0.17936024237097692,0.006153098111268407,0.013444803709660391,0.22167622194451886,0.00986383124903134,0.00986383124903134,0.010565774170752662,0.00986383124903134,0.00986383124903134,0.14939092998351544,0.00986383124903134,0.014133847965094093,0.23733973665597474,0.00986383124903134,0.00986383124903134,0.05345673093801118,0.00986383124903134,0.027698438047611518,0.00986383124903134,0.27304544841425704,0.009854571890476893,0.00986383124903134,0.00986383124903134,0.00986383124903134,0.16877203318638534,0.07777376428595162,0.00986383124903134,0.31492369171275336,0.07777376428595162,0.00986383124903134,0.028420762016255874,0.02451846149883352,0.013444803709660391,0.01856213803219464,0.0887605758064034,0.00986383124903134,0.1987780233000288,0.00986383124903134,0.00986383124903134,0.12257294697923893,0.02535910005585318,0.009861305976886059,0.00986383124903134,0.00986383124903134,0.018418628942025284,0.00986383124903134,0.00986383124903134,0.00986383124903134,0.00986383124903134,0.00984247468972621,0.00986383124903134,0.00986383124903134,0.00986383124903134,-0.022507143077377556,0.14360585182292784,0.00986383124903134,0.013444803709660391,0.13725199087085194,0.02296791832012912,0.17362163963795818,0.00986383124903134,0.0612173793714601,0.00986383124903134,0.035987629513457686,0.00986383124903134,0.24171319695378535,0.009854571890476893,0.00986383124903134,0.00986383124903134,0.013939418604565934,0.07602371833980526,0.00986383124903134,0.00984247468972621,0.00986383124903134,0.00986383124903134,0.013038823302035873,0.00984247468972621,0.02126867161993562,0.014188937365548826,0.00986383124903134,0.00984247468972621,0.00986383124903134,0.015910414341506307,0.00986383124903134,0.18665374852971206,0.09546678337577286,0.07777376428595162,0.02695953123335104,0.00984247468972621,0.07115553011261322,0.0022832886997317114,0.010130843626151242,0.00986383124903134,0.013124138648774153,0.010370701010691152,0.00986383124903134,0.2915584619198769,0.027848945325099073,0.4315412373447308,0.009854571890476893,0.00986383124903134,0.03901318133053622,0.00986383124903134,0.029516010485902577,0.018418628942025284,0.06283493187308209,0.0777809367554011,-0.0045851094967944706,0.08448003764621981,0.04627461446929482,0.0402512270832458,0.014361895967607063,0.00986383124903134,0.00986383124903134,0.009859436954982925,0.14357121282034768,0.04869594655078313,0.00986383124903134,0.014634192129132195,0.00986383124903134,-0.05378659688069842,0.0098464634560127,0.00986383124903134,0.18338302585380095,0.00986383124903134,0.009867820945527517,0.00986383124903134,0.00986383124903134,0.07115553011261322,0.011049230980831326,0.015579048867709111,0.00986383124903134,0.00986383124903134,0.11647924137554921,0.03901318133053622,0.011049230980831326,0.07776756893324221,-0.022531299804540383,0.00986383124903134,0.01856213803219464,0.00986383124903134,0.026563329759606402,0.009305365743002558,0.041515219459360764,0.00986383124903134,0.18341232653932926,0.02162352781209953,0.02162352781209953,0.4315412373447308,0.27176880549676785,0.00986383124903134,0.00986383124903134,0.05687808731905619,0.00986383124903134,0.00986383124903134,0.07597429492971985,0.0402512270832458,0.009854571890476893,0.006837954461957452,0.03930810320057887,0.01848367393739303,0.00986383124903134,0.1619368775448098,0.00984247468972621,0.15369304692410046,0.009872000551275684,0.5454689608058376,0.027698438047611518,0.17936024237097692,0.00986383124903134,0.00986383124903134,0.010130843626151242,0.00986383124903134,0.014124087990000977,0.00984247468972621,-0.004529835020989581,0.00986383124903134,0.13810355134926056,0.00986383124903134,0.00986383124903134,0.00986383124903134,0.09132088578361997,0.009854571890476893,0.00986383124903134,0.00986383124903134,0.00986383124903134,0.00986383124903134
chr7:130293133:130293134:NM_016352:CPA4,0.31255183461594094,0.4353216391043339,0.3439482998552724,0.012081064515230028,0.28537780722026473,0.2646288929285904,0.2839693587419485,0.21052760498708564,0.3229469631174335,0.38712213920634897,0.38630728160824945,0.2935751380500924,0.2857531145048354,0.31291561309762594,0.011225675825084075,0.21052445031979222,0.012424386718112107,0.3652500328416637,0.2734854239550253,0.34406078627924663,0.11961818871743718,0.319020338252339,0.3088097612731827,0.2845665236505296,0.011568860221432609,0.3439482998552724,0.011225675825084075,0.30911304256523575,0.34406078627924663,0.30733739456203113,0.4152859661364683,0.31987555771340703,0.3440661452082797,0.09962369968753568,0.25792317529234954,0.2847150310768902,0.011809560541991865,0.011568860221432609,0.01264171523406496,0.035406560992861186,0.011568860221432609,0.012424386718112107,0.02313078813399755,0.30920282801090876,0.5275726260326336,0.16539945059976305,0.01174876181954465,0.15150210286601878,0.03223606077686378,0.152642749558264,-0.028267709051550904,0.011456265784790337,0.3409441609434037,0.28255872727241205,0.027775251196855838,0.2823146358263688,0.011808193357058655,0.011225675825084075,0.5206275998750485,0.011225675825084075,-0.028267709051550904,0.21064618933165732,0.2679408762593478,-0.012604956635412667,0.2606415646677984,0.011113079598187553,0.011225675825084075,0.09981109194551616,0.26803357806268113,0.2087099468467743,0.011225675825084075,0.3077793896676796,0.021828718949131187,0.03507528217904052,0.21188407058750994,0.23224742915109436,0.5206275998750485,0.028971634859877443,0.26717216565991275,0.011568860221432609,0.011225675825084075,0.012129310538954913,0.011568860221432609,0.00289530788753406,0.013492007131720524,0.011225675825084075,0.011225675825084075,0.2862912612001848,0.01140493282533292,0.058563754849668,0.08990032951733071,0.012297625128923129,0.011225675825084075,0.011225675825084075,0.16770917032048713,0.012939286742534917,0.039086696594628906,0.17132506958507845,0.283680179938077,0.011113079598187553,0.28255872727241205,0.28350597052012344,0.07650850408083329,0.012723779215630004,0.04217626962417684,0.4182966383750114,0.022028678274846947,0.3168173511509368,0.0472395054786349,0.28255872727241205,0.28409371192575783,0.013012409899307714,0.2820267958689757,0.011568860221432609,0.03159908581145002,0.0941245329469782,0.15497160162531587,0.2835084739670683,0.013163197237135438,0.06276609549731477,0.011456265784790337,0.01123974151983817,0.45503889624671967,0.28182754666262155,0.20995975048527216,0.5813414977130233,0.04761102940557116,0.011225675825084075,0.09218140618473306,0.01271737951096541,0.1785280870214118,0.011568860221432609,0.09087469750827329,0.022640327942262395,0.011568860221432609,0.012537065904139472,0.012537065904139472,0.03800317889196417,0.2377401772353162,0.011225675825084075,0.13671629105254623,0.011912618524044738,0.060660451860932524,0.01163912500069475,0.014768285773823164,0.30921136141724415,0.020820215636771444,0.3908519978578862,0.01156942708991418,0.012045633143683093,0.011226124884294086,0.011225675825084075,0.28536552930366665,0.012814445211458414,0.016568288320227026,0.0938809798740885,-0.02349661386973903,0.011656468156862804,0.02799717999760193,0.011568860221432609,0.011568860221432609,0.0479632875669935,0.28255872727241205,0.011813835036976555,0.20861834872084065,0.011748121432192088,0.013339468920903735,0.2600196597333272,-0.005990212355007629,0.05621759264081222,0.15305361464236542,0.2850115106480912,0.011291216376887597,0.011225675825084075,0.09647281858987702,0.011568860221432609,0.01376506428296237,0.011568860221432609,0.043798010400673826,0.033650872711517954,0.011225675825084075,0.01154766436793589,0.014334251290624794,0.28522667654486844,0.13514466681043394,0.2825580112833601,0.01259904997119754,0.028538068251098114,0.033263958994349196,0.01174876181954465,0.012896485975792904,0.011225675825084075,0.011225675825084075,0.01140493282533292,0.022640327942262395,0.01457592187966053,0.012424386718112107,0.3007004224636627,0.2888652430156923,0.011569497167820908,0.3606187237150764,0.011809560541991865,0.0113365910009951,0.5207895764000956,0.6270972468664966,0.011225675825084075,0.015982498233878928,0.09192119208448643,0.1502245410206729,0.08776740128957097,0.1792224061548974,0.1485447022439732,0.052916123985358804,0.013574963467454765,0.28255872727241205,0.011225675825084075,0.012894075940708905,0.011656468156862804,0.014148886172329345,0.01197273088969833,0.015420054673323441,0.2625752513329575,0.2244983274841573,0.21831574250724273,0.48869515069372416,0.011225675825084075,0.30906699058892084,0.6270972468664966,0.012424386718112107,0.13689977895199595,0.011225675825084075,0.012768500022869056,0.011225675825084075,0.001301805302709319,0.0113187844542319,0.2103039867872949,0.012952110730374361,0.011231889832599373,0.011304561702202842,0.011225675825084075,0.01158293440593175,0.01143506080436768,0.011456265784790337,0.014173215326201777,0.011285709814923633,0.013163197237135438,0.276803787153921,0.2825580112833601,0.01154766436793589,0.03549207790340175,0.01157507448234224,0.011802767249034174,0.011288650642541809,0.011225675825084075,0.005134716362353381,0.11204140194275033,0.31055846170734847,0.011568860221432609,0.13457206008573533,0.012265280936522405,0.012265280936522405,0.2680544817328679,-0.03216457595202765,0.012202256875814055,0.011225675825084075,0.014365419309764565,0.09455164121108686,0.02789552619268995,0.3034672392838602,0.011991528111122196,0.025305347211450918,0.28427046605527306,0.15762331717722616,-0.023029722014164117,0.3916348590266058,0.011264621807968472,0.011809560541991865,0.03011489414408497,0.06809932650944242,0.014738067563099616,0.1808636815416608,0.21212244716530737,0.21153738727362084,0.011225675825084075,0.6270972468664966,0.013271442976959869,0.28231541584047193,0.28255872727241205,0.013185392632018483,0.0116477478248527,0.3444382777011148,0.14361565835986656,0.0113365910009951,0.2182800155614932,0.012353373187076633,0.011456265784790337,0.24821644915713756,0.01154766436793589,0.011591513410373816,0.012348382766196542
chr7:139777894:139777895:NM_022740:HIPK2,0.4051415887990552,0.058888982710432525,0.05838408294109593,0.138897174511131,0.2638672507175134,0.38126786396281326,0.0021421102295883787,0.2598841380537361,0.05920007373691388,0.2987102918107779,0.30197584808920375,0.011611776808474139,0.37420609230208357,0.41845635560333616,0.30385612413219,0.2598828454286153,0.5660637017403054,0.07643951363174634,0.3738833805603604,0.0666905750097489,0.13093685289549753,0.38664704964492236,0.2614569766735366,0.004673655411489452,0.12983098215374184,0.058346489891882625,0.30385612413219,0.26318445139373137,0.058351189059454855,0.015018145030908092,0.09059097152304244,0.2606638713375712,0.3913533276377699,0.0591849377950901,0.40236633824021384,0.35788416465947775,0.38703500443760996,0.0011131918948855124,0.26318445139373137,0.03533325509227353,0.13293593266170226,0.1677737739230664,0.10525107619747914,0.020424114763631818,0.41628755564957,0.07477352379375984,0.06543192551665528,0.007626990774680542,0.001115351058929126,0.3746256315428032,0.02122094655337753,0.13293593266170226,0.3024526084588751,0.09072730519615241,0.13127604787136365,0.05711921392901975,0.13424478745474236,0.13293593266170226,0.40369252678675616,0.30386982301887344,0.08387254710874753,0.05864361689519454,0.007569663917492364,0.0384186822850231,0.44483188094576376,0.1351741178954506,0.13293593266170226,0.05900188590905431,0.007418961114220746,0.26144916310379634,0.0011131918948855124,0.05712218002103364,0.13295487194719977,0.01177840304731781,0.2560045573301994,0.00944237744747517,0.40369252678675616,0.02216640164589917,0.05025773810761153,0.12983098215374184,0.30385612413219,0.0011131918948855124,0.3116617223648436,0.13759442966491994,0.25532729722531894,0.30385612413219,0.0011131918948855124,0.11485076334284006,0.06567644691646601,0.1342788253177196,0.0022579443657586573,0.25532729722531894,0.0011131918948855124,0.13276266833810868,0.007569663917492364,0.3098699213267665,0.12000030963710384,0.4637023658543187,0.36504287248354894,0.007627289507022794,0.10526125868491548,0.2699774067268341,0.09543068056828141,0.0011131918948855124,0.3298367026432769,0.4074972612549965,0.057114519548285336,0.08201110705546566,0.13299317647750064,0.06565516700910878,0.009390703124798061,0.007859730554390876,0.0011131918948855124,0.3530109158317842,0.0351929244863019,0.05711921392901975,0.4064313748387013,0.0011131918948855124,0.14027233409589265,0.3289153098020567,0.30385612413219,0.30385612413219,0.4254673948303732,0.0011131918948855124,0.2618950962232572,0.42477653642434504,0.0011131918948855124,0.13293593266170226,0.07101543630188822,0.05711921392901975,0.0562477356373029,0.001130220858238662,0.05935281087816785,0.0013234029545767245,0.3038577255224387,0.5510980764152983,0.5510980764152983,0.1804348946097366,0.16609951759996433,0.13293593266170226,0.1346508763308424,0.14768504521838574,0.035731113865728414,0.05869403515629379,0.25549174045627754,0.0012806178286198788,0.05709505757011768,0.37858014430910625,0.05709505757011768,0.08508333864187967,0.12983098215374184,0.30385612413219,0.008777794423399377,0.050232690472545416,0.061354703014882994,0.05716055471166187,0.0011548824670145619,0.0011131918948855124,0.12983098215374184,0.0011131918948855124,0.12983098215374184,0.057114519548285336,0.06565992185602787,0.1329479090818504,0.06543192551665528,0.12983098215374184,0.3470181506759614,0.435188757596037,0.30385612413219,0.0011131918948855124,0.3750743837390132,0.0715819244695961,0.03130499269406167,0.30385612413219,0.34791997819981735,0.30385612413219,0.04046916272167833,0.12983098215374184,0.021955804930702205,0.2008025146416747,0.0011131918948855124,0.13293593266170226,0.1820569130325249,0.050778932596360404,0.5689832194894001,0.06565516700910878,0.13276192751115598,0.1589473817920181,0.002665224381416642,0.06567644691646601,0.00861075532373795,0.3426717572167406,0.0011131918948855124,0.05709505757011768,0.15833999186485356,0.26318445139373137,0.13293593266170226,0.015137066650552533,0.03587840698396194,0.1329856856357321,0.013883370696385233,0.09070742459186809,0.001116627969773909,0.4206895148541916,0.04593632078307586,0.30385612413219,0.36106932712581746,0.06626512526812695,0.005198847967589015,0.4839596707288619,0.009260321883534262,0.008021724009598052,0.011404976643607512,0.13293593266170226,0.06565516700910878,0.13293593266170226,0.007856274659620077,0.0011131918948855124,0.10981015145165335,0.13420700213634168,0.05003774281091339,0.05712218002103364,0.3738097532161052,0.2632374470330043,0.4600171381420487,0.0011131918948855124,0.007627289507022794,0.033055838584473585,0.0013597898487988647,0.21366254884483823,0.12983098215374184,0.05025952170038228,0.13293593266170226,0.13093904092895498,0.030377785222375664,0.007653454764004697,0.015363926453006882,0.0019839242073196317,0.024945907023445457,0.30385612413219,0.3026869128419993,0.3042118370270216,0.13293593266170226,0.26318445139373137,0.13293593266170226,0.132967961874183,0.13596370983545608,0.06563554403678212,0.13295855945744972,0.3404670314139647,0.03159983027284208,0.007644386333952313,0.007978355851286145,0.13293593266170226,0.34766130417670094,0.21998246850687897,0.05712799293036863,0.30385612413219,0.141846222459476,0.0017835417962928646,0.0017835417962928646,0.019460715845005194,0.06616930947155464,0.0011131918948855124,0.06543192551665528,0.003063090582371031,0.13293593266170226,0.3028697532081623,0.6892828003405268,0.03836743476205101,0.008130277085994009,0.42122618300314413,0.058465780082701924,0.13293593266170226,0.015598211083172664,0.3844608389679701,0.06543192551665528,0.2059543658887826,0.13294940049444098,0.001117435643825937,0.028353174167444595,0.01865897103749281,0.13293593266170226,0.0011131918948855124,0.056394548492761265,0.00838125117863664,0.0220480178479886,0.10398199228937655,0.004308500430356632,0.030526350402469427,0.4556244647105621,0.05271012567873434,0.13421766017847295,0.007627289507022794,0.15915920127547084,0.03905700473390766,0.00045229282250819347,0.13295855945744972,0.0026066148311100212,0.0011131918948855124
chr7:152025673:152025674:NM_001304514:GALNT11,0.42714792179900457,0.4384274658810737,0.4879623108728567,0.43244760988158326,0.004656943973576806,0.43584109134951055,0.4272624690191206,-5.0561409451546635e-05,0.4627523108516327,0.45755456620035356,0.023126408003214853,0.039663646385173106,0.0009649309372057463,0.0230764104200058,0.4272624690191206,-5.0561409451546635e-05,0.4427816842918917,0.4882050820332037,0.4371281349210699,0.42714792179900457,0.01901416115582645,0.05851232142790462,0.03352423108918448,-0.012670585413271158,-4.0600892628472884e-06,0.42714792179900457,0.4272624690191206,0.03352423108918448,-5.0561409451546635e-05,0.03352748427130991,-0.0003203490233793238,0.43447594970530895,0.03831378343951654,0.42714792179900457,0.05851232142790462,0.4272624690191206,-5.0561409451546635e-05,1.2996732513502616,0.03357593588337924,0.02360622664498136,0.4272624690191206,0.4275421346436931,0.45764212950093697,0.03352423108918448,0.4584684332453203,0.4606947391672992,-5.0561409451546635e-05,0.03352423108918448,0.42789016073183944,0.004656943973576806,0.0004296803518198111,0.4272624690191206,0.464058338483299,-5.0561409451546635e-05,0.42730550589021044,-5.0561409451546635e-05,1.4161027620908486,0.4272624690191206,-0.0027217821882777743,0.4272624690191206,-4.0600892628472884e-06,-4.0600892628472884e-06,0.0016035656356792258,0.00012963464281143255,0.0005481140460828274,0.42730550589021044,0.4272624690191206,0.46268825910158445,0.0016035656356792258,2.0002703215102335e-06,0.4276188845479064,-4.428354269650492e-05,0.4272624690191206,0.4267387432872027,0.4272624690191206,0.42919521601175453,-0.0027217821882777743,0.04282538913115487,0.4300784950591661,0.0013740380636500515,0.4272624690191206,0.0002306842832576414,0.42774695248660105,0.5292159189394097,-4.0600892628472884e-06,0.42714792179900457,0.4272624690191206,0.16912594443955908,-5.0561409451546635e-05,0.4285148777237647,0.4272624690191206,-4.0600892628472884e-06,0.006957755481213593,0.4272624690191206,0.0016035656356792258,0.4272624690191206,0.0052220366150795075,0.43702272617347354,5.6367470909875206e-05,0.005872449766420325,-5.0561409451546635e-05,4.448871387952025e-07,0.014416099999381017,0.4275399542853427,0.4447066551381277,0.4929505991884003,0.01257466809872481,0.44342521612296343,0.4354744175444639,-5.0561409451546635e-05,0.4272624690191206,0.0001885817895323494,0.4272624690191206,-4.0600892628472884e-06,0.4254149990180352,0.005184649643927883,0.43790502737470594,0.4272624690191206,0.42762554372043715,0.043062231119446875,0.24794926559245056,0.4272624690191206,0.5141472577021018,0.24794926559245056,0.000655808699332544,0.02019507745482784,-4.0600892628472884e-06,1.2996732513502616,0.023325694170487313,-5.0561409451546635e-05,0.46157334125832783,0.4272624690191206,0.04868163319607309,0.0006513014173631371,-4.0600892628472884e-06,0.43711895681844654,0.43711895681844654,0.43566916583484705,0.02398941772277964,0.4272624690191206,0.4272624690191206,0.4423501306532039,0.4348240856574297,0.07362921298931678,0.033606667195421894,-4.0600892628472884e-06,-4.0600892628472884e-06,0.4547214208886119,0.01837612758881988,0.4011475970394172,0.4272624690191206,0.4272624690191206,0.4272624690191206,0.03572771415326382,0.0566825579997948,0.0051909200403387895,0.43711895681844654,-4.0600892628472884e-06,0.4272624690191206,0.4272624690191206,0.24794926559245056,2.218038317902682e-06,-5.0561409451546635e-05,2.218038317902682e-06,-5.0561409451546635e-05,0.4272688424842379,0.4313866962064904,0.4824204937195862,0.4272624690191206,1.2995612905317768,0.0004531081485651539,0.003924856889117048,0.053862934270085996,-4.0600892628472884e-06,0.2893740404605454,1.2996732513502616,0.07942041131333132,0.4272624690191206,0.4273198672381468,0.4386349890517701,-1.4084769763972327e-06,0.4275335785470857,0.4976587743788209,0.4272624690191206,0.006962905924817089,-5.0561409451546635e-05,0.4292153631077676,0.42776119374569405,0.43996924105094404,-5.0561409451546635e-05,0.0001885817895323494,-4.0600892628472884e-06,0.4272624690191206,-4.0600892628472884e-06,0.4272678950971044,0.033569342486879275,0.4272624690191206,0.03395106976850277,0.39408697557721895,1.2989567770623278,0.46468606442734306,-5.0561409451546635e-05,0.006214370738231771,0.007167821466764458,0.274398303327197,0.4272624690191206,0.5114353645829945,0.05276564584909965,-4.0600892628472884e-06,0.004656943973576806,0.4776913925287466,0.0016035656356792258,0.001678619980212577,0.4275421346436931,-5.0561409451546635e-05,-4.0600892628472884e-06,-1.5371343342340804e-06,-4.0600892628472884e-06,0.4387622857390102,0.2762917362866021,0.049881182787520656,0.00101139285880876,-4.0600892628472884e-06,0.4815650833811731,0.020489623348884926,0.4272624690191206,0.4272624690191206,0.274398303327197,0.009303188375888442,1.433056918397854,-4.0600892628472884e-06,0.4272624690191206,0.4272624690191206,0.4275445108202886,0.004885648477419152,0.033569342486879275,-4.0600892628472884e-06,0.0021320151614837926,0.0006513014173631371,0.4272624690191206,0.42726288056579576,0.4275335785470857,0.4272624690191206,0.02182242886004153,0.4272624690191206,0.43748512350686597,0.43052030466229274,-5.0561409451546635e-05,0.4272624690191206,0.47583211860972946,0.0006529060448218285,0.4272624690191206,-4.0600892628472884e-06,0.4272624690191206,0.42741592717027366,1.4251623321445746,0.0016066513879943803,0.4272624690191206,0.027447774436694355,-4.0600892628472884e-06,-4.0600892628472884e-06,0.0016035656356792258,0.019492587006065376,0.24794926559245056,-4.0600892628472884e-06,-0.003501035101221253,0.42730550589021044,1.299719197658727,0.010401270078699523,0.2479040062512609,0.00759634980158843,-4.478362424562704e-05,0.0005909889362769177,0.4272624690191206,3.330832374231346e-05,0.08555463850973377,-5.0561409451546635e-05,0.03369796760405612,0.2752242125335944,0.029056895263244974,0.45997826409486975,0.38428955675773696,0.4275421346436931,0.4272624690191206,0.274398303327197,0.4815650833811731,4.448871387952025e-07,-5.0561409451546635e-05,-0.012670585413271158,-4.0600892628472884e-06,0.004711040657183592,0.2483689430663091,0.42726288056579576,0.42567071678288637,0.2800767053693345,0.006902384800319163,0.0016035656356792258,0.4272624690191206,0.00034149602293728765,-4.0600892628472884e-06
chr7:158829628:158829629:NM_020728:ESYT2,0.4867347423299245,0.587677437419305,0.29094449394694444,0.13844863208213132,0.2296502118225442,0.7287837585678163,0.3267434755855936,0.22966583497515836,0.22905046724983036,0.43068767077418246,0.7346091875032422,0.14379713204547706,0.5460549331958052,0.48740323765192717,0.1774155493021125,0.22966583497515836,0.7533675272763597,0.7503583429390699,0.3523395544958847,0.22460238851339132,0.018462327818993707,0.4123955422904017,0.1481844518730377,0.2306445777723578,0.1774155493021125,0.29098836091137853,0.13891127900044767,0.4116092599880283,0.2909869024245418,0.3841593418371531,0.575433901840255,0.36056607535789587,0.47317274795643527,0.16143396037862312,0.22959113228629202,0.34490370446789614,0.3420780008493708,0.42847348184724904,0.39143605366856077,0.3704352885285136,0.13842512906046386,0.6245626573737729,0.4334998882906838,0.28045185376126314,0.48545962053728536,0.04347291086230848,0.20477183635560126,0.4164690444728297,0.033393383394607845,0.2159426289227795,0.3239018195318784,0.42847348184724904,0.4738616180575487,0.21928829257690974,0.295316777935968,0.20476823939484134,0.3005862540899629,0.010410195271451261,0.11568423401577099,0.5832054798501608,0.31811063897388075,0.259909765446416,0.20591241373127855,0.011640458844336288,0.32891945336404993,0.2924530451490271,0.13844863208213132,0.22109620743400177,0.2172493884565203,0.2047284780109847,0.00937342691468318,0.4116092599880283,0.29316460190904153,-0.0006997235370231891,0.29098836091137853,0.39677350905235853,0.11568423401577099,0.2192440051526992,0.46088540604249045,0.42848378080520766,0.14084745652207759,0.20478899577926196,0.42155321568004334,0.7897103217025001,0.5859413951842336,0.44325802622532295,0.1774155493021125,0.035425917438280496,0.20478747393604135,0.33692893447338107,0.19722367672543478,0.39138111668479914,0.13844863208213132,0.003955723748945206,0.29363705718016453,0.3026272572537924,0.5210211266365844,0.32196791331556585,-0.0006997235370231891,0.3572585473913381,0.4436820431868133,0.199253232622645,0.2691447050782332,0.004754979285891858,0.6410214872749527,0.7779852700056148,0.5762116189909736,0.3123248545621394,0.35802777143960024,0.7009107208955405,0.2972491982688192,0.017252739617991952,0.3560490695733911,0.17832445265035624,0.402289779353152,0.26341669191221406,0.330310366039076,0.29151650794803463,0.1376412713876351,0.22718137708978103,0.14402717780469595,0.43114662204054793,0.48770954128941063,0.1827090882898873,0.199253232622645,0.43840920836787317,0.022182821292408672,0.010410195271451261,0.12489648973853046,0.21592620585510658,0.04514147000139879,0.2484520264444862,0.023959885474379883,0.20478747393604135,0.5832057240154697,0.14242607532432822,0.14242607532432822,0.40290616463176504,0.300415450171398,0.1384728379352506,0.291383308156716,0.2917415463782075,0.601471617945728,0.16991093143514807,0.3914774938221306,-0.0006997235370231891,0.20478747393604135,0.48673084487359375,0.018456264412010315,0.27323075164930394,0.13845198151864327,0.42847348184724904,0.2160041708593946,0.27208136928239607,0.07392036998077234,0.28238982910948857,0.2160041708593946,-0.000698751663509023,0.4429128655992985,0.46035230404588035,0.1827090882898873,0.2898077820074219,0.3699170258672182,0.47731572621550833,0.20478747393604135,0.1440962569060726,0.7911027355288227,0.4879077122751738,0.14402717780469595,0.17737843865230335,0.3288725824891325,0.1610932646839195,0.22998435922866836,0.13844863208213132,0.3456397212103024,0.42847348184724904,0.31238346083597734,0.42847348184724904,0.2732422598632409,0.31484755500975004,0.14242607532432822,0.13844863208213132,0.1855234491937785,0.3062942668698619,0.29760812952517696,0.3826170184282554,0.1616021204637409,0.5817834200402815,0.11841245616505136,0.3420780008493708,0.017682492954633366,0.12822803111943668,0.12822803111943668,0.20478747393604135,0.4284732748735849,0.39137357468713885,0.291383308156716,0.0035695194133683605,0.29170315028687727,0.2997822307097344,0.550241251841436,0.5485288806230781,0.21656423718100598,0.25091679470661643,0.2172993340345089,0.13844863208213132,0.29509676103546933,0.00395582714953413,0.029939109785506013,0.2107558632060838,0.1782178438838541,0.29363705718016453,0.22966583497515836,0.34273417065486766,0.5259689931814688,0.14084745652207759,0.017245350316230923,0.010411181845759065,0.4649188589291909,0.14651116132880035,0.23084491260396123,0.3010064434378795,0.2160041708593946,0.35963874512800564,0.36985422217955605,0.13844863208213132,0.13844863208213132,0.2172993340345089,0.36510588449571224,0.6914849638573655,0.1774155493021125,0.3130488376633649,0.43112900762162637,0.1730718028409589,0.20490784819950958,0.21600568005555276,0.4710801236830825,0.009384939912480017,0.004770681940073018,0.14402717780469595,0.6106315062281584,0.13844863208213132,0.30038494512809816,0.39137381908030683,0.3631692563888886,0.1376421918627054,0.2929277534523126,0.29095298510220985,0.30038494512809816,0.3088771535533916,-0.0007003362923371226,0.33890026720527744,0.12325638438156489,0.14084745652207759,0.2930260923888887,0.14369415521607937,0.40471954823120454,0.2972491982688192,0.29378002364337746,0.1263388907815608,0.1263388907815608,0.2929277357470237,0.37719937192760655,0.2484520264444862,0.3826170184282554,0.010410195271451261,0.23419075191997707,0.6242694404436268,1.3550732886071744,0.210355445326595,0.21708201973775332,0.3699170258672182,0.23737994587930877,0.13968894333552645,0.17273477561915054,0.07617802633029869,0.12820584054033948,0.5203688677014574,0.3003928728440595,0.011214148974295512,0.17831588576221516,0.30954683870377736,0.34273100757603564,0.13844863208213132,0.2172993340345089,0.24147770927548806,0.29381808297208406,0.3386983424453799,0.22978523126126021,0.42640398404274915,0.1971860902930404,0.38372961863378613,0.29707588869796775,0.230536195725896,0.21711937322988178,0.3839070141239607,0.20601754488560547,0.2972489223509226,0.024468957138417957,-0.0006997235370231891
chr8:22089202:22089203:NM_022749:FAM160B2,-0.029890347727018315,-0.003164064035202991,0.11139115229539144,0.5793013787702216,0.06817998169958446,0.062216346558454025,-0.028526829768010648,0.004260115913672383,0.005990907682731056,0.11392488920078153,0.0011258662703235514,0.06414067910729493,-0.029931662515860206,-0.026871789455451815,0.46111397610299054,0.004219296910827994,0.5721189691200146,0.17006910195807437,0.005208415726326021,-0.02638560386196491,0.01119372040777332,0.004143654339070595,0.13602701548843754,0.006882233328915785,0.46628965784071297,-0.02632071532013922,0.5340264222010567,0.13628799263153255,-0.026123497459200225,0.007429384859127516,0.26902698774739126,0.522356357903443,0.11283125640111213,0.004986070440358703,0.004269449033973714,0.5242810903411655,0.009041440638635996,0.5192802925951124,0.12162161620497974,0.008286649321228051,0.4709046790297491,0.47625719282878853,-0.021378887131794234,0.004986070440358703,0.26343103571385645,0.01963868297794544,0.005043694565277555,0.004150661033033645,0.10790830483799807,0.5364389734782555,0.18198821528193979,0.48399627569277365,0.03438247404056133,0.015969000265851997,0.5562124405984062,0.004986070440358703,0.7032785508385115,0.5493348367699578,0.6919953866026449,0.5230847816985612,0.22406928833814072,0.005053392222104984,0.03755905242277993,0.03644323573838448,0.11851394271255601,0.4388558204070087,0.039868062739128275,0.004986070440358703,0.009228646722923832,0.004986070440358703,0.039719074977562656,-0.027708634820627066,0.5242521724668135,0.0074687703584179685,0.027826146189828642,0.0743615854142251,0.7016232052941844,0.015048392051570748,0.031040519467527086,0.466475126660127,0.5269085883019569,0.004047207799880388,0.48419029983125284,0.595337993066544,0.11935783059172594,0.5556759302938213,0.5237036560162399,0.13904411776178202,0.005032380401950198,0.6520516504652434,-0.02509292942197288,0.12160937611618627,0.005080887761587424,0.0068953965749923435,0.048961102307304896,0.05979504124843667,0.06735577565164849,0.6855344655689131,0.01013669637937465,0.007060022545129663,-0.020030513143774346,0.011345572950128328,0.1924971328591285,0.5702699451399302,0.5321873616375219,0.12632900031171423,-0.023917349376119206,0.5180014202972817,0.07240849749514355,0.009062186198929956,0.46752920379284624,0.011067176670333613,0.466475126660127,0.4390259940652418,0.43893145399009803,0.18134179109235873,0.4663957251934062,0.5250222410047678,0.589241020803543,0.03634995996386715,0.4709046790297491,0.5669545124904285,0.0037956914756421805,0.5285046806228275,0.009240246787248933,0.2789711082747528,0.004986070440358703,0.019665554264815942,0.04379589796987479,0.008994898994511724,-0.02644086916333009,0.4704880564984306,0.017611919826269126,0.06818535770599043,0.5279457366331405,0.4430247842817939,0.4430247842817939,0.4388608660051374,0.03755323017129283,0.4422732669814966,0.5177516012159045,0.46118927899861784,0.4421067683644842,0.016558575620893433,0.12159535864625526,0.004986070440358703,0.007066840577429144,0.09533823326896845,0.004986070440358703,-0.029530437638297425,0.4414996948179408,0.5190180430000012,0.048359300714696664,0.007141402744507537,0.08291409453191953,0.1371682547774206,0.04716805427962897,0.004986070440358703,0.48841700166789787,0.5253958251067885,0.5192802925951124,-0.023874112055394095,0.009052815525130382,0.4645133053419155,0.009041440638635996,-0.00868293493435471,0.6998374980630513,0.48424669877557414,0.4664788336753102,0.004092686151842157,0.005043694565277555,0.006002736001935488,0.004974710395414354,0.4875036053562377,0.0724628066261188,0.004772066276988963,0.004961902364682913,0.5192802925951124,0.007247488683640987,0.05787057416195111,0.44120904043636633,0.52221706762909,0.5867570672722542,0.5277100341607838,0.0700907459382438,0.009062186198929956,0.010778969739818593,0.5216861261001693,0.09314318102952271,0.009048523648217177,0.011153657963411813,0.48748301938790894,0.4387236647527656,0.005032380401950198,0.029128166281946845,0.12165945929882252,0.466475126660127,0.006915109085960297,0.5905355450936932,0.6105318795911222,-0.03127953531269413,0.009052815525130382,0.004742307400094382,0.46306445798209617,0.05815690053469548,0.5234024118373758,0.4390015480120639,0.0240632130488084,-0.028022047343677563,0.10637776247064532,0.021285041854859386,0.08004077601503841,0.06840254232933442,0.5950636736760984,0.009265205444865504,0.016295212680838916,0.011032980193357148,0.004986070440358703,0.5394467368295855,0.6086749111269577,0.023369767107832902,-0.02296495172166637,0.006437395345834082,0.012370979937335394,0.32675839794420614,0.48399627569277365,0.4388558204070087,0.06023150625910095,0.005032380401950198,0.6807770920505926,0.004986070440358703,0.4707188471625112,0.005013564824580791,0.5760718534108149,0.004037935426648216,0.005032380401950198,0.48191450708308103,0.44472290423533833,0.005173829145406643,0.5547797650332666,0.5415334064962225,0.5222292667121443,0.5293060690277674,0.1216332010800519,0.46133011529791723,0.5894744337465514,0.518316011115087,0.006868597243713623,0.4749735842371846,0.8341078435904385,0.006070168116387664,0.004246161953560517,0.009240246787248933,0.5503083018343036,0.47610450237708957,0.06625093265491096,0.12308109976777465,0.5250222410047678,0.5265455449029265,0.004047207799880388,0.004047207799880388,0.043007777801573596,0.053878024476777635,0.4881012066510102,0.005032380401950198,0.04167357767174103,0.020343432484955244,0.5400777532152519,0.2783226344980014,0.5269180439831636,0.006206701628909517,0.012683637862955871,0.007985661905441546,0.5001706997448325,0.012804624017067869,0.004961902364682913,0.005053008519675994,0.045130183027868226,0.05376880986456466,0.012464254269267998,0.011848876381389508,0.03311750403830081,0.5997632207220092,0.4387236647527656,0.0583287993036173,0.005032380401950198,0.009012777011105554,0.015825654167714358,0.012453066527386245,0.005217335069887773,0.12264067566532337,0.007389842927563221,0.4391323533355053,0.01365749419684191,0.14246412712354373,0.07036135271020726,0.009247372860523115,0.5269755340757867,0.4869257148924586,0.004986070440358703
chr8:22165139:22165140:NM_001199:BMP1,0.27181196364998617,0.1392036887384373,0.3790948547179631,0.018756623798292293,0.489227066720366,0.13942980034642521,0.026113915279225935,0.16587119380281806,0.09681300523683875,0.41904012386340234,0.15791659730676455,0.11214006970031012,0.21815490385532127,0.23197781701231035,0.12013481155854258,0.105879062518169,0.09360693587311691,0.17400398701840158,0.1994754085097736,0.10234250103034043,0.21956169706079445,0.18560243600532314,-0.0028953991216009445,0.11682330672706434,0.13433968358378737,0.16539135696141324,0.16724839236625386,0.3253137650297133,0.4191610891319466,0.32767815333052597,0.5309565429982642,0.26674064280412146,0.5134812532522701,0.008588770359069964,0.19863816819964253,0.2793257274747043,0.0807970240457174,0.13432281473867333,0.020037891595002022,0.010906957422204405,0.13787365724325965,0.40188475458533923,0.04928983122822714,-0.002908093825909175,0.32414469201396245,0.14353019731270986,0.10357036559509442,0.17607077962603482,0.11580782005884915,0.2812865192095463,0.05251240726895548,-0.0027522662898085415,0.0645735118022441,0.3552387068283671,0.17017700379853187,-0.003626508595148098,0.46760655273197327,0.16722716097015577,0.38867923703073853,0.30456615945697674,0.12733453196920072,0.03008122755290102,0.01435980003942705,0.13134073371417432,0.10299548646837409,-0.002835085168608892,0.016130702792444856,0.008599146227341758,0.01435980003942705,-0.003626508595148098,0.09183894465352693,0.021497471067169538,0.17291006069719306,0.018279203671562577,0.4563729826408035,0.259759909397233,0.38817260084803645,0.11591238724153785,0.28487938183195066,0.13422576994161114,0.17376674964056282,-0.0029414924253959585,0.09737744495283127,0.16655730310694924,-0.002511371161832532,0.17308093962793258,-0.002548146871178242,0.05350190895850718,0.08069696478451313,0.13823566782122387,0.24985111579107994,-0.00037688284421186213,0.01847676320442959,0.09242355299979468,0.01452284349673516,0.19327395292643762,0.11743086870319142,0.52598203250114,0.0053371048775400776,0.014644707599571094,0.3962677391921472,-0.0021767845306828737,0.03831541447183445,0.0637421894633323,0.33458988824277247,0.44572722227431333,0.029621604650994393,0.4544723623387814,0.1307207500252879,0.11732435535938662,0.20465515815032184,0.04617967668499012,0.1347515664688603,0.09069998371926613,0.07208866657033416,0.06053896332018163,0.18873581462687092,0.1396138447017598,0.14515883242968136,0.031410136043537346,0.1379653662408282,0.18762039033500244,0.46237874082096797,0.1346142828343715,-0.003626508595148098,0.46306297680075414,-0.0029414924253959585,0.13035515893950764,0.1034444451703947,0.0261666520523601,0.05861090511954917,0.13294816016836178,0.11374690788023636,-0.00045829079116829763,0.27286319006017423,0.06642085493112929,0.06642085493112929,-0.002739733484006579,0.06785669547169448,-0.0005042800612446996,0.13057943326259294,0.1270133118752687,0.1609941908085814,-0.002931926841126642,-0.00021871307238943705,-0.0029414924253959585,0.04440838974098971,0.471441259008308,-0.002486563057283342,0.10098108127075073,-0.0027570236223844746,0.1571237910873351,0.10420032039948696,0.08322477368138731,0.04842949257902596,0.02786878667965309,0.14465193558372205,-0.0029414924253959585,0.026736005314506206,0.10053077945239997,0.13443675412741254,0.11957060263865699,0.10318265023216716,0.19409663236613645,0.08150202702393386,0.03046832591237486,0.18536956426680729,0.2738297853726596,0.13981294416047177,0.11577931994007101,0.10294908985714096,0.12804627586549894,-0.0029339195265795093,0.09390719471719,0.10604762831100113,0.1694392115976038,-0.0029315427340260436,0.13434570695203446,0.31743583764152655,0.1936202627616699,0.09081451405677604,0.13434570695203446,0.49475088334533746,0.06382571653092681,0.13382724268259186,0.11732435535938662,0.09633922393102334,0.07214462396720647,0.06592181064331284,0.10437599388974075,-0.0003577554565717955,0.03425339858744142,-0.0027570236223844746,0.08048738142246548,0.03378109290795739,0.0671648990569485,0.13297090633169187,-0.0027615213287157103,0.1914283390273052,0.36868080136296016,0.05683134280061913,0.10318265023216716,0.014262252299918232,0.1848718217544514,0.03218963893550228,0.06310013676517709,0.09081418949424236,0.1129351619708362,0.0011508372364823771,0.1451384114082344,0.15398165342019562,0.11345699093509623,0.0025218545395893077,0.18575649936355376,0.3788109186496505,0.14035138990781504,-0.0003323843031632634,-0.0029414924253959585,0.15892473908253887,0.3571559742132863,0.014063799170461605,0.04924979367864529,0.1881648241201562,0.230358104898552,0.49002398809080094,-0.002773717912853718,-0.0034421247175362713,0.1278853379375133,0.0811922181390185,0.5017057105645377,-0.0029414924253959585,0.047819742871805265,-0.0029414924253959585,0.259890576872837,0.007537022404288801,0.0811922181390185,0.13778434272573853,0.033866574675713634,0.0006928618879118165,0.1740535313327667,0.17881431502341782,0.17203460088808337,0.1396138447017598,0.04546949177996318,0.09914735477223019,0.1452993053917603,0.3280421641508712,0.11510981158029193,0.1369382143498825,0.5003053599021147,0.014059474281892387,0.0356614880303672,-0.003468586559576353,0.17303765967578333,0.269354088235912,0.19530691868571964,0.11663908605298084,0.1396138447017598,0.21919917115014773,-0.0034747924778677497,-0.0034747924778677497,0.014538734833763889,0.04751579981181525,0.02671375781989002,0.0811922181390185,0.05120185132535615,0.003822202800326746,0.18562115156360842,0.5491827227030639,0.13081150485132717,0.018043586406783385,0.14540013287906806,0.029991043366642767,0.16177728703114866,0.021665405467684806,-0.0029339195265795093,0.11491414526854982,0.0820670536548247,0.2138402885856396,-0.0026542424262492315,0.1937896357235816,0.18679844229406242,0.1861500568971203,-0.002835085168608892,0.1320244184191377,0.0811922181390185,0.08932150426897786,0.13481460419559363,0.10249570868259092,0.12220528505721398,0.3823317453140988,0.008422015753987683,0.15225597909333832,0.0020076762295460626,0.12376649713415175,0.02143047899233963,0.01435980003942705,0.1369442589160354,0.09635041357580862,-0.0029414924253959585
chr8:23457731:23457732:NM_004901:ENTPD4,1.1602880118673888,0.20470730873754522,1.5968981458587694,0.21225509315257823,0.017964754373282155,1.3668691149245216,1.1424302707007825,1.1736241900520608,0.030265711066994244,1.1508250645903104,0.01758867386352478,1.143775362668586,0.014250663336044828,1.1682153148664143,0.2220124752834799,1.1736366084043506,0.22302102090589315,1.4544011173684612,1.153107513969397,0.016331702238656154,0.01720382866197509,1.1625642639128966,1.16626452501643,1.1427515244627184,0.22358801028365338,0.014888343205452209,0.2139539575631531,1.1769261955101928,0.0138737797145434,1.2083923378443975,1.1745733237615812,1.6636545774899827,1.1595449599541285,0.10368135260142416,1.1865383706018524,0.20642114682667373,0.011343538336760967,0.2139539575631531,0.013585939354104737,1.1502595242295535,0.2115793171260802,0.21894435095816533,0.01787047161172492,1.300445698605786,0.036122408412683354,0.07415057968883745,0.011932256343103048,1.302949342003463,0.013971563233367568,0.015616920139838175,0.026929329637873867,0.2139539575631531,0.01758867386352478,0.01132130788619351,0.21928649999440702,1.151068408042314,1.580247850885414,0.22358801028365338,0.04726837981543905,0.010547426221035161,1.1745307656011792,1.1426570444619237,0.021533856366673404,0.013932216928108393,1.163561627792881,0.013337896158086282,0.21173713978441827,0.1048254160508108,0.049888274190171916,0.06995067324670043,0.01192153082172917,0.010579033702165258,0.22365834853361166,0.028798589427450172,0.014415481361999355,0.015518142044288502,0.04726837981543905,1.140686329309496,0.2845654860698511,0.22358801028365338,0.22015000653997163,0.011611550198563553,0.20933323767867912,0.20650522931059562,0.013581454154443728,0.2787201528926791,0.012113558121942036,1.4255949937000907,0.011932256343103048,0.21572786543441047,0.20882339445788028,0.013901722040035536,0.011584181874850663,0.22121785717303383,0.2531417190916166,0.24228876012851003,0.08801147164418896,1.2408735090954575,0.21220672834744664,0.08844509105611367,0.015377618861931869,0.06998753277356559,0.01987801927295979,0.2111455060623999,0.22170345029841487,0.02046094945634075,0.01645195866568802,1.2432417762489663,0.015435620598933358,0.011932256343103048,0.21256455977339422,0.01163762823521175,0.21335162440370276,0.018252551916028648,0.22365834853361166,0.01998501040937692,1.680579141604599,0.20964805647179297,0.012246680117177583,0.025325833718243373,0.2139539575631531,0.22048057993347409,1.1709920150279916,0.2139539575631531,0.06998753277356559,0.035034238015847485,0.01191884738768606,0.2220124752834799,1.2587846123639443,0.01191884738768606,0.27081098779779894,0.2115793171260802,0.1809019991497607,0.06283652162684666,0.21894435095816533,1.1428748630215797,1.1428748630215797,0.2658166236511544,0.3016965245920992,0.2139539575631531,0.21277729941101842,1.2200160470235522,0.23436875250040062,0.11406775988273793,0.012450238737764047,1.150934066435969,0.016718224456001102,1.5908393935624474,0.01191884738768606,0.05655938872320293,0.2139539575631531,0.22292714926630136,1.2230523136137588,1.167752624287062,0.145448424638459,0.015722192346720842,0.20113995650952515,1.140686329309496,0.20422669503108115,0.033345386531837884,0.21589582983244382,0.01327339271867567,0.011343538336760967,0.013535476738785135,0.011863172591122406,0.009816990087663013,0.30988960126123893,1.2354337975323932,0.2135987966433462,0.01645749273332403,1.1583708191938458,1.1637555152422316,0.05559275394321142,0.012113558121942036,0.030739988947697777,0.22358801028365338,0.05464914932415099,0.2139539575631531,0.012804310509715033,0.21053796732986862,0.011515105895986227,0.21328198999521092,0.2164204755129387,0.03720209958504275,0.03382755350170999,0.011863172591122406,0.223852384664938,0.22128802996753116,0.02185460371898476,0.011932256343103048,0.010775301712954488,0.01191884738768606,1.5753816183439182,0.011987932352634345,0.012595091435467942,0.013611869289023526,0.21232465354020458,0.012790599730724939,1.2237781380825619,0.3200120888223559,0.20853913084250403,0.011932256343103048,0.07003158961280834,0.23208579890787423,0.005611059687113978,0.2139539575631531,0.21103311787659085,1.5356235934400644,0.011933499887974708,1.2433996235706426,0.2695962964314198,0.024978898079972695,0.06283652162684666,0.22547263515106214,0.011910238909934895,0.2139539575631531,0.016192193358975343,1.140686329309496,1.6847254164998158,1.769849204975929,0.15137305264580353,0.016002588078697894,0.014261287049188637,0.01427963042880373,0.03604420989270646,0.028938369139762776,1.139934867313111,0.004901014207892351,0.01191884738768606,0.049886367201496085,0.012113558121942036,0.009830031629343816,0.2139539575631531,0.05832066251222584,0.03973582875136955,1.1408683358221823,1.2512545801842543,0.011515105895986227,0.03520686365181591,0.22358801028365338,0.22134924930582422,0.20933323767867912,0.22390637511870515,0.05936473728078254,0.20933323767867912,0.012246680117177583,0.2508490537494652,0.011932256343103048,0.21225509315257823,0.2280002953572327,0.04185764031838976,0.015488695254909146,0.06949220005867449,0.2204882236025354,0.21361978958243472,0.029217751332876074,0.015984728700041972,0.21232465354020458,0.21604895983746814,0.06959282289493615,0.06959282289493615,0.011601185306668399,0.0679401585726912,0.01191884738768606,0.01191884738768606,1.1722145155919796,0.21163002289127042,0.22117688206390612,0.02608749386926673,0.017715913245200554,0.08805731184147964,0.01292623157344086,0.03169202598801718,0.2111535849852179,0.02933221253636009,0.05873816186296438,0.011343538336760967,0.02487427751256638,0.009215365284482468,0.00529984373117956,0.07165060780174684,1.667552571218569,0.3394036823099808,0.21173713978441827,0.004901014207892351,1.1510904231368246,0.21264080972466298,0.011932256343103048,0.01230944904306916,0.011932256343103048,1.1718781460057124,0.014854877576882364,0.2065613343576394,0.01191884738768606,0.03914315382535749,0.040149254536499146,0.013748171528152886,0.22094204321422445,0.21967564902489778,1.140686329309496
chr8:25458468:25458469:NM_017634:KCTD9,0.08030010962968381,0.8883312862978299,-0.00345922397667342,0.005522346937537614,-0.003460121506117242,1.1840946245062756,0.07730872348130147,0.02903850786352935,0.896227898821315,0.10459035217395923,0.022162645497454225,0.1775181762111449,0.07853987002546475,0.08034065485471459,0.7037831100267226,0.02903850786352935,0.21450375557463314,0.7629660444282848,0.07722370917735666,-0.004577417387674698,0.0006288210125536264,0.07717978497787958,0.02903850786352935,-0.004577417387674698,0.1618472545719904,-0.004577417387674698,0.7037831100267226,0.04064647038194674,-0.004577417387674698,0.006056919665655747,1.2169005850213872,1.3719677529219123,-0.0033119558225561674,0.8852083271434567,0.07717978497787958,0.07730872348130147,0.07717978497787958,0.4489616238831362,-0.057324422396243524,0.2120356767002758,0.20311360359605263,0.7037831100267226,0.02138327420882119,0.0060606506255578285,0.10268607436217947,0.20522162474984085,0.07717978497787958,0.04064647038194674,-0.05481694144374122,-0.004577417387674698,0.03697987257853991,0.20311360359605263,0.022256462725752213,0.0848474680283492,0.20311360359605263,0.07717978497787958,1.4021401367616717,0.20311360359605263,0.07718072444938828,1.1275668298851975,0.03697987257853991,0.02917709155439885,-0.00452585193645666,0.885546249797881,0.12897070237842473,0.20311360359605263,-0.004577417387674698,0.8852083271434567,-0.004280849418344224,-0.000678234002529865,-0.05679482777742201,0.10197245331388066,0.20311360359605263,-0.004577417387674698,0.7061735429774253,0.04051389622838092,0.07718072444938828,-0.004577417387674698,0.7037831100267226,1.1275668298851975,0.1618472545719904,0.1624945031135005,0.7037831100267226,-0.004577417387674698,-0.002838503146328941,0.20319143321246025,-0.004577417387674698,0.12439208039481975,0.07717978497787958,0.7040250107673912,-0.0034542475504051873,-0.004541096522269916,0.7131333847731455,0.4489616238831362,-0.00452585193645666,0.7037831100267226,0.20325006535179035,1.3718785052422857,0.07740980443905088,0.16197925328564983,0.07717978497787958,-0.004486197275277992,-0.004447867591983012,0.1618472545719904,1.1275668298851975,0.05337345301404861,0.7037831100267226,1.3724372123554232,0.7037831100267226,0.07717978497787958,0.8851079619142046,-0.004379906413413848,0.20311360359605263,0.20311360359605263,-0.004577417387674698,-0.004458060259516783,1.5601766512409494,1.1275668298851975,0.20311976624678146,0.9118701579485315,1.1275668298851975,1.1275668298851975,0.13200939854220234,-0.004577417387674698,-0.0017875548168580502,0.05340267946128685,-0.004577417387674698,0.20311360359605263,0.11441510518646092,-0.004577417387674698,0.21377255591573152,0.7037831100267226,0.3123047724399846,-0.004577417387674698,0.7037831100267226,0.4489617736428565,0.4489617736428565,1.140657086364022,0.20418930818820014,-0.004577417387674698,0.2935124981381944,0.8847869576030057,0.20311360359605263,0.0857773521843827,-0.0017609202007507485,-0.00438916583985427,-0.004577417387674698,0.07717978497787958,-0.004577417387674698,0.02002844012717747,-0.0045727831806146035,0.1618472545719904,0.07730851831285379,-0.004577417387674698,0.10794209562213031,0.7040250107673912,0.006473283146780362,0.2035504517077214,0.20311360359605263,0.1618472545719904,0.4489616238831362,0.7037848247233085,0.07717978497787958,1.1275668298851975,0.07717978497787958,0.7037839729926886,1.1276760848035812,0.9149504423706829,0.20311360359605263,-0.004458060259516783,-0.0044543624599622245,0.10017979587820697,0.052877423626379316,-0.004577417387674698,0.7168724534447741,-0.004577417387674698,0.1866619158349595,0.20311360359605263,0.7037831100267226,1.1278836851918406,-0.004575791774843352,1.1275668298851975,0.7081244046337938,0.2935124981381944,1.1275668298851975,0.07717978497787958,0.20311360359605263,0.20311360359605263,0.1828515744755651,-0.004577417387674698,-0.0045771113892320026,-0.004577417387674698,-0.004210195940896333,0.07717978497787958,0.20324905702646623,-0.0018522905965244196,0.20311360359605263,0.7037831100267226,0.0062747608184237635,0.7237857058403279,-0.010151052449161702,0.07717978497787958,0.00108182403226309,0.25006049767120614,0.0891702585975035,1.1275668298851975,0.9537181056761451,0.03686348666714867,-0.004362147735364363,0.9057562013678421,0.24588599355291774,0.16190261310870596,-0.004458060259516783,0.20311360359605263,0.07717978497787958,0.7037831100267226,-0.0045771113892320026,0.20352125002786786,0.20714016705124716,1.3712914851532398,0.4769133407171613,0.8847869576030057,-0.004266097956189763,-0.003460121506117242,0.10893131960409808,-0.004577417387674698,0.7037831100267226,0.0891702585975035,-0.004577417387674698,0.7042142373794285,0.20311360359605263,1.1275668298851975,1.1275668298851975,0.7037864326312974,0.21174446402666303,-0.004577417387674698,1.127939593601765,0.7040275569382399,-0.0004749240322078907,1.1275668298851975,1.1275668298851975,1.1275668298851975,1.1275668298851975,0.7097777744650876,0.7037831100267226,0.20311976624678146,0.7052015849996413,0.07717978497787958,1.1275668298851975,1.4022692964609307,0.0031348534931210925,-0.004485727338171763,-0.004577417387674698,0.7037831100267226,1.1275668298851975,0.7043941672570057,0.07717978497787958,1.1275668298851975,1.274580942705273,-0.004577417387674698,-0.004577417387674698,-0.00452585193645666,0.001992722321156548,-0.004577417387674698,0.07717978497787958,0.0039037277591232322,0.20311360359605263,1.1275668298851975,1.2410719748936878,0.16188749805121627,0.20324905702646623,0.07737729902536189,0.07717978497787958,1.1274670057818612,-0.0036207554903694428,0.10560080406492656,0.07717978497787958,1.6690847768390966,1.3714173490861818,0.009409392193097943,0.21425856746294497,0.02916067072407963,0.20311360359605263,-0.004577417387674698,0.0891702585975035,-0.004577417387674698,-0.004577417387674698,0.07717978497787958,-0.004577417387674698,-0.004577417387674698,0.8876582551582646,0.07816257491511097,0.7037831100267226,-0.004577417387674698,0.14096779657634295,0.4494153052047741,-0.004570341382592824,1.1275668298851975,0.1618472545719904,-0.004577417387674698
chr8:30385401:30385402:NR_046205:RBPMS-AS1,0.38948217684537617,0.32832095961261726,0.3869622238288612,0.9007282454315445,0.005050393130787062,0.3522560467703884,-0.0006755359936610472,0.5258028833612753,0.40104879800701304,0.008092641987163862,0.39412919069548813,0.023676921808677948,0.51468193549947,0.39001253335835917,0.17996357146509007,0.5257491547591272,0.9007282454315445,0.5209571894944495,-0.002686525010276969,-0.0030174327327052164,-0.0020228209288930266,0.4066197309824678,-0.0030188654616243316,-0.04883715520093643,0.37640052897928084,-0.0030188654616243316,0.17996357146509007,0.376955202192585,-0.0030174327327052164,0.3768512065853648,0.4491190672675013,0.32258824354213234,0.3870528005028905,0.5335503497478193,0.4091545659489324,-0.07181815734481242,0.37640052897928084,0.37640052897928084,0.02060959173240426,0.13441147758457822,0.17996357146509007,0.9007282454315445,0.02269183450389292,0.37640052897928084,0.008294200995488804,0.007506906875982461,-0.0030188654616243316,0.38919480865654243,-0.08952242230946147,-0.0021458781337795607,0.017427856655504725,0.17996357146509007,0.391397292308837,0.37640052897928084,0.9008084364308276,0.004166278696185549,1.1138045213940249,-0.0030188654616243316,0.034156076814265746,0.17996357146509007,0.017433841276123352,-0.002548839736333325,0.022125536735998347,-0.02267436486435695,0.4033582716926567,-0.0030188654616243316,-0.0030188654616243316,0.5109954640965906,-0.03353994683045583,0.006929952708758569,-0.09047742407487724,0.38831558767079377,-0.002958209374963855,0.09123125440841207,-0.0022797470695204436,0.12726220084733753,0.034156076814265746,-0.0030188654616243316,-0.002213931576443895,0.17996357146509007,0.17996357146509007,0.005559464703888128,-0.09047742407487724,0.9162350985935602,0.019031162945604835,0.1801380597277199,0.37640052897928084,0.17777890970734062,-0.0030188654616243316,0.011904941697964716,0.006480069453967313,0.018652075241138627,0.18002794353052673,-0.0030188654616243316,0.012512823185977906,0.1815722130656261,0.04655407716039453,0.9336558619827153,0.006741205856168192,0.011852853824499993,0.38695464480722497,0.38915196451128614,0.022076157476828173,-0.0030188654616243316,0.9007282454315445,0.4179176326090538,0.011005819376750409,0.4280826947070337,0.012345884394448697,0.3869622238288612,0.3764944590706293,-0.0020228209288930266,0.17996357146509007,-0.0030188654616243316,0.09114578355803066,0.020937081522592438,0.3517320257258066,0.17996357146509007,0.17996357146509007,-0.0004937347845828388,0.17996357146509007,0.9008084364308276,0.3920273788573953,0.17996357146509007,0.3892702076485211,0.4266344125554925,-0.0027059983194068216,0.17996357146509007,0.04999463102454357,-0.0030188654616243316,0.007729804444134958,0.17996357146509007,0.12089678769469794,0.027919690776624956,0.17996357146509007,0.37640052897928084,0.37640052897928084,0.9160526068571564,0.07898948260169242,-0.0030188654616243316,0.28496368901955027,-0.08893457212514214,-0.0028171416775028546,0.16619013304667096,0.020067840223460892,-0.002977296291862802,-0.0029266303856164133,0.3894310471101461,-0.0030188654616243316,0.009626664834165799,0.17996357146509007,0.9007282454315445,0.11488145824434604,0.012828404067013632,0.011340093249256111,0.012287599463275928,0.1803707849053212,-0.0030188654616243316,0.17996357146509007,-0.0030188654616243316,0.17996357146509007,-0.0017265728539724856,0.38695464480722497,-0.0030188654616243316,-0.0030174327327052164,0.17996357146509007,0.1999336394712979,0.4667518796657969,0.18002794353052673,0.004166278696185549,-0.002077380817268548,-0.002553414588244235,0.16877007842200892,0.17996357146509007,0.005808513554813821,0.17996357146509007,0.18788158039130815,0.17996357146509007,0.02504831415155534,0.20594138499832557,0.18002794353052673,0.17996357146509007,0.18879236904075117,0.07915820495757386,-0.0031700765140550424,-0.0030188654616243316,0.03032662601630426,-0.0031700765140550424,0.18007307794544347,-0.0030188654616243316,-0.002064736889587526,0.18892190007882442,-0.0030188654616243316,0.37640052897928084,0.1827268611732586,0.019031817066812756,0.17996357146509007,-0.0029396280913956685,-0.0906562757950537,1.1400479821174732,0.14981840362543913,0.38695464480722497,-0.002958209374963855,0.00653579228510795,0.006857267352126162,0.17996357146509007,0.9416510793073334,0.2621767687243355,-0.0030188654616243316,0.00456247292413095,0.015008396283129916,0.014245992332994034,0.028003707352249302,0.17996357146509007,0.38695464480722497,0.4138303006384557,-0.002065509960732931,-0.0020171314768267223,0.42858899526838423,0.3007187035253827,0.17263920971340996,0.004967504914972221,0.008094251957731974,0.4150034723552297,0.41507198297900183,-0.0030188654616243316,-0.0030188654616243316,0.006764077858544604,-0.0030188654616243316,0.4514002799509221,0.37640052897928084,-0.0030188654616243316,0.17996357146509007,0.18005707747130026,0.017447024330850353,-0.0030188654616243316,0.010776452524470959,-0.0012877647480331877,0.018379832092062065,0.9007282454315445,0.17996357146509007,0.18874567471689718,0.17996357146509007,0.02509705721767927,0.17996357146509007,0.37640052897928084,0.22125086030626592,-0.0030188654616243316,0.17996357146509007,1.1427379803092415,0.035652326975264215,0.021302957843211706,0.10158602440862216,0.37640052897928084,0.2073106574268032,0.5014985995415568,0.00728980344550309,0.17996357146509007,-0.0030188654616243316,0.09123125440841207,0.09123125440841207,0.19767431871539753,0.027623434609102077,-0.0030188654616243316,-0.0030188654616243316,0.016248698637860798,0.010415748301293715,0.9008084364308276,0.15957712136328278,0.18874567471689718,0.013054452106104314,0.38969076742048664,0.00653579228510795,0.28468992334528825,-0.002377115343589309,0.047801566052414146,0.37640052897928084,0.36698641160415757,0.3001692761933269,0.11024903680679812,0.008978787472336408,0.0475656753831504,0.17996357146509007,-0.0030188654616243316,0.00712494082350526,-0.0030188654616243316,0.3885930299033992,0.004166278696185549,-0.048014085324551425,-0.0030188654616243316,-0.0026936297903945583,0.004824446542783828,-0.0030188654616243316,0.004166278696185549,0.10275276450608728,0.011836786184996034,0.01262128264749468,0.9007282454315445,0.17996357146509007,-0.0030188654616243316
chr8:38996985:38996986:NM_003816:ADAM9,0.4022377848257085,0.32473087558795655,0.027345249770224123,0.3212665140205817,0.04625979479092951,1.06937233083053,0.3446609969238912,0.09091931480305121,0.3526398801628273,0.34930607073742664,0.4331456804573555,0.007219786819420593,0.3506675519659908,0.4026755936831914,0.21855527395656787,0.07313434883647191,0.24951259370835688,0.9461856829469144,0.3505517420004817,0.3438785909867056,0.3430500533445776,0.48056394650199696,0.4486221446954159,0.0686898060904671,0.6866337851360009,0.34483618143449923,0.3064370886279344,0.4484394260319241,0.34476208151250376,0.3856007427543189,0.07843917890748792,0.3303356989603647,0.39353363833951077,0.3171267749428633,0.4807384092366862,0.32317872782928103,0.4248473275291877,0.21855527395656787,0.027506745080649098,0.010691227712297136,0.68660579193789,0.30871961800753045,0.43436685492125504,0.3482234670561201,0.3527716818360656,0.028174897651069508,0.42456068335722846,0.41106839744015916,0.41023480020585024,0.032139374261835274,0.08140549217823184,0.6865802440080919,0.4617954574694181,0.4249555190404276,0.22101762177129292,0.3436204760419478,0.7114481261512761,0.22037476508285203,0.028170017155031535,0.6904972034216538,0.0814686966926571,0.06572487847879094,0.008854815908232117,-0.0024373533456018004,0.5026701006378398,0.30692280567904195,0.005591346641015016,0.30618017873298875,0.008854815908232117,0.0858424933451763,0.07064342806823909,0.34499453392769946,0.689303521433617,0.014111031110623173,0.09608366122089546,0.01600497921926891,0.032415258080823184,0.00649009337432821,0.7064915569509064,0.6866137681106689,0.30936688711815474,0.47060471907034207,0.686808621371659,0.3137518933939892,0.028002463600686534,0.21861847071724544,0.21855527395656787,0.658147594409304,0.4245070902279811,0.22425307051726823,0.013803635787280888,0.08300812948169828,0.005587931962234005,0.6871475696098723,0.0120513650694688,0.6905122843247109,0.4262290226795183,0.05450153557139792,0.006165329970189426,0.07398245356997413,0.4249555190404276,0.07864244571185391,0.04378336992712484,0.07966247655395675,0.6939472576372075,0.3540328028332336,0.36691730465851147,0.4249761376657692,0.2258308557262772,0.073362310769856,0.013706096009771351,0.3250400178970713,0.6865802440080919,0.22506806136617796,0.2191253442093858,0.04374409800208928,0.9242376635148644,0.91580212800576,0.21985068510386768,0.02992073467657691,0.21855527395656787,0.22037476508285203,0.3503031592722883,0.11190690033189199,0.08555808360148648,0.3786835841980274,0.005657589190606271,0.3064370886279344,0.1643614026297855,0.013153733841744342,0.23743724689002876,0.30770478284517794,0.07874178013628602,0.005587931962234005,0.3077084740218621,0.30770478284517794,0.30770478284517794,0.7011786710369612,0.23761314347448736,0.007209788951248908,0.34925752842059476,0.3067720473797324,0.30913707686323466,0.11238208493716334,0.08601378059994902,0.3666970869419449,0.013033436044845914,1.0207931504449732,0.3436204760419478,0.03801171581834134,0.686600260893965,0.2185584365160545,0.014030761383266421,0.04583171258993313,0.006802716912513107,0.036103789861024804,0.007206363340561961,0.005587931962234005,0.30643340916095085,0.21900130202651508,0.21855527395656787,0.31757832299625277,0.34409726994929135,0.30770478284517794,0.42462950780609154,0.005591346641015016,0.7018711643523764,0.3846502002204577,0.6889169494282346,0.005666303036063303,0.3908129655813533,0.2533595834586671,0.06226462394448601,0.005591346641015016,0.32477457429185186,0.686600260893965,0.1041501084834911,0.21854870903481782,0.3333825563410885,0.8053343322394093,0.30643340916095085,0.30643340916095085,0.3150610469264131,0.013945140415668411,0.31214683216923417,0.4245070902279811,0.22475189020293185,0.2197626949340598,0.011241420432277882,0.42456068335722846,0.31400561031778695,0.13462401092007853,0.005587931962234005,0.3437773385178099,0.2203156798487383,0.07949203551436884,1.2698195171771114,0.012557894168424899,0.01195323223687006,0.006594904503482768,0.3590801228037221,0.4248473275291877,0.3185838602911214,0.3717377689863208,0.34504615936813504,0.2185584365160545,0.6936391619707003,0.07873774062035249,0.007859632535074323,0.11801799266340723,0.022696047193509095,0.010038092152531486,0.00568947912437473,0.3106567506308064,0.4249699838450737,0.21919208716077776,0.3150373909380784,0.005587931962234005,0.024376148245711715,0.32723381190635503,0.1872936277210831,0.3447755534631021,0.030470344695178453,0.03494877826207271,0.378684721690346,0.21854870903481782,0.006177551490625988,0.013945140415668411,0.00640562681622342,0.7050860019795615,0.005587931962234005,0.31831918356709077,0.21854870903481782,0.11288666591877256,0.07374725417596262,0.013033436044845914,0.32894890335311067,0.07263244024541554,0.06493598026942393,0.30861751393017856,0.6893090741026071,0.30645194480314686,0.6964801757943875,0.08491881710063137,0.30643340916095085,0.21985068510386768,0.30747528004690117,0.42479370484716056,0.686600260893965,0.3424496100745676,0.07379732235360764,0.006876795635644639,0.020533010988272093,0.6893090741026071,0.30844506018699036,0.6976563945728506,0.34626597636147877,0.3086026469962754,0.30904029222931395,0.03618312525050682,0.03618312525050682,0.012428856139110045,0.10406110933402857,0.005587931962234005,0.07323780410978431,0.013098582611380416,0.30626893674496963,0.3094031513528615,0.4669619343825729,0.0065685645236691625,0.07464230778652126,0.45794124035642,0.0285072454882499,0.6892834419988333,0.21879535893675556,0.10716282533783378,0.34376585043525076,0.2875522448505296,0.08713354901125475,0.33366535124173335,0.22190631676421696,0.6461972405438059,0.3106567506308064,0.30643340916095085,0.014065607152725035,0.014954774045843944,0.016200629103410025,0.42456068335722846,0.07415083475642298,0.01099858470355991,0.3703579787123576,0.013245428011804727,0.3086578842448932,0.013033436044845914,0.44687870575996697,0.06650449336511183,0.00857070375869512,0.31356833404992135,0.006520575233033399,0.005587931962234005
chr8:42207676:42207677:NM_000930:PLAT,0.4186660940767759,0.21247231233514316,0.22293575637590884,0.012947384569658799,0.15379229318000687,0.41225879023907697,0.035872938881747994,0.2100209671061152,0.058643770810801174,0.17207611964789116,0.40783012829712617,0.03880016875075338,0.37246357657744855,0.4309453735721373,0.0035898707558860016,0.15551042914347943,0.38960139277320127,0.5248259056519495,0.5200605891501582,0.0601312277995255,0.03443254650452368,0.6255699926571467,0.002715033692294727,0.17946535828164709,0.17311571318290664,0.23213835954635648,0.002723080445553798,0.4095566345129353,0.19237686071073523,0.21542414607120983,0.32747399350024525,0.5601225493870994,0.24393980742063912,0.2196988249121676,0.5202001648849071,0.30525103069238685,0.15229877280041185,0.0035898707558860016,0.027821873106373646,0.013270503289350859,0.002723080445553798,0.15330904073159832,0.48510880820618213,0.16590886841808708,0.4527430522941751,0.19560272394396547,0.15229877280041185,0.21680647319370416,0.0023302651330152913,0.30404631589299624,0.08014848242925104,0.0018298057566103754,0.40783012829712617,0.15229877280041185,0.008044600785963613,0.22010489499991692,0.3309938841008581,0.0035898707558860016,0.2722615431046066,0.17335927749995358,0.0036627012448832083,-0.0004214775609157756,-0.048646563052729824,0.016659440688284455,0.6992856080154866,0.002723080445553798,0.0019113004013838197,0.14880339470085877,-0.048646563052729824,0.157646128353926,-0.0026713997083478436,0.4090262761403747,0.0026400408191905034,-0.007780460447226023,0.5154778409677943,0.14654043365737665,0.08763126750381134,0.07875470663993299,0.06271694195993685,0.29776710746103385,0.0028606340542456643,0.12081772692054134,0.06358253552781304,0.4031886085129618,0.01958541851226229,0.00554241591964888,0.0035898707558860016,0.10746633484313628,0.15229877280041185,0.06189036914526002,0.2476251576400061,-0.0010484496106370964,0.0021488046652435866,0.0035898707558860016,-0.04764108895132717,0.06185702409429949,0.014258810134296203,0.6909581666431588,-0.0007545492925246783,0.004050395434092434,0.22014430131205587,0.29528979408132094,0.005609778350140669,0.15323032400943115,0.5041997424009426,0.4283928141696679,0.26279548130356295,0.7975782996651717,0.06186403893230634,0.22014430131205587,0.21832443462032275,0.19255455257538567,0.002723080445553798,0.0007508572180445622,0.003908794391021778,0.0044053338015864404,0.3273916782004888,0.17567381050021605,0.0035898707558860016,0.009380042160430813,0.002723080445553798,0.0035898707558860016,0.26536228572694276,0.002776445424171596,0.1628751870062231,0.459007943071171,-0.0009689234713687114,0.005334514618108743,0.16490504795133734,0.16605049165495106,0.30482008912611136,0.002723080445553798,0.08337349498640545,-0.0009621827110759124,0.1700487899265655,0.00540251736522715,0.00540251736522715,0.002819010291269207,0.19250279428097183,0.0019113004013838197,0.15833536187093447,0.15192504102311077,0.005861768492451236,-0.000841976885919922,0.07598407340683305,-0.0009689234713687114,-0.0009689234713687114,0.42464945334292303,-0.0009689234713687114,0.19156747151449874,0.0026384272349661217,0.00554241591964888,0.22683417279811652,0.22963971249387888,0.06322753395115263,-0.0003675719606824959,0.06222701609241387,-0.0009189637959233846,0.004921588076992979,0.002776445424171596,0.0035898707558860016,0.026379314384054553,0.15229877280041185,0.16855412349079174,0.15229877280041185,0.0019367361580764006,0.1958558957843975,0.43123833140391665,0.002723080445553798,0.0016837510932629293,0.4184670792461296,0.2666548235672734,-0.000841976885919922,-0.00011010937233570106,0.50628758495441,0.00554241591964888,-0.000841976885919922,0.003662259068722362,0.0280388935043841,0.04166467715109774,0.0020096450724472123,0.17567381050021605,0.7096691026618236,-0.007459020886046296,0.3022522541062598,0.15229877280041185,0.35460558872819026,0.0035898707558860016,0.07690152998664831,0.22010489499991692,0.033606992616819945,-0.0009689234713687114,-0.00011010937233570106,0.15229877280041185,0.016450394524569555,0.024345444993614518,0.16753125482731557,0.023942926164037974,0.3544287997655792,0.334049465843498,0.17334024134416723,0.15229877280041185,0.3045997228067018,0.34626189552386777,0.05787611839707619,0.007011591130871193,0.003639124909514256,0.13279638302564792,0.24849529633274825,0.3789751168048898,0.20254568952140273,-0.04574788295942586,0.014655169667992997,0.06749808407386929,0.15229877280041185,0.0034551682351328106,0.037980697567914175,0.15231595630977243,0.22825631456376128,0.34056621322828157,0.012609594531722688,0.22627485212466392,0.39727806564926327,0.6496652454067366,0.44463533239725206,0.0018298057566103754,0.001992647897392799,0.05787611839707619,0.05969618468660508,0.3194323914472256,-0.0009689234713687114,0.157360527525271,0.002776445424171596,0.1698031056492031,-0.0008471094205268689,0.05144325957262148,0.11867395461563578,0.0038074204922443414,0.0032604349901881255,0.00554241591964888,0.00554241591964888,0.24550683144132593,0.1533084358816556,0.01554008395989422,0.004672985717161751,0.0634563010036022,-0.0011897424848997043,0.15229877280041185,0.17311571318290664,0.41710980897093447,0.0018037552113137345,0.005860915127035349,0.0018559764024366834,0.0035898707558860016,0.0081750185216437,0.30958245151568115,0.2798429654600627,0.17311571318290664,0.12428515410165185,0.07750727920700166,0.07750727920700166,-0.04574788295942586,0.36404673170833635,-0.001833147088605977,-0.0009689234713687114,0.15484843605883514,0.0018298057566103754,0.33413983573410017,0.4246393992261495,0.002444808327941285,0.0011291352466110474,0.2263656975167778,0.07580656267898422,0.0081750185216437,0.0676903828561855,-0.0008343104248580147,0.15226093007052904,0.1520510175986574,0.30848229135453803,0.05683955332240702,0.20865231263832676,0.17809325184760919,0.0675015451516939,-0.0009689234713687114,0.21286164963227813,-0.0004026704224087546,0.3841607082473526,0.19079746010269233,0.09697916627287305,0.0026062144847825083,0.24444018226726338,0.001247450375212851,0.32339482748767545,-0.0009689234713687114,0.19633503061746002,0.001001494915937165,-0.048928458926118086,0.17461131952431078,0.2407179219046006,0.16605049165495106
chr8:43140448:43140449:NM_152419:HGSNAT,0.36050552049336665,0.3568911579572065,0.36022751999321323,0.27787960104307535,-0.002090704691366879,0.363750965713474,0.3675079497687005,0.050933475887562,0.2982042946602787,0.3611271057870199,0.3675079497687005,-0.00220087191971291,0.4088159903160019,0.36058843641489935,0.36192741137994566,0.05854443132855272,1.3752989357832197,0.33144566851907886,-0.0022415671144054294,0.3619226436287972,0.03140643222967757,0.018877533401828045,-0.002298551865998061,0.5361531309237729,0.3615347383985424,0.3619226436287972,0.36146589943311164,-0.002298551865998061,0.3617838765702678,0.051693202602686616,0.1997396136469735,0.36042403619788926,0.36050552049336665,0.325940840230641,0.01951442915352683,1.0118254735375378,0.36178395903652855,1.0030919772551166,0.27442274917948906,0.4588018501059942,0.36146589943311164,1.0030919772551166,0.3603625834671812,0.12804854180940642,0.39167393624547336,0.052380180254719105,-0.0022986475378152516,0.1270620234759327,0.3626564729947802,-0.0024692906410717363,-0.0005937218385968501,1.0030919772551166,0.3674866042787219,0.36022751999321323,1.0031772108132757,-0.0022986475378152516,0.36019902568314976,1.0023833075023596,0.020295231559628868,0.9874421988559456,-0.0018995416023559197,-0.0022986475378152516,0.13502437941075543,-0.00256763754274969,0.44567626531806637,-0.00166570157236412,0.36192741137994566,0.3256101288745362,0.13452486776965103,-0.0022986475378152516,-0.002258243374837182,-0.0022986475378152516,0.36146589943311164,0.027015113527033757,-0.0022986475378152516,-0.002540102097679575,0.020295231559628868,0.002412522575967385,0.9879719767609867,1.0030919772551166,0.36146589943311164,-0.0022885947517553296,0.27611314966236633,0.3614680465245814,0.27442274917948906,0.36146589943311164,0.27450584448316495,0.30819751559649833,0.36022751999321323,0.3624955480440337,0.36192741137994566,-0.0022986475378152516,-0.00166570157236412,0.36146589943311164,0.1352972870852203,0.9873887657609655,0.13540139050555547,0.3907048115159851,0.019136042136448872,0.1349153812237673,0.36022751999321323,-0.002298551865998061,-0.0012393697009115967,-0.00166570157236412,0.3618910996423999,0.3907327810542755,-0.001757998454934212,0.35985307001005296,0.5240925057862392,0.36178395903652855,0.36206607465097207,-0.00220087191971291,1.0033160829377425,0.27499186755940974,1.0030919772551166,-0.0013047413782162065,0.36050552049336665,0.36146589943311164,1.0030919772551166,-0.0019208200263765851,0.36146589943311164,1.0031772108132757,0.4272570812729143,0.27450584448316495,0.002828962922046707,0.39073217942205757,-0.0022986475378152516,0.3613231386025212,0.135587182739487,-0.0022986475378152516,0.3017614738143405,0.36146645456973026,0.026695450702684392,0.13536892398451017,0.9874421988559456,0.45889387381011726,0.45889387381011726,0.3813457943563019,-0.0032676482553506137,0.36146589943311164,0.44261904119343903,0.35985307001005296,0.3645847612257953,0.04967948136158165,0.27442274917948906,0.026237280650073497,-0.0022986475378152516,0.3921313587024198,-0.0022986475378152516,0.1714433310734564,0.36146589943311164,1.0030919772551166,0.0026982498035029445,-0.0022986475378152516,0.029724380204021655,-0.0012945506386213557,0.36146589943311164,-0.0005185758741403645,1.0030919772551166,0.36146645456973026,0.27450584448316495,-0.001223811742747244,0.36178395903652855,0.36192741137994566,-0.0022986475378152516,0.36192741137994566,1.0030919772551166,0.41609643044519884,0.36146589943311164,0.2745914441504211,-0.0017441963940910132,0.026841678412532627,0.04006391712589516,0.36178395903652855,0.018130357519993617,1.0030919772551166,0.009548147800370721,0.27611314966236633,0.13468602361476892,0.46036941432398387,0.36146589943311164,0.36146589943311164,0.35985307001005296,0.01003763764358162,1.0030919772551166,0.36022751999321323,1.0030919772551166,0.36192741137994566,0.007312052933744484,-0.0022986475378152516,-0.0022986475378152516,0.36132258345460133,0.36178395903652855,0.36178395903652855,0.36223285706533537,0.28046205969603655,0.3614181799146984,-0.002034982335413049,0.3596871537514323,0.36019902568314976,0.029280973590811804,0.36178395903652855,-0.00220087191971291,0.04918581073016651,0.025716396943021913,0.36146589943311164,0.36967812348738144,-0.0016033992229526617,-0.0022927514685372463,0.01906883554462291,0.2992763063645155,0.1345420596371195,0.3625988918766183,1.00319660902645,0.36178395903652855,0.27611398969739454,-0.0022714572066480643,-0.0005185758741403645,0.4032378876568514,0.36019902568314976,0.13716205022870318,0.36178395903652855,-0.0022631122296443706,-0.00166570157236412,0.019006949264365303,0.27611314966236633,-0.00220087191971291,0.026498469762655713,-0.0019992610395923316,0.3936551991098766,-0.00220087191971291,0.3615209347599294,0.2761641768336349,0.2745001910798612,0.13557391862316429,-0.0022986475378152516,0.12708576421957518,0.3620525641027298,0.1350576543885649,0.3614659784991125,0.36146589943311164,0.36146589943311164,0.36146589943311164,0.27442274917948906,0.9873887657609655,1.0030919772551166,0.36146589943311164,0.36178395903652855,0.35985307001005296,0.3602717612258368,0.13506674464514318,0.3092978123879332,-0.0022986475378152516,1.0031772108132757,0.35985307001005296,0.38589530393728855,-0.0022588095582474765,0.36146589943311164,0.37542471811279543,-0.001302050015712597,-0.001302050015712597,0.1345420596371195,0.523891592023655,-0.002200193799200695,-0.0022986475378152516,-0.0022986475378152516,0.3620943674445919,0.36069441908624145,0.5615029359036605,0.27604976307288115,0.1349153812237673,0.3603484576558224,0.01887352710150761,0.3619860347724839,0.362701814803712,0.14103903110421975,0.36178395903652855,0.3620149737841164,0.36019902568314976,0.0037868913417836714,0.3115979313936997,0.4137545486516489,1.009311502555412,-0.0022986475378152516,0.02571650558538585,-0.002469967026435954,0.36022742886092596,0.36178395903652855,-0.001474476657621987,0.36178395903652855,-0.0016867091044742988,0.3603103451782789,0.27611314966236633,-0.0022986475378152516,0.3738136311814564,0.1349153812237673,-0.002469967026435954,0.3621564678974302,0.40370175097609445,-0.0022986475378152516
chr8:51899186:51899187:NM_001286783:PCMTD1,0.001047533550084745,0.13066539536555496,0.001047533550084745,0.001047533550084745,0.001047533550084745,0.10554164868681395,0.060630765332705366,0.001047533550084745,0.06197052673089545,0.031054125868884813,0.0017872532860258583,0.004800095996262438,0.029361172752262327,0.03504503636552034,0.37533173460188907,0.001047533550084745,1.1416363619949026,0.15208826775019413,0.029361172752262327,0.001047533550084745,0.029414111804025117,0.0057917813949574515,0.001047533550084745,0.028395227406852047,0.37533173460188907,0.001047533550084745,0.001047533550084745,0.001047533550084745,0.001047533550084745,0.00394367704194909,0.4305739850331127,0.5002266230466776,0.001047533550084745,0.11577882448975627,0.043812161477549905,0.3754852792309153,0.001047533550084745,1.1416363619949026,0.010818572509986718,0.43043290724427724,1.1416363619949026,1.1416363619949026,0.06982989018974137,0.0013826162087034188,0.03665654905577995,1.1422394871747699,0.001877357074527991,0.001047533550084745,0.007482115997001854,0.39555015482815903,0.031170773046368783,0.39555015482815903,0.0017872532860258583,0.001877357074527991,1.1416726830429718,0.001877357074527991,0.39555015482815903,0.001047533550084745,0.1129276649736827,0.37533173460188907,0.0072409477482387186,0.001047533550084745,0.006339283112139965,0.49331794403225765,0.4028316177609094,0.00116863168620146,0.001047533550084745,0.12041971843149393,0.42839785337809544,0.03959423177945259,0.005151566255402945,0.001047533550084745,0.39555015482815903,0.002998313759069726,0.39555015482815903,0.1000490883062429,0.1129276649736827,0.010964773914944242,0.4034425936149304,0.4030916298419616,0.37533173460188907,-0.06972887244745793,0.37533173460188907,0.39555015482815903,0.004800095996262438,0.37533173460188907,0.001047533550084745,0.06464581888379686,0.001047533550084745,0.3762432239375295,0.0010992795416955026,0.0028805474705203282,0.39555015482815903,0.37533173460188907,0.40991588537276125,0.4034527805588013,0.49180286370234017,0.5013259046119912,0.001047533550084745,0.39621341648365144,0.001877357074527991,0.02982225380707046,0.0040838409749382465,0.39555015482815903,1.1416726830429718,0.03653187424991522,0.0013276883439549136,0.4486934442992403,0.3762432239375295,0.001877357074527991,0.37533173460188907,0.029249153321516674,1.1416363619949026,0.0012953899650459955,0.4018705346903571,0.004083094238466312,0.00604179345775871,0.39555015482815903,0.001047533550084745,0.4213105899073887,1.1416363619949026,1.1416363619949026,0.03198204110133168,0.001047533550084745,0.039606937669279224,0.1198105077852118,0.001047533550084745,0.001047533550084745,0.11918250785179296,0.001047533550084745,0.053503984855406306,1.1416363619949026,0.058738003414703976,0.0017787016477069095,0.39555015482815903,0.39555015482815903,0.39555015482815903,0.393108622367189,0.04882009190865058,0.37533173460188907,0.39555015482815903,0.3955754109130502,0.3957892613128243,0.46717917982295587,0.00480263118691418,0.001877357074527991,0.001047533550084745,0.0010992795416955026,0.001047533550084745,0.12659238818506244,0.37533675335056227,0.39555015482815903,0.0057917813949574515,0.0030109155480718686,0.0028554831767891864,0.0020464526568862718,0.0010685724780249706,0.001047533550084745,0.39555015482815903,0.001047533550084745,0.37533173460188907,0.006310240164441511,0.001877357074527991,0.39555015482815903,0.001047533550084745,0.39555015482815903,0.44044286796446375,0.06919281260029661,0.3955754109130502,0.001047533550084745,0.0057917813949574515,0.051394459124210395,0.534364306108531,0.001047533550084745,0.4263240988578418,0.39555015482815903,0.618106517739986,1.1416363619949026,-0.044821857456005476,1.1467196237207296,0.39555015482815903,1.1416363619949026,0.44101628474781934,0.0041610755153091705,1.1416363619949026,0.001877357074527991,0.0010685724780249706,0.39555015482815903,0.039936786543997904,0.001877357074527991,0.029249153321516674,0.001047533550084745,0.001047533550084745,0.001877357074527991,1.1425111909153887,0.001047533550084745,0.39555015482815903,0.0018722353511907153,0.0015482454449004257,0.39555015482815903,0.43847122205978717,0.001877357074527991,0.39555015482815903,0.11343720796172785,0.000783353639048634,0.39555015482815903,0.39290551082672637,-0.018858844598053065,0.022872189893759387,0.0057917813949574515,0.40762271450836757,0.4628930194322446,0.0017741225835024577,0.39572550935619194,0.001877357074527991,0.37533173460188907,0.4406924862096566,0.001047533550084745,1.1456246627227487,0.39555015482815903,0.25996592157555476,0.001047533550084745,0.0057917813949574515,0.001047533550084745,0.03653187424991522,0.39555015482815903,1.1416363619949026,0.000780733872404682,0.0010685724780249706,0.39540954901909225,0.001047533550084745,0.39555015482815903,1.1416363619949026,0.03223589403051702,0.4918802604714993,0.001047533550084745,0.37573333435801026,0.001047533550084745,0.4031587136967579,0.39555015482815903,1.1416363619949026,0.39555015482815903,0.39555015482815903,0.007628395484330364,0.39555015482815903,0.39555015482815903,0.4013208509584982,0.001877357074527991,0.39555015482815903,0.39555015482815903,0.4052911513801163,0.001047533550084745,0.02047127808225596,0.37533294781606225,1.151583394128655,0.0012969788215958789,0.0008750043259623252,0.39555015482815903,1.1416380345665773,0.001047533550084745,0.001047533550084745,0.031658411928246505,0.10059763120884355,0.39555015482815903,0.001047533550084745,0.02998414918633327,0.37533173460188907,1.1416726830429718,1.2333522223695974,0.0012953899650459955,0.4903300240256002,0.0021060553105396174,0.0057917813949574515,0.3955754109130502,0.3762484066148487,0.4842297317845279,0.001877357074527991,0.4596075887012614,0.001047533550084745,0.05558720299275116,0.4074109595748946,0.005812949603446943,0.39572550935619194,0.001047533550084745,0.000783353639048634,0.001047533550084745,0.029497569052110456,0.001047533550084745,0.03598300604894272,1.142076166126618,0.029414111804025117,0.03112897436302975,0.39555015482815903,0.001047533550084745,0.3990275738260113,0.39639270144409655,0.02957531157959134,0.39555015482815903,0.001047533550084745,0.024458565392425358
chr8:61689849:61689850:NM_001164750:ASPH,0.11272674755394921,0.08604758022807021,0.05524209794392586,-0.0005316271397097644,0.04971788786270054,0.14656487681000183,0.017233759258723766,0.08876437823488761,0.019144691417186138,0.06800736835301317,0.24858211458146912,0.151275878799809,0.15656625618434006,0.15592269931846703,0.09837666787072707,0.0887586673163051,0.13507734350303902,0.2763903792495881,0.10250287792372675,0.012890788295496544,0.09463851642018672,0.15690549785005023,0.12085795065479821,0.2400747913400227,0.09837666787072707,0.013084477372385009,0.09837666787072707,0.0883464882585481,0.012890788295496544,0.08820797242199926,0.12269537875131714,0.20543180376861025,0.14624562271980712,0.044128961042765175,0.15697703663129603,0.012890788295496544,0.012585528540243404,0.09837666787072707,0.0887625481327386,0.027901569410200527,0.09837666787072707,0.23119897709428625,0.09183161170257045,0.08913547622343473,0.19954552765657146,0.17512715519256175,0.012585528540243404,0.09810054364620796,-0.000472815010510344,0.14152924319760188,0.2220932634332733,0.09847936671502625,0.24858211458146912,0.05245850399047901,0.1321861898442667,0.08796246852395728,0.16901093668614467,0.09837666787072707,0.33693413283608037,0.09837666787072707,0.09948316627895432,0.11693246150590991,0.10120163929113951,0.16979092970497078,0.25197280168594216,0.09861322317226873,-0.0005316271397097644,0.026220826379307838,0.1541261182788077,0.19173941537978084,-0.0005316271397097644,0.10640437704301772,0.09837666787072707,0.056196876701603934,0.20801861198582938,-0.00027846493341517065,0.1880569687759266,0.0474876796271137,0.1217906720720511,0.09837666787072707,0.09837666787072707,0.16878644155840317,0.09837666787072707,0.13533290890638608,0.13513489629578523,0.09837666787072707,0.09862230338654923,0.1913715017969783,-0.0006250878061235116,0.09837666787072707,0.14035918046429952,0.08850930901100015,0.09837666787072707,0.09837666787072707,0.09960899317043023,0.09837666787072707,0.14050729493273342,0.06623605259255796,0.08825348474987879,0.02745125954271653,0.10694397644180825,0.13147481360151403,0.09737407381855043,0.08716262622269028,0.09837666787072707,0.255681540606294,0.09855137707786349,0.06645416073526694,0.09751727509328761,0.05452626834648569,0.11212608220304948,0.04612488144743257,0.11187735617969796,0.15808032725508386,0.09868774101285296,0.09578463607817789,0.6333762577177905,0.09837666787072707,0.23119897709428625,0.24190043592711166,0.09837666787072707,0.09837666787072707,0.07085996298095994,-0.0003002612208802685,0.24932617998478315,0.19961034529875044,0.09837666787072707,0.09837666787072707,0.1881507392647898,0.012374947461063823,0.243419583711463,0.0986270989875073,0.29484584151780313,-0.0009703926925275774,0.09837666787072707,0.08825348474987879,0.08825348474987879,0.17826662550015232,0.12505841627973158,0.09837666787072707,0.09846784566708042,0.2436421744131362,0.09844320273630036,0.09177188005388476,0.21834186864746816,0.003436941026518134,-0.0008087361010046118,0.5271114344976167,-0.00027599006459881614,0.12576387220164628,0.09837666787072707,0.09837666787072707,0.06388661178052256,0.009103295229924757,0.00046820891708553025,0.09734618560218888,0.10041736574804497,-0.0004888035696542226,0.09847936671502625,0.09837666787072707,0.09837666787072707,0.09855137707786349,0.06317303521623292,0.09837666787072707,0.012322328723481907,-0.0005316271397097644,0.1005934709946518,0.25806357370169736,0.09837666787072707,-0.00013065133072889812,0.09847580390436297,0.06751723447167915,0.09753169949107918,0.09837666787072707,0.06545438394021356,0.09837666787072707,0.19811512606163542,0.09837666787072707,0.12267536507818486,0.1001543229974059,0.09837666787072707,0.09837666787072707,0.17784316750451828,-0.00015283054368553373,0.10793592686771425,0.05449732244364065,0.09837666787072707,0.0984279612872829,0.050959082194779126,0.05474143118568886,0.010581889347795095,0.054579545579615474,0.09837666787072707,0.012375727155518407,0.09769198757577152,0.21804426627359527,0.11228284956456921,-0.0002901984320468759,0.04157992020068173,0.09959087261934182,0.08857362833886354,0.05449732244364065,0.09912398826410151,0.15276918166675438,0.1576395601421604,0.09837666787072707,0.1794102678162908,0.17339732887100417,0.031027181667995896,0.07888068100999328,0.23782274533140646,0.23259338194127624,-0.0008882718784169186,0.08713684037500619,0.05221405038016903,0.09751727509328761,0.11727213972069517,-0.0004888035696542226,0.2764590048875341,0.16901093668614467,0.2350220493912264,0.026330158251837904,0.1472287623589887,0.23931894187115121,0.2162117018054008,0.09837666787072707,-0.0001950788535814152,0.1576075565266688,-0.0005316271397097644,0.26796477009710556,-0.0005316271397097644,0.12195042933882372,0.09837666787072707,0.16775861550143104,0.03494108265223629,-0.0003656780516482494,0.15369947167207407,0.08847757628757366,0.05297577501099136,0.09837666787072707,0.09837666787072707,0.09837666787072707,0.1148412394915291,0.19011151327774442,0.09837666787072707,0.23462190441226927,0.11799113512565174,0.012346254565804987,0.11212608220304948,0.21000023567027443,0.06289144770307097,-0.0007830935378215637,-0.0005316271397097644,0.09837666787072707,0.2658200169628221,0.2663019793504714,-0.0027955292609077864,0.11210469747429894,0.15888485790396573,-0.00013427211568339814,-0.00013427211568339814,0.09851005495965756,0.15585991931836293,0.09862230338654923,-0.000137264150866942,-0.00048524058111985846,0.09862230338654923,0.09844012517314421,0.532526576302051,0.09796773115867538,0.027569067691388394,0.05452626834648569,0.08723595671842285,0.09837666787072707,0.09536500930823727,0.10184439461137187,0.010008340240859906,0.32923899801102813,0.09959087261934182,-0.0003019262611496515,0.22303335233987287,0.11239675116147282,0.23119897709428625,-0.0005316271397097644,0.1746101772269348,-0.0003656780516482494,0.0988979308244817,0.10694397644180825,0.08979925760267152,0.05198603871817173,0.06562848026470437,-0.002423012949621786,0.09837666787072707,0.013583122140118295,0.15603143773997666,0.1380887694996097,0.0007566443214021973,0.09860133694998069,0.09837666787072707,-0.0005316271397097644
chr8:66667217:66667218:NM_025054:VCPIP1,0.06880311519053117,0.1188986447792319,0.5819420073169606,0.5129387900210679,0.0006586541641276922,0.01336445810188358,0.007124875906522721,0.0051149866011812595,0.06557091200497356,0.007651936990787256,0.028261029673180005,0.4998782066797885,0.48681383529408034,0.03740616860616175,0.5029365580280211,0.0051149866011812595,0.4703790084462637,0.13704974754237836,0.0546624170497243,0.006989678786138265,0.05248577073398175,0.6052775092092345,0.012725631398961934,0.5819420073169606,1.2711392426237456,0.006989678786138265,0.0048817601881605555,0.008203932082508192,0.0006586541641276922,0.5092411959191228,0.06902029233083645,0.7093074734061807,0.6052775092092345,0.046444773939005535,0.06076717381227981,0.524058312249555,0.0006586541641276922,0.34059034160678875,0.5141749863102864,0.0025755930245761616,0.5029365580280211,0.5029365580280211,0.6054025049161649,0.4982576583160364,0.8628113913355241,1.3192114794413128,0.006989678786138265,0.006974920586171884,0.0006578206298681888,0.0016053161852764286,0.3877317665449067,0.3387331444447197,0.5237090216318843,0.006989678786138265,0.3394026415094863,0.006989678786138265,0.5069726561032902,0.005832674528884585,0.8037998952828906,0.0048817601881605555,0.3932274044599894,0.0007587136913413395,0.3330026779881108,0.49051749012200424,0.03455513663001525,0.346305581834757,0.0038858789260943216,0.007021083951623708,0.3330026779881108,0.0007018508198154971,0.0006586541641276922,0.04677660113314008,0.3387331444447197,0.0006613888176056903,0.49814794160770604,0.00970847290601945,0.8037998952828906,0.0070102915817457645,0.5098260144308624,0.3344290305079819,0.0038858789260943216,0.08780098707044859,0.5029365580280211,1.2841477141805517,0.5133958774257004,0.0048817601881605555,0.0038858789260943216,0.14299974367790924,0.006989678786138265,0.002186565008991892,0.6055101663162703,0.5138504234476191,1.2757200367489816,1.2792397925677814,0.3330026779881108,0.5088381227854224,0.0022418622699539315,0.7206360140113938,0.0016488051394407122,0.002097904123285421,0.006989678786138265,0.0007663819496583346,0.005355595874542041,0.0016691080281749926,0.3391677522209551,0.8328069517261748,0.0051149866011812595,0.7005497663379576,0.002186565008991892,0.0006586541641276922,0.5060555145363285,0.07956643473799374,0.508462386375573,0.34069492435334714,0.34406015905303355,0.5192284434982727,0.5348364408713605,0.5029365580280211,0.4967540902137143,0.047882432208872616,0.0048817601881605555,0.0048817601881605555,0.6829281270978751,0.0038858789260943216,0.014066855333404404,0.8635447266079973,0.0006586541641276922,0.005832674528884585,0.04883607208404189,0.006989678786138265,0.3610622636686158,0.4967540902137143,0.06359131825838638,0.0012396595879253236,0.49848906430419554,1.2663496057973118,1.2663496057973118,1.2917788592263313,0.3467549347017262,0.0048817601881605555,0.5031033483441781,0.524058312249555,0.3387331444447197,0.09529204681613401,0.5142949782763437,0.000745582911246323,0.0008251657033595539,0.6043056973200944,0.0006586541641276922,0.5809425038829926,0.0048817601881605555,0.005832674528884585,0.0006613888176056903,0.01858684237946573,0.07427110640045359,0.0051149866011812595,0.5177425459459833,0.498232010888375,0.34448379388514283,0.004834919496417456,0.0048817601881605555,0.0018155650079903496,0.0006586541641276922,0.49814794160770604,0.0006586541641276922,0.0016488051394407122,1.286806132426033,0.6204870863682536,0.0048817601881605555,0.017281780369735433,0.0008976769250652605,0.10346944686081011,0.7354244183897273,0.009352800006929729,0.3478760241475344,0.005832674528884585,0.09264898208079042,0.34059034160678875,0.49672656382408015,0.3447528160587075,0.5029365580280211,0.5029365580280211,0.5029597510987993,0.051378775784005515,0.5046796778988647,0.006989678786138265,1.2805390088453603,0.34405877440342425,0.012670163761514641,0.0006586541641276922,0.12900491730821356,0.018292289073342072,0.004884040351024077,0.0006586541641276922,0.006471692527386663,0.5265578344042309,0.5029365580280211,0.4981497639643694,0.014462992252975815,1.286649422913992,0.49814794160770604,0.0006586541641276922,0.5043171617864305,0.8108619506761038,0.01538998065015773,0.009352800006929729,1.2976949779118545,0.014542588586534178,0.04907537799511791,0.11070860107016733,0.40200123812436156,0.33915119781754677,0.3338852042021675,-0.0002588124315979212,0.006989678786138265,0.0048828373315258355,0.08716606715099301,0.49814794160770604,0.01962340581800104,0.5279506649890426,0.013908757822200801,0.04677940161128363,0.0007018508198154971,0.49814794160770604,0.8629375989369481,0.33974114777684483,0.49814794160770604,0.015384767992414006,0.0006586541641276922,0.5494283095999353,0.34405877440342425,0.4967540902137143,0.3387331444447197,0.5129387900210679,0.5011632766580325,0.0006586541641276922,0.49815555536057016,0.49791913675975374,0.0012200167767772996,0.012455088252389057,0.33915119781754677,0.5080814760872298,0.5029365580280211,0.5265578344042309,0.0048817601881605555,0.49814794160770604,0.5067186552364463,0.0006586541641276922,0.5029365580280211,1.3182492086928779,0.0012195880617406063,0.017731565715497832,0.014213288531063129,0.0048817601881605555,0.5029365580280211,0.5020972486244322,0.047461417194084476,0.5029365580280211,0.5080524047062066,0.014774732762958598,0.014774732762958598,0.3914975620563905,0.016523191791701586,0.33974114777684483,0.0006586541641276922,0.0016488051394407122,0.5029365580280211,0.33915119781754677,0.5306112606143779,0.34662490841371885,0.002240625172894084,0.020502976262471606,0.0006586541641276922,0.591310351935734,0.5080870567715873,0.7185369197162526,0.006989678786138265,0.598010485114348,0.5279506649890426,0.010167964542165175,0.3588326612841306,0.41266740262631246,0.013158921280566116,0.0016053161852764286,0.002024470162437675,0.001713423819582116,0.06183894366003878,0.04677660113314008,0.49814794160770604,1.2960794688184278,0.6750167414612218,0.0006586541641276922,0.5146907418402069,0.05713648208892852,0.011481538522016166,0.002093047753750743,0.0007587136913413395,0.5029365580280211,0.4967540902137143,0.0006586541641276922
chr8:93916854:93916855:NM_018444:PDP1,0.17926701847138216,0.22009731545319466,0.15088962523262744,0.1627793604873537,0.11773305136068624,0.1790985701459088,0.0447341841581545,0.15097407827530268,0.15144341220885643,0.2997721232014196,0.20751864068143328,0.12140802616869306,0.22085392606779108,0.21492493188147882,0.1627793604873537,0.008151474668445013,0.1627793604873537,0.16613080908923022,0.1940680866168371,0.1675856392443184,0.0012120494875224042,0.18415674577158853,0.10040246200390535,0.1555728450312311,0.1627793604873537,0.162637371831251,0.1627793604873537,0.1112121268602409,0.1636992501926492,0.06328643121569144,0.21313018041114346,0.33011730831346,0.1026655617855024,0.06975130548884345,0.18415674577158853,0.07093181356741629,0.09723947688621426,0.03704995772484784,0.26971469906425516,0.041035022898447515,0.3395812416128429,0.33970211652875054,0.18687341030389198,0.12931315700210355,0.32555683155296555,0.08117053889518627,0.09714984828705403,0.1774607444259912,0.00025290262169991307,0.14113151767310478,0.0747862705647081,0.3395812416128429,0.20751864068143328,0.12344753156885652,0.3395812416128429,0.09741349778597475,0.5257526854546712,0.33970211652875054,0.27264191002250915,0.3395812416128429,0.13732416455768476,0.08363966459341554,-0.0004115374101883451,-0.01711108843413084,0.3376888320201514,0.03705035134541804,-0.00041861975179097177,0.07002936221599337,0.16678634344746546,0.10616435759848547,-0.00041861975179097177,0.051522913179171126,0.33970499041298086,0.0017905071282365292,0.11104170699765364,0.052644294546390136,0.2702616518268256,0.12414308884554337,0.362368711842717,0.3395812416128429,0.3395812416128429,0.01985526995875775,0.1827887191412336,0.33978895098270745,0.08167018530091452,0.18244837482282328,-0.00041861975179097177,0.340745457526386,0.09531379702087389,0.34530808645476785,0.018023587356532922,0.005709358763533456,0.3398462323297069,0.16280020757149574,0.16290061700425323,0.16287973323264043,0.13252604642833749,0.17090402631209028,0.02771449159446665,0.0012468922460817655,0.19073897233481357,0.11308012515461774,0.2387792630223911,0.16287962054582364,0.34078341423911507,0.2613705611709396,0.21137648181481022,0.31417018101905114,0.34530808645476785,0.09723947688621426,0.03712868094872737,-0.0004165821792091462,0.3395812416128429,0.36507875307052273,0.03721328106473712,0.11635663148970032,0.18005285882792937,0.3395812416128429,0.16287973323264043,0.001354653514708204,0.3395812416128429,0.33958411348421547,0.2075764552895238,-0.00019756870603848675,0.11528619980584659,0.35862267231663014,0.0012120494875224042,0.3395812416128429,0.2178131567302301,0.09531419630407556,0.10359791617924957,-0.0004060516941175041,0.21854621409860003,0.012217065183413589,0.3395812416128429,-0.00032270956347985047,-0.00032270956347985047,0.03984186751160579,0.2386086752297807,0.1627793604873537,0.25081799913735725,0.33356157563134353,0.34030798059839684,0.0658001103825353,0.2754857102523781,0.24753731149853592,0.07528509949076811,0.3937485940089266,0.09741349778597475,0.2873813343075208,0.16287973323264043,0.16287973323264043,0.07093181356741629,0.01994255428269437,-5.966873861729116e-06,0.03076229084884652,0.037105785214355785,-0.0002934290592414568,0.03712747051622725,-0.00041861975179097177,0.33970211652875054,0.1475593035415248,0.09723947688621426,0.03704995772484784,0.09723947688621426,0.1627793604873537,0.3608430205511799,0.2983830466809408,0.3397865614066588,0.016419773706175866,0.17938484484674833,0.15262736550962258,0.15638849714590025,0.1627793604873537,0.05334068740216519,0.03704995772484784,0.14675469372760142,0.33957843898704027,0.01592740180438068,0.35612861534654106,0.03712930151223778,0.33970211652875054,0.365400183050514,0.13644113310070377,0.1858252231634266,0.09714984828705403,0.3394518651016597,0.06205848157407412,0.21695780307214207,0.12335525488704469,0.001214088238858213,0.12803466366029342,0.03712868094872737,0.09723947688621426,0.3395799900028347,0.08431253963519758,0.33974301751712466,0.04015038991969372,0.005390134081485032,0.4609887207448646,0.16624305686685836,0.12335525488704469,0.03940726072427175,0.22966976196383793,0.1612539292105885,0.33970211652875054,0.36526691998036814,0.16276373763993046,0.0015163175968903042,0.4547625529621213,0.10359357049439799,0.16477195321581767,0.0020216036220693234,0.2526285547560896,0.09723947688621426,0.3395812416128429,-0.00040017567914363283,-0.0002615874881169433,0.22943682192838566,0.4608508752347158,0.11669789627505767,0.07964302783607186,0.16451166560293418,0.3126447472577437,0.3581735287185465,0.3395812416128429,0.1197349291674153,0.16319698676011174,0.17119452217184586,0.25254626145306325,-0.00041861975179097177,0.3533386423239486,0.3395812416128429,0.18389872023317194,0.0773846103382479,0.024646148948319624,0.4949100177576594,0.13051905723975937,0.016026779942085345,0.3395812416128429,0.3397022353541022,0.35355731720363015,0.3395812416128429,0.27407829770460496,0.03712845405817641,0.16287962054582364,0.34109582034914626,0.09714984828705403,0.3395812416128429,0.4662391463257281,0.08767367645844171,0.16475101656725294,0.00025290262169991307,0.3395812416128429,0.35355469825769315,0.015083616413116174,0.06386555195148197,0.3395812416128429,0.42375617344580674,0.00025290262169991307,0.00025290262169991307,0.12174246191137131,0.2676047914810879,0.1627793604873537,0.07528509949076811,0.2352066260445917,0.1627793604873537,0.03955923360651298,0.5888454817047472,0.2729069838070901,0.10046200387376464,0.16254944133734067,0.23865573055808403,0.33970211652875054,0.052463204657521884,0.08577708481324847,0.09714984828705403,0.40601046638976146,0.4661984499775362,-0.000242209811402605,0.26770507652851216,0.11416968266596053,0.19590916718348375,-0.00041861975179097177,0.17721304179031921,0.019831361082620957,0.09917161462717633,0.09773812172244045,0.09226630227368338,0.25332383487364873,0.001999984861987325,0.10765384750673135,0.03712868094872737,0.07726361159794048,-0.00011898217656541865,0.02697006257006751,0.0017970403652795008,0.33970211652875054,-0.0004186294076579111,0.019788078737699555
chr8:96645226:96645227:NM_016134:CPQ,0.018592661433657814,0.04188791330399161,0.0026735514841021157,0.009109114291692422,0.0020569433310047847,0.06054067058911508,0.000901800171919459,0.0009412600763125945,0.041258171436341945,0.04113597386876211,0.0021610212802281314,0.0025376153569960924,0.0017849521836184878,0.000901800171919459,0.0020569433310047847,0.0018655276604647997,0.5031621393671629,0.06397236984109936,0.0015371034284288876,0.0020569433310047847,0.11051291132025895,0.0026946383819204667,0.0009277696401726598,0.04249084601634001,0.0020569433310047847,0.0020569433310047847,0.48529740748822037,0.0009277696401726598,0.0020569433310047847,0.0026735514841021157,0.011436380351376174,0.5387613622013864,0.0027278414354912905,0.17017659105746863,0.0026946383819204667,0.48249049629039986,0.0020569433310047847,0.48529740748822037,0.002275849680915931,0.2517281411221729,0.48529740748822037,0.48529740748822037,0.0021067433098431176,0.31333919116948317,0.048245745584941574,0.7921980464751486,0.0020569433310047847,0.0020569433310047847,0.002056897543905478,0.48529740748822037,0.0020569433310047847,0.48529740748822037,0.002182105910376042,0.0020569433310047847,0.48530139168649633,0.0020569433310047847,0.48624845549296636,0.48529740748822037,0.0020780251647814774,0.48529740748822037,0.008034434240515281,0.000901800171919459,0.04639037143709182,0.050545869462392395,0.025565315054728865,0.06553381356326798,0.0020569433310047847,0.04128053342194968,0.05579788381612655,0.0020569433310047847,0.0020569433310047847,0.0020569433310047847,0.48530139168649633,0.0071946593739500575,0.48529740748822037,0.0018173228249921125,0.0020780251647814774,0.0027063435604518793,0.0020569433310047847,0.001927385495427869,0.48529740748822037,0.008447899709406098,0.4863145411212151,0.5755729397767391,0.002275849680915931,0.4833723972335764,0.0020569433310047847,0.17247388591773907,0.0020569433310047847,0.48529740748822037,0.0020569433310047847,0.002058249594335121,0.0020569433310047847,0.48529740748822037,0.04473218603042048,0.5756698306727732,0.05117953936786429,0.5387138717255116,0.0020569433310047847,0.01973995109473295,0.0020569433310047847,0.002058249594335121,0.005078355515489769,0.0020569433310047847,0.48530139168649633,0.0020300152472461364,0.48567889838784484,0.4855094273055758,0.48529740748822037,0.0020569433310047847,0.4824753392081099,0.04297613004229389,0.49447008249429514,0.48529740748822037,0.49395896780992643,0.004093730043658844,0.027615960824938307,0.48529740748822037,0.48529740748822037,0.05508517652119638,0.48529740748822037,0.48530139168649633,0.04252835766537108,0.48529740748822037,0.0020569433310047847,0.001870269576284389,0.0025192363926393735,0.48529740748822037,0.007176932404350772,0.0020569433310047847,0.4854257030186193,0.48529740748822037,0.04072381649544202,0.0020569433310047847,0.48529740748822037,0.0020569433310047847,0.0020569433310047847,0.5091528686743924,0.46181380138151173,0.0020569433310047847,0.48529740748822037,0.48529740748822037,0.0021310200802830137,0.3510875171656155,0.01996101137530107,0.01973995109473295,0.0020569433310047847,0.48529740748822037,0.0020569433310047847,1.0962440211946365,0.0020569433310047847,0.0020569433310047847,0.0009228849599748623,0.0020569433310047847,0.0020569324481978513,0.002586241357622948,0.0020569433310047847,0.002675257351917232,0.48529740748822037,0.48529740748822037,0.48529740748822037,0.4866967767658884,0.0020569433310047847,0.5755729397767391,0.0020569433310047847,0.0020569433310047847,0.4826110847658769,0.06192694633736778,0.48529740748822037,0.06553381356326798,0.0015236111006345365,0.08331495496339877,0.350256198752416,0.0020569433310047847,0.04673232559735871,0.0020569433310047847,0.35323706663965604,0.001927385495427869,0.523950678958288,0.5193509900346817,0.0020569433310047847,0.48529740748822037,0.4854311169066742,0.48249049629039986,0.043008730272708406,0.0020569433310047847,0.485371318222678,0.4872784285111804,0.0238570463026139,0.0020569433310047847,0.04297613004229389,0.0020569433310047847,0.0020569433310047847,0.0020569433310047847,0.4852791775960882,0.002058249594335121,0.4824753392081099,0.48529740748822037,0.533621084968043,0.48699505933904264,0.16299687078054861,0.0020569433310047847,0.004493225998658562,0.001989685946526487,0.0020777363187522713,0.48529740748822037,0.45572080732860054,0.04039089182546737,0.0020569433310047847,0.5176504084478225,0.0017188920703103405,0.04578351285371368,0.0020569433310047847,0.48529740748822037,0.0020569433310047847,0.48529740748822037,0.04297613004229389,0.002675257351917232,0.043102100328085424,0.4861885669093027,0.2886838995041502,0.0020569433310047847,0.0020569433310047847,0.0020569433310047847,0.002043963888557515,0.48529740748822037,0.0020569433310047847,0.002089727891627202,0.04301724512162758,0.4937579324062005,0.0020569433310047847,0.0020569433310047847,0.48529740748822037,0.002708418410894753,0.018592661433657814,0.0026735514841021157,0.5098925205312062,0.0020569433310047847,0.018592661433657814,0.4853037575321748,0.48529740748822037,0.48529740748822037,0.0020569433310047847,0.002058249594335121,0.48529740748822037,0.48529740748822037,0.4877251481418483,0.0020569433310047847,0.0020569433310047847,0.488599436453658,0.01864757631856831,0.0655352023833489,0.06553483684366895,0.48529740748822037,0.520951509396427,0.01063018204190816,0.0020569433310047847,0.0020569433310047847,0.021113132737283297,0.06553381356326798,0.06553381356326798,0.005260890492270326,0.3329020948013346,0.0020569433310047847,0.0020569433310047847,0.0026735514841021157,0.48529740748822037,0.48530139168649633,0.0022927836532256884,0.48529740748822037,0.051124579342496174,0.0020569433310047847,0.0020780251647814774,0.48529740748822037,0.06599959553219645,0.34622867874667795,0.0020569433310047847,0.054778731721608326,0.4861885669093027,0.0024328082641280335,0.4854257030186193,0.4944066654965521,0.48529796892666954,0.48529740748822037,0.002089727891627202,0.0020569433310047847,0.0020569433310047847,0.0020569433310047847,0.041815634066778185,0.5967495712347951,0.06553381356326798,0.0025513790034084605,0.48529740748822037,0.0020569433310047847,0.002057877237312239,0.033250381549234403,0.04637146976616616,0.0020569433310047847,0.0020569433310047847,0.043008730272708406
chr8:98294393:98294394:NM_024759:NIPAL2,0.006228216612927679,0.015419736307528468,0.0633606940327412,0.1799392825176823,0.004416629334589663,0.01981135053745059,0.0037747879664453213,0.034550309804121285,0.015245137965417092,0.28212898994841495,0.06080639225633043,0.00365517772943039,0.031218233294643048,0.006424276704937032,0.23036121757721717,0.02137525984266608,0.1799392825176823,0.06248100316528863,0.07364072922092912,0.004415147088983773,0.025771076727552963,0.006173268612572794,0.017869386481420002,0.0030687908217909045,0.00365517772943039,0.004415147088983773,0.23036121757721717,0.025808350561249555,0.004415147088983773,0.011837937372988376,0.4290833468304984,0.361495054225085,0.06336236524266649,0.020956479631168718,0.006265958254258748,0.225809152685851,0.00365517772943039,0.23036121757721717,0.2307733132001863,0.16785982205249259,0.7721821470140106,0.7721821470140106,0.5511082146271176,0.010986176610664814,0.05642091263606436,0.2576746064430582,0.00365517772943039,0.011485550704190547,0.005888719813864008,0.17956844407115974,0.3177472412857295,0.1799392825176823,0.06080639225633043,0.00365517772943039,0.23036121757721717,0.0062280008231459585,1.1409929850764633,0.23036121757721717,0.05519645899025355,0.772082690988354,0.3285262588673149,0.0032827790653059234,0.005693403789729101,0.014824197424991345,0.020130369867157095,0.00365517772943039,0.23036121757721717,0.03624363054986718,0.005693403789729101,0.05379414848991914,0.00590392044993307,0.00365517772943039,0.23036121757721717,0.002823697720456795,0.00365517772943039,0.010208089006923687,0.05519645899025355,0.004005366621634417,0.00365517772943039,0.00365517772943039,0.7721821470140106,0.041405996570418116,0.1799392825176823,0.7785293364082772,0.23108608353943155,0.23036121757721717,0.1799392825176823,0.6004834225656386,0.00365517772943039,0.2609795773847283,0.05300176787422747,0.23177333625329555,0.00365517772943039,0.23036121757721717,0.24026355394886656,0.0027060813762202277,0.5106995902546531,0.25572823304986514,0.00365517772943039,0.28069850158694387,0.00365517772943039,0.05945506625741494,0.2524883935367429,0.00365517772943039,0.23026103382734123,0.014179918465046001,0.005199172406404558,0.30098034095961523,0.22959065249387833,0.00365517772943039,0.23036121757721717,0.02575907616588742,0.1799392825176823,0.1799392825176823,0.18080285909611607,0.25250264682297574,0.004415147088983773,0.7721821470140106,0.1799392825176823,0.0053864635380634004,0.23036121757721717,0.23036121757721717,0.354542179393876,0.1799392825176823,0.05945506625741494,0.08033752616897877,0.1799392825176823,0.7721821470140106,0.3742699551091781,0.00365517772943039,0.2898233653102591,0.23036121757721717,0.6128764164812963,0.16740196893376058,0.1799392825176823,0.00365517772943039,0.00365517772943039,0.300931345784174,0.022770963688222914,0.23036121757721717,0.004150518416900888,0.23319474138979213,0.0035502221821671447,0.42798112537224187,0.2316390766487023,0.00365517772943039,0.004173110746021766,0.2819829641911039,0.00365517772943039,0.15402081231824852,0.23036121757721717,0.23036121757721717,0.00365517772943039,0.03906179316533845,0.022503914491777136,0.27754371814197754,0.23036135896225615,0.003658694844632524,0.7717477121859093,0.022501003301842116,0.1799392825176823,0.022498048757149395,0.00365517772943039,0.1798566400170303,0.00365517772943039,0.003602660866235719,0.22927403676958882,0.00365517772943039,0.7721821470140106,0.2312265388413591,0.00365517772943039,0.00373089967051397,0.49384582126421794,0.23036121757721717,0.22272224230510926,0.23036121757721717,0.43288462966175745,0.23036121757721717,0.15563477999176303,0.18065732836304613,0.2322134381949806,0.23036121757721717,0.22959065249387833,0.01616938512189714,0.2312265388413591,0.00365517772943039,0.23006600248953596,0.17956844407115974,0.04934690873375033,0.00365517772943039,0.004661250390618096,0.00365517772943039,0.00365517772943039,0.00365517772943039,0.23064356379160655,0.2489372749005201,0.1810938661677725,0.18587352171294372,0.004498851904409278,1.1409687399239647,0.05186665401539725,0.00365517772943039,0.004678941926041704,0.24895389656472047,0.02582038371508528,0.23036121757721717,0.2721279732964812,0.6311154028082148,0.02549070386586104,0.003625325415513383,0.29012005238741845,0.010601954454325237,0.05313330229829911,0.1799392825176823,0.00365517772943039,0.23036121757721717,0.0037196102605047583,0.003658694844632524,0.5234336619787104,0.5152625653928318,0.483946837931817,0.00365517772943039,0.00365517772943039,0.18864088688007138,0.35964254304017773,0.1799392825176823,0.1799392825176823,0.025821874964239277,0.010986176610664814,0.01962512859078959,0.1799392825176823,0.00365517772943039,0.23036121757721717,0.2312265388413591,0.28098659393142955,0.006228216612927679,0.23128054584555074,0.002970771060089413,0.17144522728991968,0.23016668678962077,0.23036121757721717,0.1799392825176823,0.23036121757721717,0.2317809463879685,0.00365517772943039,0.1799392825176823,0.003530505813698466,0.00365517772943039,0.1799392825176823,1.1414504309805527,0.48274214581295427,0.23123414292258504,0.022770963688222914,0.23036121757721717,0.1917665677668465,0.006361851653861411,0.00365517772943039,0.7721821470140106,0.8341192531262235,0.022770963688222914,0.022770963688222914,0.23827739184918723,0.49952412726077106,0.00365517772943039,0.00365517772943039,0.005362461903526079,0.7721821470140106,0.23006586345580315,0.019581924603354575,0.2312265388413591,0.3447184875226741,0.2816907134221626,0.1694809096528189,0.7725843895273342,0.25013290280036904,0.26522857693746166,0.00365517772943039,0.18818446242296125,0.5173204453731353,0.18474237764292323,0.2893863070673218,0.011515581358801617,0.1799392825176823,0.00365517772943039,0.02844046460643044,0.01175147779600413,0.2462413072028777,0.00365517772943039,0.0027952289560135464,0.18221185584220437,0.060638874908666984,0.0033071284086073002,0.7721821470140106,0.00365517772943039,0.003655951700469364,0.1717483237434809,0.003881352229423523,0.23036121757721717,0.00365517772943039,0.00365517772943039
chr8:118952144:118952145:NM_002546:TNFRSF11B,0.01464733795547074,0.11490807136143413,0.023810617602321962,0.005728692620836917,0.03318783561525261,0.13744656964688123,0.03574263528055219,0.05025789534849767,0.1090886004502464,0.04635440917886602,0.05454864300954414,0.005728692620836917,0.05289352603284725,0.07429024475801654,0.005728692620836917,0.045105571130598515,0.005728692620836917,0.1782128422710077,0.005731696622507429,0.004096191712846822,0.0057139683536491515,0.1120853064468319,0.03898551718853474,0.03389650406813226,0.43715829999966443,0.020335684731275838,0.005728692620836917,0.01943014117423443,0.004965277727678005,0.04046840448253533,0.15374887108197496,0.5083849156645356,0.04574099693520596,0.16042661932347066,0.10001771402561832,0.029951631331889828,0.005728692620836917,0.005728692620836917,0.19669206068689887,0.14678036547110834,0.8526873196546655,0.005728692620836917,0.027289648961377977,0.005728692620836917,0.20913233439494838,0.021211725559310224,0.005728692620836917,0.009187756702219926,0.005728692620836917,0.046368105917171165,0.008307499614273087,0.8526873196546655,0.05820467335154071,0.005728692620836917,0.8526873196546655,0.004079849625545806,0.005728692620836917,0.13590494367616507,0.12166152995554458,0.005728692620836917,0.04375429316171256,0.018839203089055456,0.006333689725788544,0.05988406728835864,0.19551497144413554,0.4371610841752941,0.005728692620836917,0.15240449266096137,0.13661760837922932,0.027750617998107546,0.005728692620836917,0.052220520163820006,0.8526873196546655,0.005728692620836917,0.03318783561525261,0.046836522922724694,0.12166152995554458,0.05418662465238179,0.05423028362071444,0.456139660410505,0.00727481150106829,0.005728692620836917,0.43715829999966443,0.8526873196546655,0.17518842393647494,0.43715829999966443,0.005728692620836917,0.14662292513952255,0.005728692620836917,0.018907801986981346,0.005728692620836917,0.10026250956833122,0.13590494367616507,0.005728692620836917,0.8533432762361197,0.13651610588136098,0.14280562258164448,0.06809717082595826,0.024704646607129344,0.043351220282716124,0.004965277727678005,0.028477655240054675,0.447236004076613,0.005728692620836917,0.13590494367616507,0.10083073833602904,0.007847949076890653,0.06809717082595826,0.0520541626086147,0.005728692620836917,0.0306578237188823,0.005843600223166018,0.005728692620836917,0.005730246445237661,0.43723928415125396,0.014197418452962657,0.07621816582376995,0.005728692620836917,0.005728692620836917,0.14097217437182036,0.005728692620836917,0.005728692620836917,0.11608686442249695,0.005728692620836917,0.02807830760569366,0.19710917437600836,0.005728692620836917,0.8526873196546655,0.08762650026579336,0.004965277727678005,0.47126868164808394,0.005728692620836917,0.038212624346389584,0.05205490641509114,0.005728692620836917,0.005729716592460202,0.005729716592460202,0.1695989053951929,0.0070838094782779415,0.005728692620836917,0.8393107284179441,0.46231522852747015,0.8527005423542331,0.11096933800486442,0.1748850737550367,0.005741839340989749,0.01813686494109419,0.006798675741385554,0.005728692620836917,0.058442815386124836,0.43717409069291696,0.005728692620836917,0.4991603281245451,0.005718344647675788,0.03156668853873412,0.005421195791371583,0.005728692620836917,0.005729716592460202,0.13590494367616507,0.005728692620836917,0.005728692620836917,0.005420411582889348,0.005728692620836917,0.005728692620836917,0.005728692620836917,0.005728692620836917,0.8623644255346172,0.12043108592647642,0.005728692620836917,0.04542558185037318,0.02968315034375872,0.039202789857841286,0.12553489641991722,0.005728692620836917,0.0933427885146875,0.005728692620836917,0.12450933057937083,0.005728692620836917,0.058442815386124836,0.8526933172059353,0.13590494367616507,0.005728692620836917,0.8416561053242991,0.028982676308281802,0.46231522852747015,0.005728692620836917,0.43715829999966443,0.4369400330105971,0.029454535313559294,0.005728692620836917,0.005871666982588397,0.005728692620836917,0.43715829999966443,0.004655944043191321,0.025110604773948664,0.15342016828545843,0.8629313343563983,0.011033352729686127,0.012260948793999915,0.005728692620836917,0.044833584403359356,0.00486931172615665,0.014046990040794655,0.2371539266243877,0.010667293401829578,0.13590494367616507,0.15132816908506563,0.0360932559235637,0.019545943844900632,0.5598572105221337,0.46870093334602375,0.8510960199484564,0.13409342944969666,0.43715829999966443,0.005728692620836917,0.005728692620836917,0.005843600223166018,0.005729716592460202,0.43715829999966443,0.005728692620836917,0.03974187415388909,0.09504424323597738,0.00486931172615665,0.07746926929902984,0.13658729533637276,0.005728692620836917,0.005728692620836917,0.010667293401829578,0.4538525620542258,0.2373482425135374,0.005728692620836917,0.029384394105496578,0.005728692620836917,0.5044362332285262,0.03307472964286426,0.020335684731275838,0.49752721145512024,0.004655944043191321,0.005404163676592341,0.8526873196546655,0.8527005423542331,0.005728692620836917,0.43715829999966443,0.23976283176005955,0.005728692620836917,0.005728692620836917,0.005731696622507429,0.005728692620836917,0.44462493315915275,0.006685915414110594,0.035320331812424804,0.02477075061011974,0.006047387244909316,0.005728692620836917,0.14041373716719704,0.013040951339604812,0.203923718609334,0.43715829999966443,0.005728692620836917,0.005728692620836917,0.005728692620836917,0.8581189266030279,0.4624497776814569,0.005728692620836917,0.005728692620836917,0.2234118678942595,0.005728692620836917,0.8526873196546655,0.0412405537478249,0.4579719675142205,0.10274117993446791,0.01723997008274955,0.05360350884895029,0.43715829999966443,0.03844507874421199,0.12259672059784077,0.005728692620836917,0.139551715714323,0.005728692620836917,0.011224494343403293,0.4561441872095424,0.8356464704096149,0.43715829999966443,0.005728692620836917,0.01056891492932878,0.026544893313851917,0.027238101186736946,0.004655944043191321,0.019531899978345382,0.010183467423715772,0.005728692620836917,0.00558386338547566,0.43715829999966443,0.0047407942383460855,0.005728692620836917,0.11907080973404746,0.13661900528101178,0.43715829999966443,0.005728692620836917,0.005728692620836917
chr8:127482139:127482140:NR_117100:CASC8,-0.008632869099496954,0.05346664584427113,0.30470838585883225,-0.008632869099496954,-0.19629080364429674,-0.1664003653151107,-0.19627882544257946,-0.556669200198383,-0.05116842497730811,-0.008778178151733873,-0.18061184238080524,0.34884766759481656,-0.08873453826046479,-0.008632869099496954,-0.008632869099496954,-0.556336047734248,-0.008632869099496954,-0.5511613228045676,0.56203953103663,-0.008800409319945635,0.1302856258155542,0.12083463120797755,0.30470838585883225,0.8285562460996043,-0.008632869099496954,-0.008632869099496954,-0.008632869099496954,0.30470838585883225,-0.008632869099496954,0.1217279754916657,0.32320386630740255,0.4766844812185939,0.30470838585883225,-0.19506453477299712,0.14095990501730904,-0.5571395615342254,-0.1852222262105137,-0.008632869099496954,-0.007905928684195096,0.10543311291427443,-0.008632869099496954,-0.008632869099496954,-0.18062983726456738,-0.008632869099496954,0.15462268738202833,0.025622703637208033,-0.1852222262105137,0.2963639111133257,-0.008632869099496954,-0.19629080364429674,-0.18655665380589165,-0.008632869099496954,-0.18061184238080524,0.13482755859780027,-0.008632869099496954,-0.008632869099496954,-0.008632869099496954,-0.008632869099496954,0.18107960833786696,-0.008632869099496954,-0.18594821832206937,-0.008800409319945635,0.18431117224042604,-0.1606549595168315,-0.008632869099496954,-0.00845676345501345,-0.008632869099496954,-0.19651544643299323,-0.1836319693611304,-0.013663273325857594,-0.008632869099496954,0.12083463120797755,-0.00860604829132633,0.09656094070926058,-0.19629080364429674,-0.3287991120420399,0.18107960833786696,0.8120468572512547,-0.19645542387118053,-0.008632869099496954,-0.008632869099496954,-0.008632869099496954,-0.008632869099496954,-0.009947098651089947,-0.007814295916805103,-0.00860604829132633,-0.008632869099496954,-0.35387339713784327,-0.18499543898800458,-0.008627772952905066,-0.00861523588887092,-0.008632869099496954,-0.008632869099496954,-0.008632869099496954,-0.18373882147664555,-0.00861523588887092,-0.18990030857731044,0.0424290956499373,0.008104405053743213,-0.0016060823380661393,0.13482755859780027,-0.20722417144657107,0.3058997841389445,-0.008632869099496954,-0.008588447631957263,0.1581125600182946,-0.008627259781464947,0.17945392110606279,-0.008627772952905066,0.13482755859780027,-0.19629080364429674,-0.008432205857701047,0.30470838585883225,-0.008632869099496954,0.010436083033849075,0.004932825892544179,-0.008632869099496954,-0.008632869099496954,-0.008632869099496954,-0.18701240792419926,-0.008253087590629649,-0.008632869099496954,-0.1955875271756003,-0.008632869099496954,0.0035383590596543835,0.1817560655062463,-0.008632869099496954,-0.008632869099496954,0.1372998144530706,0.12105886935200266,0.047511950632678546,-0.008632869099496954,0.15812421467000498,-0.008627772952905066,-0.008632869099496954,-0.008632869099496954,-0.008632869099496954,-0.19676045171622036,0.01709596658896284,-0.008632869099496954,-0.19629080364429674,-0.19629080364429674,0.002011588959919264,0.030943898302525308,-0.008135278127015533,-0.00861523588887092,-0.008632869099496954,0.30634347277008006,-0.008632869099496954,0.2167601985608162,-0.008632869099496954,-0.008632869099496954,-0.5598318014393509,0.3048145769630055,0.3076161740317817,-0.008421549393928363,-0.008632869099496954,-0.008843741023621177,-0.008632869099496954,-0.008632869099496954,-0.008632869099496954,0.30492420497095185,0.13482755859780027,-0.008632869099496954,0.13482755859780027,-0.008621526130522972,-0.006927276344369349,-0.008632869099496954,-0.008632869099496954,-0.008632869099496954,-0.008632869099496954,-0.18560709157858618,0.033373092592675346,-0.008632869099496954,-0.00279006262343906,-0.008632869099496954,0.01155046773443369,-0.008632869099496954,0.21787186465427372,0.0016245627175768274,-0.008632869099496954,-0.008632869099496954,-0.008632869099496954,-0.1878672843132871,0.12105886935200266,-0.1852222262105137,-0.008632869099496954,-0.008351064187966883,0.30619652379297446,-0.1852222262105137,0.1307048666354257,-0.008543931036276708,-0.008632869099496954,-0.19629080364429674,-0.0007175516149157679,-0.008800409319945635,-0.1962833107141433,0.24685715325913998,-0.19541971611092562,-0.008632869099496954,0.25360901313474704,0.13482755859780027,0.03396889141957243,0.368584892318842,0.3373248621678191,-0.008632869099496954,-0.1857736919355757,-0.18483207904069554,-0.00863021328473812,0.173785858161762,0.025630141766253223,0.18440229070113623,-0.0015896901479481862,-0.008632869099496954,-0.1852222262105137,-0.008632869099496954,-0.00837049281707497,-0.008843741023621177,-0.008632869099496954,-0.008632869099496954,0.1103374645569643,0.12105886935200266,-0.008632869099496954,-0.19629080364429674,0.1818779193912502,-0.008632869099496954,-0.008632869099496954,0.31991629393266013,-0.00803783649319817,0.16510384292804436,-0.008632869099496954,0.12083463120797755,-0.008632869099496954,-0.008647435694242478,-0.19877534263554558,-0.008632869099496954,-0.0026195550008582535,-0.2051385805930912,-0.20085733736024858,-0.008632869099496954,-0.008588447631957263,-0.008632869099496954,0.30471758431740614,0.298015342109114,-0.008632869099496954,-0.008632869099496954,-0.00861022395664418,-0.1852222262105137,-0.008624459753637348,-0.008632869099496954,0.11012126674149603,-0.008800409319945635,-0.008632869099496954,-0.008617093532342579,-0.18510193008839954,0.14379879722480443,0.12083463120797755,-0.008624459753637348,-0.0035857513445565203,-0.008632869099496954,-0.008632869099496954,0.1842838986714393,-0.18336526352063154,-0.008632869099496954,-0.1852222262105137,0.3486840261536641,-0.008632869099496954,-0.00860604829132633,0.31574412151012926,0.30470838585883225,-0.2010785048571877,0.12105886935200266,0.1553686280430429,-0.008632869099496954,0.0011007405167612339,0.004370882072389781,-0.1852222262105137,-0.1825090932175361,-0.008632869099496954,0.02992268802316994,0.375832120209642,-0.19629080364429674,-0.008632869099496954,-0.008632869099496954,0.3198696105048466,-0.008800409319945635,-0.18061184238080524,0.13482755859780027,0.22345724215534785,-0.008632869099496954,-0.008632869099496954,-0.008800409319945635,-0.005806961243054798,0.12107140750661566,-0.008632869099496954,-0.0015609499773553415,-0.19620474933387316,-0.008624459753637348,-0.008632869099496954,-0.19629080364429674
chr8:131904108:131904109:NM_015137:EFR3A,-0.05519071245504081,0.17850344949796848,-0.05685098594618307,0.5359226325143693,0.1728105395712977,0.3012952631021845,-0.052319574889432785,-0.012781688863435753,0.17658194792369433,-0.05258102750056373,0.020001301829404877,0.1189377966045373,-0.035314437564611195,-0.055710000770467616,0.5359226325143693,-0.05455915777986156,0.6483731872517267,0.29751673845748916,-0.035314437564611195,-0.05685098594618307,0.005262087190435444,0.01893818549343007,0.0008401747669128379,-0.05577256317025475,0.5359226325143693,-0.05522790590313345,0.5359226325143693,0.020226091443971167,-0.05522790590313345,0.04822064844494173,0.18268234665607336,0.44980303636173125,-0.05516332578970609,-0.053457410178753606,0.01992466647025784,0.5376702422784794,-0.056375171870648555,0.5359226325143693,0.09424137441614447,0.20367799998754457,0.5359226325143693,0.5359226325143693,-0.056833648929966674,-0.03659715309573966,0.029630119328896032,-0.05955556732430717,-0.05685098594618307,-0.03615777186762878,0.0008401747669128379,0.002124136574701063,0.07308332900192474,0.5359226325143693,-0.02634436597063236,-0.056375171870648555,0.5359281095734625,-0.05685098594618307,0.5362890412080501,0.5359226325143693,0.17323313337919738,0.5359226325143693,0.07308332900192474,0.07622674979776659,0.0016359265734332273,-0.05597381711349339,0.04410089042157797,0.5354141926691571,0.5359226325143693,-0.05385595901795287,0.043070026875635464,0.0021267469190349997,0.0008401747669128379,-0.05636215422630153,0.5359226325143693,0.5330747531494119,0.22532803406765853,-0.031602999471107424,0.1732325084721628,0.001088775913726081,0.0013790053516193612,0.5359226325143693,0.5359226325143693,0.22220064658264277,0.5359226325143693,0.5359251842071165,0.18843417120563213,0.5359226325143693,0.0008401747669128379,0.19231379063825393,-0.05633783942948453,0.0008423147155899036,0.0010944009950736577,0.10500132955276453,0.0008401747669128379,0.5359281095734625,0.0029144901045170812,0.5359164624140247,0.11230777279584983,0.44768169620789816,-0.05577256317025475,-0.03650088495828421,-0.055848232028533146,-0.009275564822648574,0.0012308382935503903,0.0008401747669128379,0.5359226325143693,0.029825450307563478,0.5360912372973701,0.4492551001034238,0.4513229829409358,-0.05633783942948453,0.5354141926691571,0.004798103293511352,0.5359226325143693,0.5359226325143693,0.5394272672918499,0.0009688812215852272,-0.022527904110466263,0.5359097541159276,0.5359226325143693,0.10334106938635082,0.5359226325143693,0.5359226325143693,0.03342127620013774,0.5359226325143693,0.0021267469190349997,0.40604786809735416,0.0009713548020988116,0.5359226325143693,0.16623159735140286,-0.056833648929966674,-0.041057271141359625,0.5359226325143693,0.08156585565636497,0.001372600413594327,0.0008401747669128379,0.5359226325143693,0.5359226325143693,0.5377794124561177,0.04531273030561145,0.5359226325143693,0.5354141926691571,0.5354141926691571,0.5354195535416366,0.14139164539677007,0.08450626820570054,0.021546449026596137,-0.05666086464472542,0.4562892064519628,0.0010866052340174903,0.34545605140295454,0.5359226325143693,0.5359226325143693,0.45132010699924113,0.01877811299375992,0.05045390530046126,0.0009688812215852272,0.5344577544978125,0.0010816130097770216,0.5359226325143693,0.5359226325143693,0.5359226325143693,0.5360912372973701,-0.056375171870648555,0.0008401747669128379,-0.05636215422630153,0.10253673947454667,0.528615782489329,0.08266759303677337,0.5359226325143693,0.00211765279874504,-0.05614746415064942,0.03346489429687341,0.1560270738866251,0.0008401747669128379,0.09481955610196147,0.5359226325143693,0.035990134767223875,0.5359226325143693,0.012769558249736718,0.5359226325143693,0.5359226325143693,0.5359226325143693,0.10253673947454667,0.44853800361789165,0.536042881454587,-0.05685098594618307,0.5359226325143693,0.5398071256652975,0.5351475825093143,-0.05685098594618307,0.005825247959186847,0.0013683871308504403,0.5359226325143693,-0.056640863707606875,0.5363809472623551,0.04084804979783596,0.5354141926691571,0.5359502540875585,-0.061942508427955595,0.5359226325143693,0.5009495505775143,-0.05620244826162929,0.0008401747669128379,0.17466849640741822,0.0008401747669128379,0.0008401747669128379,0.6050943096782978,0.029708389789339318,0.0008401747669128379,-0.0249875571773594,-0.05658009409527123,-0.014970226309096696,-0.055335473770301596,0.5359226325143693,-0.05633783942948453,0.5359226325143693,0.004795654105033437,0.0010816130097770216,0.11611949731194007,0.5354141926691571,0.33501844318719737,-0.055883423352368095,-0.05474869237818511,0.04106995598468274,0.025650806226161366,0.5359226325143693,0.10450378083382825,0.0008401747669128379,0.001400187508766304,0.5428938077910344,0.5359226325143693,0.533887372874264,0.5359226325143693,0.01104036170510797,-0.054727900424711595,0.0008401747669128379,0.5427950648154154,0.004049528795897289,-0.05474355779065296,0.5359226325143693,0.5359226325143693,0.7678002331102453,0.5359226325143693,0.09498810215874737,0.0008401747669128379,0.0008401747669128379,0.5380218291020576,-0.05685098594618307,0.5359226325143693,0.5227592656015315,-0.034891625787965286,0.49985923186717157,0.007067459828538736,0.5359226325143693,0.5354141926691571,-0.002458855141386801,-0.05618974813175323,0.5359226325143693,0.5415989643024307,0.5359226325143693,0.5359226325143693,-0.014970226309096696,0.2133079936214916,0.5359226325143693,-0.05620244826162929,0.005202953974140612,0.0008401747669128379,0.5359226325143693,-0.0038602828559064217,0.5372632301278212,0.19603930788028237,-0.05470343087287097,0.5354006123857937,0.5350400138333713,0.0008423147155899036,0.022103196597117014,-0.05684895556660499,0.14175988478388749,0.0009744920248253297,0.050159772622553694,-0.059559080551350896,-0.011053365913862634,0.5359226325143693,0.0008401747669128379,0.0008451080639446107,0.0008401747669128379,0.0010866052340174903,-0.02744213053551081,-0.05666086464472542,0.0008401747669128379,0.04299359741467304,0.0016083217932015004,0.5356674500069534,-0.05592230591032121,-0.004343836546597618,0.09066171836025627,0.009567440705274571,0.5359226325143693,0.0008401747669128379,0.0008401747669128379
chr8:144148015:144148016:NM_001099280:MROH1,0.11807651373622968,0.11987338306449391,-0.0023260944395611105,0.2893430605145285,-0.0016156893418192153,0.13267165535572029,0.025052735722815966,-0.0022247706075479434,-0.0012468307774796128,0.14773459227064895,0.1201329757976422,-0.0004605509291872867,0.44337072516273335,0.4637307118667871,0.3688170624030095,-0.00233400571297826,0.29156205025370835,0.1421453797007436,8.779665103619827e-05,-0.00233400571297826,0.034098543612832655,0.020275440860055505,-0.0016156893418192153,0.2938185319421804,0.3108531801134339,-0.00233400571297826,0.9417391151258285,-0.00233400571297826,-0.00233400571297826,0.304765013397735,0.2706911278357373,1.5273358039824263,-0.001693863393081363,-0.0016156893418192153,0.3236194805964392,1.0067771078507597,0.11807651373622968,0.37480635302193055,0.00054797977378368,0.13394424105645308,0.9944779851454018,0.42090006755121245,-0.00037215632641268703,-0.0016529441630866448,0.498645292405967,0.3840920184548752,0.11807651373622968,-0.0015054012182287302,0.2881858338656889,0.2878845354411097,0.12068422077918567,0.3543764347362736,0.4461694410687758,0.11871896438232832,1.0302747869261326,-0.0016156893418192153,0.43832216520935535,0.9239901039478772,0.3035020574279119,0.4261754980958088,0.23847185438073765,0.19360219930948352,-0.001607752540126739,0.11872823434718077,0.0017045742556561216,-0.00233400571297826,0.3567093683709032,-0.0023024604712083563,0.2871981803002027,-0.0015054012182287302,0.0012109354529898364,-0.001547000414134192,0.47213031927103033,-0.0009371163019599171,0.35947547777346434,0.07617912090929546,0.3035020574279119,0.00174793110716015,0.10263103989175354,0.0010875011741834917,0.935228399974579,-0.001547000414134192,0.0021888666946862645,0.45837417673887404,-0.0002796482183585747,0.38784631434918193,0.04828156628745761,0.03732733135085475,-0.00233400571297826,0.1348836388707052,0.02486225302362205,-0.0016156893418192153,0.09907199490260077,0.0012423704397546143,-0.002331030167569581,0.4309996169307069,0.12455129832354028,0.5017670951426342,-0.0016156893418192153,0.12230263998520091,0.11815643723112979,-0.0016156893418192153,0.0019682017475106672,-0.0015909108033329011,0.46839278982141885,0.48465739574762634,0.04662641787809685,0.4512779780891804,0.54751735503621,0.11807651373622968,0.35918618308493433,0.0011528242222754725,0.9929605699228476,0.9193223194633499,0.09907199490260077,-0.002335757971651198,0.5927782691225528,0.991833135218497,0.2887991871936467,0.11871896438232832,0.9939438446562625,0.3428721976231881,0.14836022211178068,0.04833212561860145,-0.0015054012182287302,0.4989991231602459,-0.0023260944395611105,0.9953709570004279,0.11957053294879566,-0.00233400571297826,0.38287138857738,0.9987012631354811,0.1202603848109966,-0.00233400571297826,0.354365754197401,-0.0006737016755800629,-0.0006737016755800629,-0.002431260132919,0.354395134426864,0.28934940006328114,0.4649960698048434,0.3501415059743562,-0.00233400571297826,0.0016107737901545627,0.0018890326252685719,-0.0016156893418192153,0.11934636235560825,0.4757746558916639,-0.00233400571297826,-0.0014789436943236645,0.28432624069578116,0.3563304172255798,0.2864645770001243,0.005675254283566633,-0.013449237952593951,-0.0012924936464169257,0.2844230811331111,-0.00233400571297826,0.3543764347362736,0.35862800027915964,0.04832584255564448,0.44074751063667184,0.11807651373622968,0.005421508093966576,-0.00233400571297826,0.36809410341886756,0.36150785274781605,0.23732274079797194,0.4543242235765317,0.9217075633944845,0.09907199490260077,0.2883911621909482,-0.0019756907485857234,0.36732035081951275,0.12260518416255944,0.2871044226325713,0.0016107737901545627,0.04840801572155712,0.31008695748346327,0.04352531430658768,-0.0023260944395611105,0.3670733924829654,0.45554781827980495,0.13774851576235403,0.4708288052495144,0.11807651373622968,0.09908529304813929,-0.00233400571297826,0.11437778283758854,0.11807651373622968,-0.0004228676533293285,0.002349173397659776,0.4511568194466926,-0.00233400571297826,0.5236673289761633,0.0034487467969441243,0.3673242911757555,0.3077367536331048,0.6005343452762463,1.1186750520375597,0.19905596675180637,0.11815643723112979,-0.0023260944395611105,0.3391335984021521,0.039830636638388484,1.227167599191751,-0.002431260132919,0.11970398633274443,0.09566955450612163,0.144783289033368,0.4000268644135515,0.2863324568732648,-0.0022247706075479434,0.995526514397083,0.11815643723112979,0.9957656152828909,0.03980296406164896,-0.00233400571297826,0.13124864250386042,0.3611922184928752,0.0012846490652029252,0.5830591048649203,0.0023249114973781793,-0.0015054012182287302,0.5074637264364017,0.2856637836948966,-0.0010440325203773804,0.04051837366312422,0.0007008927609182813,0.07483681737748749,-0.0016156893418192153,0.34955521746366136,0.09908014554835148,0.2873311429376242,-0.001607752540126739,-0.00233400571297826,0.3624884642797058,-0.00233400571297826,-0.002058151099656791,1.2365150854684779,1.0389900921993287,0.9996429290321007,0.9944849850813045,0.003399917207684622,0.10065772481275698,0.10083145669501509,0.3593358107292717,-0.00233400571297826,0.3504587665780608,0.5001272560528036,-0.0016156893418192153,0.9272970012901023,-0.0011211755683673275,0.42975012470360735,0.2369444376540275,0.07323603437598675,0.010985414516938796,0.9929605699228476,0.41208366726027706,-0.0018409012172703187,-0.0018409012172703187,0.28719644776093994,-0.00046601151280833975,0.09908529304813929,-0.00233400571297826,-0.00016879471872782714,0.0005670058172702608,0.3849909949064153,0.4852036943747522,0.9201790275182491,0.1187776963950316,0.16239458238946236,0.3034396087545045,0.995932911367905,0.2987721533995303,-0.0013956695185828871,-0.00233400571297826,0.13668795169192793,0.2905808800874748,-0.0013414510345707842,0.3829427642978934,1.561971216226134,0.4582559638288579,0.10176372011376417,0.04051045062669034,-0.00233400571297826,-0.00037215632641268703,0.1182003092820948,0.291676563691461,0.3093974996853073,0.07532791483533952,-0.0017542115927864366,0.10151690521088519,-0.0016156893418192153,0.09972523478460249,0.15808891160278837,0.28719644776093994,0.9944849850813045,-0.000845259327237502,-0.0016156893418192153
chr9:33167358:33167359:NM_001497:B4GALT1,0.41972808161654024,0.40990582934580677,0.31952662245200275,0.30237206048114784,0.3193496556150025,0.40664530027710016,0.05998389916625535,0.0850583929332916,0.2940813898350532,0.33405890700607,0.4216174443768477,0.26841307207308845,0.3162355256187538,0.41985543485144283,-0.03353799909328531,0.3509415464214908,0.13808811396187193,0.49228381342023747,0.3505495846460758,0.31891680038516435,0.18736291280832634,0.4214537317553315,-0.000652666914493949,0.08665813299748937,0.19550766387648627,0.23752446956208356,-0.03353799909328531,0.3513805036114317,0.2406581644010924,0.44749456517172004,0.45938986522253566,0.07869504804010774,0.3195285134540525,0.3108859785732701,0.40701735354170154,0.32977032432984205,0.4249535667776649,0.19550766387648627,0.25601724216938654,0.40482310264971755,0.21830071400711762,0.48232527634660394,0.3818596628768747,0.31563990775093587,0.5095747369097064,0.09741184885376336,0.24071292965846752,0.37342916779896496,0.01780377280352441,0.2863629599049098,0.08202265816073673,0.19235457023025287,0.421609712152035,0.2968155744713656,-0.040596385155510895,0.05724423974156978,0.009370695485145297,-0.03353799909328531,0.7328043706547058,0.2182725513435973,0.05128516393420118,0.05988683160929725,0.013062390656870093,0.18863194093577923,0.5390630303533875,-0.032972785250752534,-0.0006435495637513444,0.15244312232810786,0.09629325593497629,0.118691580885457,-0.0006077282520978167,0.3967637710826344,0.2112099583600374,0.19549955467712143,0.3187668176265839,0.08133798320762081,0.7328043706547058,0.026788817009663013,0.21247527541241368,0.19550766387648627,-0.03353799909328531,0.13440696235819571,0.21162612956456434,-0.03196730173919121,0.18357933144692196,-0.03353799909328531,0.19548869399806956,0.14636886144045935,0.0025138062498911706,0.21248412635994857,0.31680143527240306,0.09951249861886025,0.19547652622222172,-0.03200517735824665,-0.01956066981500021,-0.017515313971743274,0.29503786890432787,0.43551941395816046,0.0006616711211682724,0.3438402674296045,0.521721385003745,0.12144894281403024,0.27653288247844504,0.08375833018671341,-0.041409056568828706,0.6251672714041647,0.24206209775784238,0.12706764229757794,0.2116353716639322,0.0020837416299008815,0.23751814173836094,0.10702206293960748,0.4785276211426066,0.1964608403802645,0.2427656947631569,0.2397126066628424,0.4319337278706507,0.21158001651373476,0.01984898853685718,0.18599230354902535,-0.0006366684235323827,-0.03353799909328531,0.3393576189649275,0.19550766387648627,0.11871987532986678,0.20483599258687962,0.21156549258926016,-0.03354296367676135,0.09593656626264496,-0.000511212865609012,0.11146582793971488,-0.03352701911791872,0.338687919372215,0.23806054173210334,0.21829532066453394,-0.0006244172181132934,-0.0006244172181132934,-0.0034192821623186265,0.10199241237338325,0.19548869399806956,0.20563303824630697,0.0555130872305023,0.19567011939057605,0.043256910843286145,0.18443570652185987,0.23737106350260362,0.23813155945606712,0.42724125545882574,0.23737106350260362,0.23832556602695404,-0.03352893221952902,-0.03353799909328531,0.05821701759924308,0.2984758802228783,0.06193845669051523,0.24229164327350972,-0.035282312383203396,-0.0006435495637513444,0.21829532066453394,0.019834943968343233,0.19550766387648627,0.20884177571722795,0.0451180958024901,-0.03925332791848807,0.10080359265048217,-0.03352893221952902,0.21079739779136847,0.4441534600385165,-0.03352893221952902,0.06158545985063235,0.41608613027917624,0.13214144321151028,0.1249583219041227,-0.0006312984395598353,0.02158259621681452,-0.03353799909328531,0.1425062195145751,0.19550766387648627,0.06056555218073345,0.2722403694759287,-0.03354296367676135,-0.03352893221952902,0.29668089901925343,-0.03305956317567066,0.19561372321787102,0.363289142338164,0.19550766387648627,0.25585218500133644,0.24633381883916677,0.2375021897977987,0.1884421969319509,0.21158838550507952,-0.03354296367676135,0.2375568401226868,0.524737813146733,0.2529793137443136,0.21158001651373476,0.057404686060481214,0.10327261840710272,-0.03657863656441601,0.0717745936546253,0.29742573464832917,0.1955783204819464,0.6455557157060954,0.07400758382810341,-0.03353799909328531,0.010381752942227984,0.36187007438397756,0.07573434546967833,0.2837944503348584,0.07655892332759895,-0.02078594114604776,0.35138645942880425,0.21944860900080632,0.42499090136270495,-0.03352225606375786,0.18844334337071827,-0.0006435495637513444,0.14604631096162712,-0.031105133007868935,0.38657681637975133,0.5061139548840825,0.35528882832668685,0.08075825030346756,0.6572698591852248,-0.03352893221952902,-0.033533896765117754,-0.002895108411484937,0.0009578999286083412,0.2560233923133854,-0.0006366684235323827,0.08593497749812701,0.19548869399806956,0.06131014422589148,0.37895732805993465,-0.0006435495637513444,0.31471197404630213,0.060370597574433915,0.10145395825171055,-0.03353799909328531,-0.03353799909328531,0.2748570721236485,0.19550766387648627,0.25286798513656406,-0.0009109655983944309,0.01984898853685718,-0.018625118222595105,0.24071292965846752,0.19550766387648627,0.014569799264304517,0.3788675404096606,0.06048550644284795,0.04190630233317405,-0.03353799909328531,0.06389125941292284,0.22537934860704256,0.1265107418402458,-0.03352893221952902,0.22911702661723204,0.3763766077825461,0.3763766077825461,0.016275913277951748,0.17827630359558078,-0.0006366684235323827,0.026670830643524823,0.025018337177808714,0.027720045784936698,-0.027089828948590577,0.49715530906565375,0.257105597020927,0.405553787784292,0.38193748550816947,0.374322303540697,-0.03352701911791872,0.5330817054133661,0.12473474223626735,0.2968155744713656,0.42056746718379984,-0.031105133007868935,0.03878415399420315,0.1701092904346314,0.060767970640090874,0.19560492501830962,-0.0006435495637513444,0.012594077595716735,0.04271456657838174,0.3187668176265839,0.2413017197899321,0.08621876213073548,-0.044991779892732287,0.10754792108902034,0.011308855050101707,-0.03924961616715256,0.08616004619568163,0.01143230978063825,0.483495011725117,-0.002920582564104879,-0.03351318909685885,0.21888152125939198,-0.0006435495637513444
chr9:34458570:34458571:NM_001184945:FAM219A,0.5843308864699732,0.5921300328542771,-0.0030059966060505816,-0.0029564904300419803,-0.002963123295793263,0.5944024537778643,-0.0662111511457432,-0.0030268659421514577,0.437888338470272,0.760926573960206,0.13453498634889802,0.2804229011346379,-0.0030059966060505816,1.2727458741792779,-0.06612058193502143,-0.0030268659421514577,0.2698716014623329,0.9333342346904081,0.7587060017567625,0.2658073111961309,0.44689175177161544,-0.0030059966060505816,-0.0030268659421514577,0.04422985292279536,0.2658073111961309,0.3371238090531584,-0.06737450710662378,-0.0030202364703360574,0.3370992236175285,0.28181814579242404,0.36766272826915863,0.6825235116397164,0.3378836126872067,0.2845450209971968,0.10316393147609054,0.6047642695407577,-0.0030268659421514577,0.5684449620375673,0.2846199954596459,0.09346623460827269,-0.06607564960027264,-0.06547191694468472,0.26762779643475204,-0.0029525545811648624,0.458263739330272,-0.08583104494701561,-0.0030268659421514577,0.2846211234742197,0.015523611211779226,0.5844000820689257,-0.0030268659421514577,0.2658073111961309,0.06853961323040977,-0.0030268659421514577,0.5626267796202149,-0.0030268659421514577,0.3309169823404761,-0.06602350748117734,0.285672388119822,0.5721618320817528,-0.0028539051454583853,0.03286020367412626,0.06225505022226896,0.1310716722638753,0.8087927036128305,-0.0005474827634639745,-0.06622072302131156,0.2845450209971968,-0.016092591246994747,0.3008790811718134,-0.0030268659421514577,0.2853275142745659,0.2660107540202121,-0.0030268659421514577,-0.06612365709458379,-0.0030202364703360574,0.285672388119822,-0.0028557346814410134,0.11545727449717885,0.2658073111961309,-0.0662766750800936,0.29065050765384715,-0.003013425972755862,0.5692207863546626,0.2846199954596459,-0.06818885255622374,-0.06622072302131156,0.27218851507443,-0.0030268659421514577,-0.004512845059692655,0.35946375611870474,0.2846211234742197,-0.003017234288150622,-0.06542122972994727,-0.00301888247041468,0.005190349249933501,0.07770241951608547,1.196059976669971,-0.0030268659421514577,0.0042238402312358425,-0.0030268659421514577,0.322526916627313,0.09220211624437266,0.26630865909603346,0.5674016063755577,0.4602548265082962,0.03903882511839372,1.2039446798053155,-0.004512845059692655,-0.0030268659421514577,0.5683267379345754,0.32595267904033276,-0.06622072302131156,-0.06622072302131156,-0.034047761333323656,0.09183852799643791,1.1075535776662204,-0.0661577496748635,0.27551231323767,0.4212773904546685,-0.06622072302131156,-0.07151808014486359,0.7655776457827581,-0.06622072302131156,0.32223908386228073,0.4433434732421978,-0.004600706619710376,-0.0660452814721087,0.2952453069410571,-0.0030268659421514577,-0.08549452384628736,-0.06622072302131156,0.28956398230044,0.02786802893702084,-0.06342350542898602,0.5741261196587419,0.5741261196587419,-0.0009260192855783944,-0.06376099778971588,-0.0030268659421514577,-0.0625534279951403,0.569662828098684,0.5683021794024081,0.1382675371028954,0.284633820230722,-0.0030268659421514577,-0.0030268659421514577,0.4602684310492641,-0.0030268659421514577,0.2775730687068554,-0.06614237579127177,0.5689934480708284,0.1223165529114463,-0.004009415749235384,0.004667377531970773,0.09183745460485648,0.006126693752613183,-0.06624412519684005,0.5683267379345754,-0.06624253760563749,-0.06612058193502143,0.09201046526766504,-0.0030268659421514577,-0.002453043743516403,-0.0030268659421514577,-0.0028408631287349106,-0.058313646735165744,0.7092531006346171,-0.06344863792187334,-0.002952563038332384,0.5841523335381896,-0.0704447787940729,0.10895645540062418,-0.06612365709458379,-0.021230363049014857,0.5686545839354651,0.1466721579975184,0.5684449620375673,0.6621790462754993,0.26391331182175876,-0.06421761572205478,0.5692827369991605,0.6280945654234298,0.003818964142812853,-0.0023874316926750516,-0.0030268659421514577,0.26595766897156503,-0.067884032516464,0.006984431946741282,-0.0030268659421514577,-0.06620291279968621,-0.002952563038332384,-0.0030268659421514577,-0.0030268659421514577,-0.002887349267508721,0.2846199954596459,0.5693114145350283,-0.01714030697655035,0.039163606033265574,-0.06348192670222332,-0.002502239802025019,-0.0030268659421514577,-0.002318461017693896,0.285672388119822,-0.0028557346814410134,-0.06607257259579566,0.6011110952467901,-0.002464166149970526,-0.0014390654980932782,0.07242715226798818,-0.08667963984738664,-0.0023826014955886654,0.0025878064728815375,0.2664677898577308,-0.0030268659421514577,-0.0029605385955460695,0.4258586865576862,-0.06624412519684005,0.6750822657086298,0.33143929860532206,0.2969285220281743,0.2846906125393019,0.3250703817117984,0.2658073111961309,0.37780531527310374,-0.0030268659421514577,-0.0030268659421514577,-0.0028557346814410134,-0.06419862956377535,-0.061562778507795055,-0.0030268659421514577,-0.06612365709458379,0.2658073111961309,-0.0646551084647677,0.004423402918396907,-0.0030268659421514577,-0.06356973580761574,-0.002822729576508143,-0.0027834162008529006,-0.06607135187161908,-0.06611310819775126,0.5791650282983026,-0.0661577496748635,0.28462900954234677,0.2659994986942529,0.28082596348073685,0.5720988872588854,-0.0030268659421514577,-0.06612365709458379,0.4744047752139521,-0.008505157812415232,0.5844244044877219,-0.0027052151969015337,-0.06623203978592777,-0.03553371387250618,0.0014518936012004047,0.29581352278847667,-0.06622072302131156,0.006905143409938558,-0.0030015816424849573,-0.0030015816424849573,-0.016388749855166612,0.08362770973286365,0.2658073111961309,-0.0030268659421514577,0.014357860128462824,-0.0029605385955460695,0.5710493546418611,0.4363481438553147,0.32624609868843835,0.0025878064728815375,0.2958385548545269,0.2845450209971968,0.5699102314260209,-0.004529685731023747,0.11865514069978042,-0.0030268659421514577,0.157133944149925,-0.06423456633705657,-0.0012349731597405822,-0.03370719785871585,0.03024450404123938,0.2665622076946599,-0.0030268659421514577,0.02966464476802083,-0.0030268659421514577,-0.04863825312880457,-0.0030268659421514577,-0.06426950654191957,0.0925433811378494,0.37283908590460035,0.06617456027754859,0.2667238038638138,-0.0030188880335143,0.264151688952774,-0.001844529116295096,0.010231032458830419,-0.06612365709458379,0.2658922418422043,0.06192893342242667
chr9:35489951:35489952:NM_014806:RUSC2,0.2915180991698471,0.11647323510634063,0.0979687102701795,0.23936265842752819,0.13344507659130372,0.3033937866736131,0.2421963499462435,0.10126875397153795,0.2609134032739415,0.6014823962671982,0.5615729513388119,0.025621664669742805,0.14143235610257793,0.3181905101737336,0.8899922009248362,0.10126875397153795,0.23946681667137384,0.3804135580762016,0.07016634056138782,0.3481832087017668,0.1787737851591193,0.5593589317694657,0.2193204916446288,0.09857553868330698,0.3136669463714897,0.3481832087017668,0.23936265842752819,0.09828795753950137,0.4128902769091682,0.2426055624326799,0.32186767175529063,0.33393158064401257,0.2907895108281367,-0.08107380077487847,0.5390598312873802,0.35232828937853145,0.018355918736548515,0.3136669463714897,0.28553391482971796,0.18373603420344126,0.3136669463714897,0.23936265842752819,0.6189965684821307,0.09852536647032467,0.30755208429186326,0.2408939880044906,0.015155315507828615,0.2426055624326799,0.0065399742478267076,0.9821886433953226,0.35568526181385324,0.31423700941295696,0.657727393394497,-0.01549155198271418,0.8902201490098298,0.0979687102701795,0.23936265842752819,0.8899922009248362,0.32139792556311203,0.3136669463714897,0.35568526181385324,0.015155315507828615,0.033500429339358984,-0.08102477029571709,0.29568816644441376,0.23936265842752819,0.23936265842752819,-0.08107380077487847,0.13006312238752166,0.24633806349470472,0.006555278448557189,0.10136668284072048,0.8900151110683432,0.2526197702139119,0.4128902769091682,-0.08108104847873421,0.31983237645809603,0.06744853145446522,0.2966559526124823,0.3136669463714897,0.23936265842752819,0.1787720575107083,0.23936265842752819,0.8905399130066738,0.30897775025235447,0.23936297371077633,0.3136669463714897,1.0692153535096258,0.015155315507828615,0.3705574548146605,0.006505289248076862,0.24632691286044217,0.8985879553816755,0.027505997776270052,0.06447974783406019,0.8902737152561269,0.0977429865625179,0.2640898591570808,0.06646237995047216,0.06690782268935241,0.17950579701599345,0.21204092517003875,0.012741934529791832,0.0979687102701795,0.314365991724093,0.11725433355470126,0.13573586017983308,0.6413959380635045,0.3705574548146605,0.18881824665418645,0.06744255190093323,0.17255500257347706,0.37995295397958356,0.3136669463714897,0.3469892578191993,0.025296505575162664,0.32219153345465684,0.2392501477724273,0.3136669463714897,-0.09357134715865051,0.006505289248076862,0.23936297371077633,0.6010441819915966,0.3136669463714897,0.21130821157497187,0.31301791989147465,0.006505289248076862,0.006505289248076862,0.29789071661977923,0.0979687102701795,0.018506236557429445,0.23936265842752819,0.025364809592823778,0.06691610882118249,0.3136669463714897,0.0674499014905589,0.0674499014905589,0.3140407748733843,0.3711466242558526,0.006505289248076862,0.3273681284563347,0.25528061331938706,0.31374774242425585,0.1996407465100265,0.31724936570545936,0.006505289248076862,0.06690782268935241,0.2907161169908128,0.03350029321462594,0.3176732643941948,0.23923758287358038,0.23936265842752819,-0.022821061206839466,0.06828394938641791,0.2830334232206793,0.09618602623189487,0.23936265842752819,0.006505289248076862,0.31423700941295696,0.23936265842752819,0.3136669463714897,0.1300629579685209,0.018355918736548515,0.0068210308168359934,0.018355918736548515,0.23936265842752819,0.3781245541392101,0.2898146618576576,0.8902563138489705,0.0068210308168359934,0.37841285777364975,0.27385946613667683,0.2868648074287787,0.3136669463714897,0.2299699591887432,0.23936265842752819,0.32490966109261626,0.3136669463714897,0.2747955974276539,0.8902563138489705,0.3136669463714897,0.23936265842752819,0.42120058645509906,0.31877569609279505,0.2976438795628297,0.018355918736548515,0.2392501477724273,0.317883380987009,0.3164645960756647,0.018355918736548515,0.17255500257347706,0.03350029321462594,0.3136669463714897,0.018355918736548515,0.32785809146553335,0.24741879429405694,0.3273681284563347,0.2393690627252585,0.19992513402028853,0.3136713130174852,0.11653134447651925,-0.01549155198271418,0.23936265842752819,0.1255072934623177,0.0669440513198174,0.23936265842752819,0.31557687599286977,0.02238849766578338,0.0065126868408150185,0.23883817694528892,0.026767556200898657,0.03387750104019055,0.07776143619432074,0.894239048615673,-0.01549155198271418,0.23936265842752819,0.17426768536969367,0.006505289248076862,0.31468979335806285,0.23942796562873067,0.18326230546992897,0.08828816456240823,0.08855798362229944,0.39939623521756684,0.3514043157693473,0.31423700941295696,0.06690782268935241,0.07004955847959765,0.00661644665522737,0.32949108615801864,0.006505289248076862,0.3481832087017668,0.006505289248076862,0.23956412892640255,0.18657461504046519,0.06690782268935241,0.2393668059257274,0.006505289248076862,0.008471354915361329,0.3136669463714897,0.31369229186166325,0.23936265842752819,0.23936265842752819,0.24632691286044217,0.3136669463714897,0.31366838229458077,0.2392436948985531,-0.01549155198271418,0.3136669463714897,0.3465812753715788,0.022418235875034664,0.006536581022564603,0.007659009361226987,0.23936265842752819,0.050505035709226015,0.3200199369310938,0.26669174776089716,0.3136669463714897,0.33375039581383337,0.1787720575107083,0.1787720575107083,0.0338773653788495,0.4224570855128563,0.006505289248076862,0.018355918736548515,0.06691656288380521,0.3947735604461315,0.31440147066637253,0.48950252570431363,0.0068210308168359934,0.3278640846899813,0.17950579701599345,0.09490044909799566,0.32738192127986676,0.37055035737787945,0.2025721835339992,0.018355918736548515,0.16903886265744672,0.23936265842752819,0.02786618160667198,0.1595624972549537,0.31809311477748425,0.8899922009248362,0.006505289248076862,0.006530971796625262,0.06819431266726222,0.3949627750988001,0.018355918736548515,0.09857553868330698,0.8899922009248362,0.1787720575107083,0.3136669463714897,0.37995295397958356,0.07001253816599096,0.1658588107891178,0.37072489949949416,0.09796886418034256,0.3136669463714897,0.3136963870839132,0.006505289248076862
chr9:35829224:35829225:NM_016446:TMEM8B,0.08278939192733198,0.46526031196187223,0.003940648542168329,0.07573618659988832,0.015587544445317791,0.4658958573287518,0.015691877399601983,0.00385260952592284,0.27274754956813846,0.1337265380483917,0.05771074413069743,0.051228246299433206,0.14557918024757552,0.22424525372952928,0.3543819754829454,0.13561517931870312,0.45028212329074757,0.5912706091522384,0.08784198613282274,0.00498791913611929,0.016104059136190035,0.41900023296349365,0.0038598741420864113,0.13562214762940492,0.07575908169810244,0.0050232070761548064,0.3524684690120329,0.003734269850332511,0.0038362916492424015,0.015810072312105072,0.17282868367374632,0.8049853309181423,0.16546596890894635,0.07752247054702294,0.41373883307412385,0.23854900330897277,0.003782970244709777,0.07581436117569482,0.0055902628577084446,0.3734260067418965,0.3546562118102084,0.3560755349675085,0.05789239141978181,0.0037459943301540177,0.6473743774917918,0.20090588712534563,0.0037476526477298877,0.027637883958957526,0.003771405929483135,0.07586981332757486,0.20351431235918613,0.07706420986274332,0.05771074413069743,0.003791074579353987,0.4086579071591162,0.0037476526477298877,0.11954950868934905,0.5061434006482972,0.05814004898640235,0.22572013470960256,0.20345649369131685,0.0274855837169328,0.1242860348694933,0.2828124261405498,0.19212800962031146,0.07568690373907166,0.0755545104072079,0.027871212304555026,0.12421928018727202,0.045061011946680024,0.003771405929483135,0.005097251506981149,0.3528692271310419,0.0038945475673646812,0.01574362185190109,0.07599244058390256,0.2071300314135582,0.08889271068137758,0.24119179772281607,0.07567669045974162,0.3551076628198139,0.003922833238830942,0.32107315826400995,0.015616517538905722,0.09706861310177245,0.35504382526212236,0.00383740375616351,0.18062117541220968,0.0037476526477298877,0.25436277005747665,0.01578491013765712,0.043285835779942605,0.002040479586976951,0.22360036062390162,0.1242860348694933,0.3553835340533868,0.28330108623758304,0.6577080154247569,0.003960449825312823,0.2650961367569776,0.003791074579353987,0.06013296136733373,0.20891951396067573,0.004058562885018019,0.35371244085256076,0.6140953663435904,0.08620912230449959,0.4633558015009793,0.2555651293243529,0.003782970244709777,0.225897426529173,0.015791238740789304,0.07575865878715196,0.015601800690137058,0.41025087868147897,0.18889133287077486,0.6365814514535533,0.35497523461225006,0.004169574409772642,0.1256241150703027,0.3546919231710209,0.3534574277488914,0.3479971935512892,0.35412471785087823,0.04688070828518745,0.8235247469779763,0.055682787959224656,0.35443637471611183,0.082889867938269,0.016986114480344955,0.2006616091853788,0.35435662047327565,0.08290770015673682,0.003844504171420793,0.35708591372699866,0.0776323978785945,0.0776323978785945,0.01529630302204435,0.1332835343006427,0.07369168505211865,0.15057442334566323,0.13928649384242475,0.21328328718269648,0.02494320254553939,0.04483880290649786,0.0038281863663260363,0.003844504171420793,0.23063231352305752,0.0038281863663260363,0.06374354108113761,0.015452827641130928,0.11957699669566837,0.25760900484536076,0.003802846881642119,0.022200293865767218,0.06804429643338478,0.22427662659255426,0.028033567178435137,0.35286724993593876,0.003649219450013119,0.3544496367867175,0.06915607567592927,0.003791074579353987,0.003780618653061424,0.003782970244709777,0.22567166444269376,0.37100888739981075,0.30900966873758784,0.3529785813707807,0.07845152538731143,0.00388273625925456,0.36776318392445884,0.037027177682805335,0.07565870282468956,0.09336999599750284,0.07573618659988832,0.14507476966462415,0.07581436117569482,0.0697353557632481,0.22196011396468093,0.0042263342536368875,0.07584042135914082,0.27171381213481904,0.015495757330798332,0.07583795941685667,0.003763970164422814,0.06463423753937589,0.14919607680141386,0.405677234785947,0.003931431391588053,0.015791238740789304,0.004086866695307445,0.0039136259372613,0.0037476526477298877,0.19851786943535654,0.04330591137094095,0.07566662511771488,0.018943979986220716,0.18197349206886249,0.35406132425226233,0.015553213719339876,0.003782970244709777,0.0037476526477298877,0.08202516871669677,0.1059356543096181,0.35436988264980085,0.37353869574868503,0.09574032707208133,0.1213093609635266,0.18281195224602206,0.19809961470228346,0.20484593681051003,0.027510307501887432,0.3576685403415664,0.003791074579353987,0.07573618659988832,0.01574046446526245,0.003853721718009878,0.14473685029200767,0.11735577854383308,0.21329856283441587,0.13519735222340296,0.04494728195924849,0.016509094023802795,0.43385962606679784,0.07705731438178559,0.003976646019264923,0.10592121219022305,0.015136778393036482,0.34587734432156975,0.0038945475673646812,0.07589828691111386,0.07566980212089092,0.006329664745702512,0.09593264370792806,0.003771405929483135,0.24671466407308976,0.05956642618030519,0.09337680117316513,0.3550911597439798,0.41023167757512935,0.37394429201146867,0.3546919231710209,0.05735333527154807,0.14901114635151325,0.004154922974014652,0.3616252828171828,0.003782970244709777,0.07584042135914082,0.3671984713959893,0.09587073054011089,0.12861076547727632,0.014946409409465011,0.3524684690120329,0.3548276173019093,0.28863914695308535,0.005610832986626402,0.07579144605180807,0.11976276332211166,0.044384056016744694,0.044384056016744694,0.19940790603094508,0.07058052240879181,0.003874508267513843,0.0037476526477298877,0.02768372318085971,0.004172341529763118,0.44809624283023863,0.9177714566519094,0.36870126433837086,0.09330439660242446,0.005596824115419313,0.0038346638191338045,0.372457535759366,0.36141269504514095,0.09485943589703283,0.003782970244709777,0.2572414263805377,0.11721395989534542,0.007478092635676142,0.19790858394635133,0.13171034470229587,0.19030867644719013,0.11939048973746574,0.10591809936133317,0.003924576694945753,0.05705735411992938,0.003782970244709777,0.13635541109089042,0.14355065871197142,0.13177421806584896,0.10061544926979624,0.12392203050777617,0.07554850639346564,0.015213004194708307,0.3755508157694564,0.1260736602852259,0.35458993090891927,0.004049562796282213,0.004252751970717089
chr9:68356898:68356899:NM_021965:PGM5,0.03585036619010595,0.03585036619010595,0.004509049197956028,0.5174899192472734,0.03585036619010595,0.08201725269230808,0.007518146485238075,0.03585036619010595,0.03585036619010595,0.011332226940926504,0.004509049197956028,0.004509049197956028,0.03585036619010595,0.03585036619010595,0.004509049197956028,0.03585036619010595,0.5175709581588199,0.040489989126628045,0.004509049197956028,0.004509049197956028,0.007608922418939401,0.2473087424641549,0.30567732009734117,0.004509049197956028,0.004509049197956028,0.004509049197956028,0.5174899192472734,0.24354743118318933,0.004509049197956028,0.004509049197956028,0.004509049197956028,0.004509049197956028,0.004509049197956028,0.08201725269230808,0.2473087424641549,0.004509049197956028,0.004509049197956028,0.004509049197956028,0.005787128773586003,0.01063980369103168,0.004509049197956028,0.5174899192472734,0.004509049197956028,0.03585036619010595,0.004509049197956028,0.028270056735514748,0.004509049197956028,0.004509049197956028,0.004509049197956028,0.004509049197956028,0.004509049197956028,0.028270056735514748,0.004509049197956028,0.004509049197956028,0.004509049197956028,0.004509049197956028,-0.0012722246532091974,0.5174899192472734,0.004509049197956028,0.5174899192472734,0.004509049197956028,0.004375306476205654,0.004509049197956028,0.04859104066007003,0.03585036619010595,0.004509049197956028,0.004509049197956028,0.2470933652451206,0.004509049197956028,0.004509049197956028,0.004509049197956028,0.004509049197956028,0.028316528502548732,0.3443301300575561,0.004509049197956028,0.03587468361981705,0.004509049197956028,0.004509049197956028,0.004509049197956028,0.004509049197956028,0.004509049197956028,0.004509049197956028,0.004509049197956028,0.004509049197956028,0.004509049197956028,0.028270056735514748,0.004509049197956028,0.13326922479208692,0.004509049197956028,0.004509049197956028,0.004509049197956028,0.004509049197956028,0.004509049197956028,0.004509049197956028,0.004509049197956028,0.004509049197956028,0.004532691856086957,0.004509049197956028,0.004509049197956028,0.007518146485238075,0.004509049197956028,0.004509049197956028,0.004509049197956028,0.5174899192472734,0.9586326176417858,0.004509049197956028,0.004509049197956028,0.004509049197956028,0.004807313145063219,0.004509049197956028,0.03585036619010595,0.013344948601832773,0.004509049197956028,0.5174899192472734,0.004509049197956028,0.004509049197956028,0.03585036619010595,0.9597501356646155,0.5174899192472734,0.004509049197956028,0.004509049197956028,0.028270056735514748,0.011332226940926504,0.004509049197956028,0.004509049197956028,0.008965904239545686,0.004509049197956028,0.9597501356646155,0.19936985086178716,0.004509049197956028,0.028240665866320125,0.004509049197956028,0.05283638794676171,0.004509049197956028,0.5174899192472734,0.004509049197956028,0.004509049197956028,0.004509049197956028,0.004509049197956028,0.028270056735514748,0.004509049197956028,0.004509049197956028,0.005404496686156723,0.0023814832062816205,0.004991647774725383,0.004509049197956028,0.004509049197956028,0.004509049197956028,0.004509049197956028,0.006217360325060373,0.5174899192472734,0.5174899192472734,0.004509049197956028,0.004509049197956028,0.004624531592373193,0.004509049197956028,0.004509049197956028,0.004509049197956028,0.028270056735514748,0.004509049197956028,0.004509049197956028,0.004509049197956028,0.004509049197956028,0.004509049197956028,0.004509049197956028,0.004509049197956028,0.028270056735514748,0.03585036619010595,0.004509049197956028,0.5174899192472734,0.03585036619010595,0.00571850163762988,0.007667728289084352,0.5174899192472734,0.002862501677939999,0.5174899192472734,0.0028463082040359744,0.004509049197956028,0.006201602019936692,0.004509049197956028,0.004509049197956028,0.5174899192472734,0.027482125478553776,0.004509049197956028,0.004509049197956028,0.004509049197956028,0.028552190724928317,0.005112820373671445,0.04990055002630567,0.004509049197956028,0.00571850163762988,0.004509049197956028,0.004509049197956028,0.004509049197956028,0.004532205551377233,0.0021731217032343597,0.004509049197956028,0.0044932637195190805,0.005105304960834056,-0.0012722246532091974,0.043295059338073205,0.004509049197956028,0.004509049197956028,0.008965904239545686,0.004518601050830906,0.004509049197956028,0.5175579778139426,0.05153074428391968,0.004509049197956028,0.30631683938008036,0.028270056735514748,0.004509049197956028,0.004807313145063219,0.5174899192472734,0.004509049197956028,0.004509049197956028,0.004509049197956028,0.004509049197956028,0.004807313145063219,0.5098246087734332,0.06462791085216746,0.004509049197956028,0.004509049197956028,0.004509049197956028,0.004509049197956028,0.004509049197956028,0.004509049197956028,0.004518601050830906,0.03585036619010595,0.011776563094739845,0.004509049197956028,0.004509049197956028,0.004509049197956028,0.5236680082580144,0.007468614396151874,0.004509049197956028,0.03299772496669895,0.004443918236377686,0.007468614396151874,0.9597501356646155,0.9597501356646155,0.004510816858051991,0.004509049197956028,0.0021731217032343597,0.0038207037820888745,0.5174899192472734,0.004509049197956028,0.004509049197956028,0.004509049197956028,0.5098246087734332,0.007468614396151874,0.029564972352459695,0.004509049197956028,0.004509049197956028,0.004509049197956028,0.012353943457556582,0.004509049197956028,0.004509049197956028,0.004509049197956028,0.004509049197956028,0.004509049197956028,0.004509049197956028,0.004509049197956028,0.004509049197956028,0.004509049197956028,0.005112820373671445,0.004509049197956028,0.028270056735514748,0.09411820236953972,0.028270056735514748,0.00754189341657896,0.004509049197956028,0.004509049197956028,0.004509049197956028,0.004509049197956028,0.007679644043265599,0.004509049197956028,0.004509049197956028,0.5098246087734332,0.03587929026274217,0.02831841443856764,0.004493390626302607,0.5165093456363125,0.004509049197956028,0.004518601050830906,0.004509049197956028,0.004509049197956028,0.004509049197956028,0.004509049197956028,0.004509049197956028,0.004509049197956028,0.004509049197956028,0.5185006686612379,0.004509049197956028,0.004509049197956028,0.007518146485238075,0.004509049197956028,0.004509049197956028,0.004509049197956028,0.026339091776540924
chr9:76692415:76692416:NM_001308051:PRUNE2,0.9299609968676339,0.29897364283305206,0.29967849934671587,0.07358581806735631,0.03858119984064956,0.46832617120462533,-0.0062053550711683725,-0.006678027347780446,0.2475411013218144,0.33872944746232525,0.45248895691920404,-0.002007817721692451,-0.006678027347780446,0.39649340495601293,-0.0021720049300284483,-0.006678027347780446,0.07358581806735631,0.34756789540647803,0.7021488929958773,0.23459028179463604,0.07478702603746168,0.3050753468253702,-0.006678027347780446,0.6016571779454966,-0.0021720049300284483,0.23459028179463604,-0.0021720049300284483,-0.006928084555596126,0.1989156661601078,0.022213583395507164,0.27409090961814436,0.21595036744491147,0.29353296575027,0.032112397543350935,0.333311781063779,-0.006678027347780446,-0.0021720049300284483,-0.0021720049300284483,-0.00667395728620801,0.031197606204257045,-0.0021720049300284483,0.015479623085823624,0.46582218817288984,0.4579064236711581,0.38614152669532964,-0.0021720049300284483,-0.0021720049300284483,0.10211546318000508,0.005048025536291467,0.07225896164458001,0.20630438886825364,-0.0021720049300284483,0.45248895691920404,-0.006678027347780446,-0.0021720049300284483,0.20859905940787715,0.03717304784927522,-0.0021720049300284483,0.1910639255550458,-0.0021720049300284483,0.1992077309698923,-0.006369928723795937,-0.0016971952765783005,0.05774549366862902,0.777776532892257,-0.0021074993449987645,-0.0021720049300284483,0.0032021199769581843,0.003031213862781823,0.3237346999166245,0.005039834489681261,-0.0021720049300284483,-0.0021720049300284483,0.042600181101927204,0.19892035422555487,-0.0021720049300284483,0.1910639255550458,0.000210764037656741,-0.0021720049300284483,-0.0021720049300284483,-0.0021720049300284483,0.011240942172529356,-0.0021720049300284483,-0.0021689708777338224,0.03150835934929275,-0.0021720049300284483,-0.0021720049300284483,0.258816419971892,-0.0021720049300284483,-0.002086587889547742,0.20859905940787715,0.0112949627302521,-0.0021720049300284483,-0.0021720049300284483,-0.0019224191674610536,-0.0021720049300284483,0.02950400788872054,0.2373876536405768,-0.0021720049300284483,0.023052521490496525,-0.006678027347780446,0.3340817894401038,0.042602565276249615,0.07455575567836781,-0.0021448827721501917,0.3367040546376616,0.011240942172529356,0.30974137602882285,-0.002086587889547742,-0.0021720049300284483,0.20614028134080153,-0.003673439991204952,-0.0021720049300284483,0.07629148660390217,-0.0021720049300284483,0.22236258861344926,0.9646464881289896,0.12763328193013235,-0.0021720049300284483,0.05745466940779165,-0.0021720049300284483,-0.0021720049300284483,0.38047776400308786,-0.0021720049300284483,0.32398483222463265,0.38614152669532964,-0.0021720049300284483,-0.0021720049300284483,0.23196692453657208,-0.0021720049300284483,-0.002457727101164653,-0.0021720049300284483,0.2847279222934537,0.02608141954075649,-0.0021720049300284483,-0.002086587889547742,-0.002086587889547742,0.005201449540903735,0.3523977510777446,-0.0021720049300284483,-0.0021720049300284483,-0.0021720049300284483,-0.0020200074538107016,-0.04042123248675411,0.27460442562685633,0.33549822403965385,-0.0021720049300284483,0.20179065761091186,-0.0021720049300284483,0.26309046015230836,-0.0021720049300284483,-0.0021720049300284483,-0.0021720049300284483,-0.0021720049300284483,0.01583166945341219,-0.0021720049300284483,-0.0021720049300284483,0.01673125449524382,-0.0021720049300284483,-0.0021720049300284483,-0.0021720049300284483,-0.0021720049300284483,-0.006678027347780446,-0.0021720049300284483,-0.0021720049300284483,-0.0021681517196909805,-0.0019101455406707046,0.7561625422131326,-0.0021720049300284483,0.02631358025406494,0.07698365034101351,-0.018628969155901842,-0.02927380969690696,-0.0021720049300284483,0.20742390776989283,-0.0021720049300284483,-0.0056190735650364365,-0.0021720049300284483,0.2443166750248234,0.026679914163205143,0.042600181101927204,0.07358581806735631,0.08219164143992697,0.20614028134080153,0.026316295468608475,-0.0021720049300284483,-0.0021720049300284483,-0.0021074993449987645,0.0012277183632654065,-0.0021720049300284483,0.02768649561223102,-0.0021720049300284483,0.31004877155915556,-0.0021720049300284483,-0.0026596429881678985,0.10999673204152371,-0.0021720049300284483,-0.0020842139434980034,-0.05594025849787754,0.03717304784927522,-0.0111448232071778,-0.006678027347780446,-0.0016174213747788269,0.1957714176939156,-0.0021720049300284483,-0.0021720049300284483,0.0032514992292302924,0.21726578477850012,-0.0021720049300284483,-0.0021720049300284483,-0.05155029787241383,0.0029785448141055326,0.02608141954075649,-0.0021720049300284483,-0.006678027347780446,-0.0021720049300284483,0.042600181101927204,0.01673125449524382,0.16003024631069707,0.03717304784927522,0.11650466246428504,-0.0021720049300284483,0.06868489475956108,0.3097000218726593,0.27604941462965027,-0.0021720049300284483,0.3682379035525365,-0.0021720049300284483,-0.002114029572124254,0.13336094765243045,-0.0021720049300284483,-0.0021720049300284483,-0.0021720049300284483,0.024500604380822133,0.03130041785313398,-0.006678027347780446,0.004994922292018922,-0.0021720049300284483,0.026946286656347795,-0.0021720049300284483,-0.0021720049300284483,0.07358581806735631,-0.0021720049300284483,0.22512234510935558,-0.0021720049300284483,0.07358581806735631,0.3122385086212852,-0.006678027347780446,-0.0021720049300284483,0.11347203050552135,0.045108993245871365,-0.006678027347780446,0.04922994646057277,-0.0021720049300284483,0.046511182803038675,0.1312221468479352,-0.05155029787241383,-0.0021720049300284483,0.0007060689329423386,-0.0021720049300284483,-0.0021720049300284483,0.0029785448141055326,0.8888739933497773,-0.0021720049300284483,-0.0021720049300284483,0.016823669219721893,-0.0021720049300284483,-0.0021720049300284483,0.3987567096737363,0.24932012555243188,-0.03054647718741499,-0.05155029787241383,0.19892035422555487,0.012572030820759639,-0.0021720049300284483,0.018796686447595135,-0.0021720049300284483,0.26526261152743297,0.03578415156137793,-0.0016791770765177683,-0.0021753179998236227,-0.006733738084214513,0.07358581806735631,-0.0021720049300284483,-0.0021720049300284483,-0.0021720049300284483,0.28117189494310413,-0.006678027347780446,-0.0022472554186461213,-0.00208934132000127,-0.0021720049300284483,-0.0021720049300284483,-0.0021448827721501917,-0.0022248845879704326,0.1546189301373304,0.0018795027836238098,-0.0019142930809374903,-0.0021720049300284483,-0.0021720049300284483,0.31004877155915556
chr9:78031449:78031450:NM_002072:GNAQ,0.038063066767568376,0.15492540000188904,0.0006678011634823622,0.20495330647473328,0.000665672820782226,0.1641986031034475,0.01157876749944775,0.012677143846792471,0.12367852859820541,0.013705071248354933,0.11702545846970719,0.0013129795933501942,0.0007100025337899996,0.03896756699717355,0.5041722552502402,0.000665672820782226,0.20883081093604308,0.17600757753439208,0.013880092982757553,0.000665672820782226,0.011085399591840461,0.021742429736071878,0.02400703181089009,0.0006875678507085592,0.22795037072209967,0.000665672820782226,0.21281716032718256,0.02499335707729486,0.000665672820782226,0.02861165156829304,0.3067793382018277,0.34229599192556626,0.0006677204716893925,0.13655320281567382,0.011556069473481811,0.2049701698078851,0.000665672820782226,0.22795037072209967,0.009473231941087679,0.0008967125206703619,0.20495330647473328,0.21281716032718256,0.014179601357439509,0.0006845465373214177,0.040555310986142484,0.002018428306536091,0.000665672820782226,0.008251362341486768,0.22795037072209967,0.10126297346301316,0.10660296808832428,0.2759725162256795,0.1147390370589807,0.10896685545834972,0.2759725162256795,0.000665672820782226,0.5041722552502402,0.000665672820782226,0.01162098867643957,0.2759725162256795,0.11134749539409172,0.12363591410625235,0.0010978271712940857,0.007370704819893437,0.36589624308636604,0.22795037072209967,0.20495330647473328,0.13206293289107987,0.002315537041194582,0.023959458442822157,0.000665672820782226,0.000688026068631109,0.000665672820782226,0.20495330647473328,0.012677143846792471,0.0007050721519277214,0.01162098867643957,0.04028798410324111,0.001590563643622367,0.22795037072209967,0.21281716032718256,0.11434933515496337,0.007701826852632737,0.505446707207954,0.11611269294912846,0.27185380801227127,0.000665672820782226,0.05607947462893087,0.000665672820782226,0.5363926054558089,0.11481187691474568,0.22795037072209967,0.000665672820782226,0.000665672820782226,-0.0046602647202274305,0.22561816573680596,0.23838716256288486,0.3719812535177157,0.002538557810342734,0.007992263759371676,0.10896685545834972,0.03744930671931082,0.019381001509419515,0.22801303946987514,0.50070171337294,0.015006634679569836,0.02799037956386119,0.34070201943636863,0.22795037072209967,0.000665672820782226,0.21281716032718256,0.0009654683127136576,0.21281716032718256,0.000665672820782226,0.2294504304102244,0.020290714200947413,0.046657315372045094,0.34011931592356315,0.2759725162256795,0.12867471748462553,0.20495330647473328,0.21281716032718256,0.02641331705173333,0.000665672820782226,0.01945507366536503,0.1534516520041053,0.000665672820782226,0.000665672820782226,0.1939443391165815,0.000665672820782226,0.0012743205110096745,0.20495330647473328,0.3250480871331468,0.22796950450637743,-0.005398005062651173,0.22795037072209967,0.22795037072209967,0.2860911390296638,0.0006768661299930145,0.22795037072209967,0.20683071493120295,0.20495330647473328,0.22512543585962516,0.15712571188109578,0.21581190868634884,0.000665672820782226,0.001590563643622367,0.0006683846106667612,0.000665672820782226,0.29182054811184066,0.20495330647473328,0.9163995115820209,0.000665672820782226,0.0395332467569377,0.007179247015120682,0.019353600525173487,0.0011380588235863076,0.000665672820782226,0.22795037072209967,0.20495330647473328,0.000665672820782226,0.02702973569018441,0.000665672820782226,0.0006683846106667612,0.000665672820782226,-0.005398005062651173,0.2266895541535997,0.029826898310112787,0.20495330647473328,0.0006881067890491255,0.0257752671472935,0.011388003773423416,0.14040795593904717,0.20495330647473328,0.34079250528148597,0.22795037072209967,0.1407328572508751,0.22795037072209967,0.14411464488812514,0.22513704638363952,0.22795037072209967,0.20495330647473328,0.5507993114506478,0.10948453568171901,0.20495330647473328,0.000665672820782226,0.22795037072209967,0.22818097753235111,0.26019026337475404,0.000665672820782226,0.0009654683127136576,0.2759725162256795,0.000665672820782226,0.000665672820782226,0.25778692673318665,0.013331298460620311,0.20495330647473328,0.1090422981733726,0.10726765226563739,0.5046344608871277,0.10919209626283291,0.000665672820782226,0.22812162470394404,0.0036124617582497243,0.002356892519462639,0.000665672820782226,0.2879123819757666,0.4132555388334404,0.001990113012451389,0.0006678011634823622,-0.0006502400532035213,-0.0030497457594609867,0.2288447994745515,0.22435238503012347,0.000665672820782226,0.22795037072209967,0.10063609438766713,0.000665672820782226,0.5155618884277696,0.3117109246734741,0.14735239504680164,0.10358137517187316,0.0011380588235863076,-0.0015309520234075835,0.04059537633575497,0.22795037072209967,0.20495330647473328,0.002356892519462639,0.000665672820782226,0.2809165884356049,0.000665672820782226,0.20495330647473328,0.22795037072209967,0.2344365367684249,0.009819774388894587,0.000665672820782226,0.2488154066687301,0.0010553082614049858,0.0065243885679904245,0.20495330647473328,0.21281716032718256,0.20495887455355283,-0.005398005062651173,0.009473394431795068,0.22795037072209967,0.2759725162256795,0.2759748992182807,0.000665672820782226,0.20495330647473328,1.0019267215573457,0.0065188971549813846,0.008532901685076144,0.034016080163015355,0.20495330647473328,0.000580543059588795,0.28039781917514334,0.10358147949669336,0.20495330647473328,0.002081212515415709,0.000964698892547633,0.000964698892547633,0.002315537041194582,0.06116071687467842,0.22795037072209967,0.000665672820782226,0.11042781804409235,0.22795037072209967,0.50070171337294,0.3827384089419125,0.000665672820782226,0.03562979054546389,0.10899119427991658,0.000703615304646299,-0.005398005062651173,0.0016285069724387702,0.1520973074690135,0.000665672820782226,0.008961106124323326,0.2558873893173222,0.011961722785870599,0.015601255838783412,0.34011931592356315,0.22435238503012347,0.000665672820782226,0.002356892519462639,0.0019599308789879366,-0.0015309520234075835,0.10896685545834972,0.0006881067890491255,0.0020694039231298755,0.10288582532929738,0.0006830378668775117,0.2170284835197854,0.003528191535668801,0.009989887140350151,0.10979549912637293,0.0006686076844615307,-0.005398005062651173,0.228998148872518,0.000665672820782226
chr9:89178767:89178768:NM_016848:SHC3,0.6440400277227415,0.521077937091531,0.7742578776346124,0.45323011856181633,0.06829338744725522,0.5201471665053676,0.045928206466586574,0.054178826337795805,0.523895896851091,0.6626909302588684,0.7784542235762778,0.46238487714548465,0.5323624188737321,0.7928517247909049,0.007054580277742528,0.05354533927064353,0.45323011856181633,0.5596571555540771,0.6127610882699261,0.5170941990587294,0.046027502794736386,0.12620082868869642,0.053643283883595294,0.23198298434125147,0.05641866236904991,0.5170941990587294,0.10459752852484105,0.053643283883595294,0.46517672960926726,0.46517672960926726,0.5552480575817826,0.07687638441484146,0.7742578776346124,0.5322453582555944,0.650869065868864,0.5314861793590908,0.45323011856181633,0.4532630079595805,0.5434298644073887,0.4740735403262455,0.007054580277742528,0.45323011856181633,0.6127069081472397,0.007054580277742528,0.6395059962742385,0.16318767905539877,0.45323011856181633,0.54057212813191,0.007054580277742528,0.06829338744725522,0.007063212068415647,0.007054580277742528,0.7625999447933706,0.45624807283964214,0.10459752852484105,0.5170941990587294,0.0072380142988442975,0.10459752852484105,0.6433591477180458,0.007054580277742528,0.007063212068415647,0.015545107613582132,0.022303804375207625,0.4651839507741772,0.6555140712026548,0.4532644070137235,0.007054580277742528,0.4706816096158645,0.024959345783339415,0.5277131682015981,0.007054580277742528,0.5302573430433003,0.10481462037875594,0.06725605695494397,0.05354533927064353,0.018377126863100113,0.6431750265747443,0.007975552396209507,0.007054580277742528,0.064344379164127,0.10459752852484105,0.45323011856181633,0.007054580277742528,0.0072380142988442975,0.5205366674214842,0.007054580277742528,0.45323011856181633,0.01588927718409311,0.45323011856181633,0.45348148805598093,0.45323011856181633,0.45323011856181633,0.007076563434594008,0.007077013498067386,0.007054580277742528,0.00726000028148216,0.47327127440038524,0.6199898903960164,0.007054580277742528,0.007122130315926678,0.5298368451491909,0.6202813437130579,0.5069770987087169,0.45323011856181633,0.31757342117792653,0.5455093003397442,0.5054702232380571,0.6210031890269173,0.0072380142988442975,0.5170941990587294,0.17130115754615416,0.007054580277742528,0.45323011856181633,0.45323011856181633,0.5040464500960453,0.4865476555310563,0.6271469489268497,0.45323011856181633,0.45323011856181633,0.4744662458176435,0.007054580277742528,0.10532501885941076,0.8190512629485254,0.45323011856181633,0.6202813437130579,0.661552703149472,0.007054580277742528,0.007054580277742528,0.024373172939598564,0.007054580277742528,0.7199955828486774,0.007054580277742528,0.026534531486637147,0.007054580277742528,0.007054580277742528,-0.04728732117437684,-0.04728732117437684,0.1833412269511024,0.047779194325841656,0.007054580277742528,0.014572956129789316,0.01438814505417324,0.453528649294782,0.03008426675184739,0.5333143155105381,0.007054580277742528,0.45323011856181633,0.639591893498743,0.00897546409598926,0.19220144308792042,0.45323011856181633,0.007054580277742528,0.09551540232782901,0.027179789845624858,-0.013926031336620959,0.5069770987087169,0.007054580277742528,0.0072380142988442975,0.10530108617945311,0.007054580277742528,0.45323011856181633,0.46517672960926726,0.45323011856181633,0.007054580277742528,0.45323011856181633,0.007054580277742528,0.048773884772822906,0.12236171712750749,0.10479070149666864,0.019790334912690888,0.06003526466711501,0.1057783742593843,0.025366072575098764,0.007054580277742528,-0.015790854919874475,0.007054580277742528,0.007054130194700969,0.4532630079595805,0.046027502794736386,0.4745725251472967,0.007076563434594008,0.45323011856181633,0.4532464253828047,0.014283330868973543,0.45323011856181633,0.45323011856181633,0.10479070149666864,0.45511623834571235,0.47835546352582703,0.45323011856181633,0.007054580277742528,0.45323011856181633,0.007054580277742528,0.45323011856181633,0.4654305333404167,0.5280759819734651,0.6851014049093606,0.056718289018083345,0.09138465944118979,0.009052981647758085,0.47434332396170636,0.45624807283964214,0.00708183114677946,0.6399583356547416,0.1627901921317026,0.007054580277742528,0.12984472460309648,0.021826874196258006,0.06064806423303093,0.10944808322433214,0.16318767905539877,0.1221240912464156,0.007120378582916975,0.45323011856181633,0.5170941990587294,0.007054580277742528,0.011253077301306758,0.0072380142988442975,0.45323011856181633,0.027148047725977897,0.48265213014465236,0.46557301416795044,0.053643283883595294,0.6126944394185985,0.6405520761796513,0.007054580277742528,0.007054580277742528,0.027803005884248666,0.046027502794736386,0.003918463505581116,0.007054580277742528,0.540019280893038,0.007054580277742528,0.007054580277742528,0.026232101824626985,0.007054580277742528,0.517416771844547,0.45323011856181633,0.007054580277742528,0.10459752852484105,0.4545744639254822,0.45323011856181633,0.45323011856181633,0.5280759819734651,0.45323011856181633,0.45323011856181633,0.6399270606688766,0.45323011856181633,0.45323011856181633,0.027366180364926718,0.4800559737965494,0.020821828835839107,0.007054580277742528,0.10459752852484105,0.00897583133427382,0.05732971176220075,0.5175058263145982,0.45323011856181633,0.007054580277742528,0.046027502794736386,0.046027502794736386,0.022298319226297325,0.6340915678285952,0.007054580277742528,0.45323011856181633,0.585438161599666,0.019781397346722573,0.47128380716733476,0.8483033411914203,0.01438814505417324,0.45348148805598093,0.5298368451491909,0.45323834305646704,0.5848489532090131,0.019781397346722573,0.007104056924302327,0.45323011856181633,0.46610034985567783,0.027335728978818585,0.45539923423563594,0.6851691677471597,0.7475593095914457,0.45323011856181633,0.007054580277742528,0.1621120977289895,0.007054580277742528,0.7742578776346124,0.45323011856181633,0.14680864227579804,0.14565088170019064,0.10151037050630668,0.027179789845624858,0.6867350214010214,0.007054580277742528,0.04112909247696389,0.45348148805598093,0.03065088259075399,0.45323011856181633,0.45323011856181633,0.007054580277742528
chr9:96566921:96566922:NM_001077181:CDC14B,0.043433220208572494,1.1514969043940195,0.0012861285258091264,0.20323786754757464,-0.0013875562106745055,1.2398328100688953,0.04366613791769333,-0.0011882713524842704,1.1591867067757426,0.04664707779157814,-0.0015563779914430798,0.00011461794777415171,0.04451106052776227,0.512481012004746,0.4478758383122673,0.0017506234105750564,0.2087333674778151,1.2711283112858893,0.001663562468951895,0.0014248848146310566,0.4733078381351688,0.04420460190265386,-0.0016083006983659675,-0.0016579673821154692,-0.0013875562106745055,-0.0013875562106745055,0.20318263945954396,0.5992406766354146,-0.0013875562106745055,0.4409154594257376,0.46086664502780705,0.3578460259984816,0.0011886423769750555,0.2333030024763663,0.1834875467815546,0.20790275353319884,0.0016478830503008808,0.20868087142908273,-0.0022474909301889133,0.0009857936881526828,0.20318263945954396,0.2087269215149942,0.007619343366728995,0.0016478830503008808,0.04285045999148916,0.440434671592498,0.0016478830503008808,0.44074048691817014,0.006900077349801996,-0.0013875562106745055,0.00828451620973654,0.20868087142908273,-0.0015563779914430798,0.04350261835104241,1.1125908728632714,-0.0013612104380723924,0.4479581391378764,0.20318263945954396,-0.0015414564796758685,0.2087049840950573,0.02333608377532336,0.0071648205371695976,-0.0029540079544436403,0.2746124466619999,0.046775958239080526,1.1118069173246679,0.4410298797852365,1.302065921407194,-0.0003000732576568955,-0.0013972283911893608,-0.0013875562106745055,-0.0018672837207794803,0.20865354317679818,-0.0015514039792546407,-0.0016083006983659675,0.00022514389763761584,0.00395471934716618,-0.0013875562106745055,1.152501481198954,-0.0017254230721979302,-0.0017254230721979302,0.44005070349074626,1.1324096039534184,0.44818889302648357,-0.0016083006983659675,1.1522272592670406,-0.0013875562106745055,0.22640598836841147,0.0016478830503008808,0.4410358027376498,0.4400865952597891,-0.0004969993328261518,0.0016478830503008808,-0.0013875562106745055,1.389308073679535,0.4402823906536186,0.0032555919072519476,0.4080169752069087,0.0016478830503008808,-0.0013875562106745055,0.0014248848146310566,-0.0013875562106745055,0.019002546814622136,0.3251879731156233,0.5797233206612433,0.043161106010182394,0.007557211618061289,0.40803096351397294,0.4400563935840842,0.0016478830503008808,0.20686685311707906,0.0015120688899511476,0.20323129234262488,0.44002002751051844,1.267456872708508,-0.0016083006983659675,0.3823957908592259,-0.0017254230721979302,0.4469827194505156,0.07451663396080288,0.20320288315887552,1.175391174787236,0.054345860115303395,0.20318263945954396,-0.0013972283911893608,0.04281217934173489,-0.0013875562106745055,0.20318263945954396,0.7751352389037809,-0.0013875562106745055,0.4423036717866348,-0.0017254230721979302,0.1327783743892433,-0.0013875562106745055,0.2087049840950573,-0.0013875562106745055,-0.0013875562106745055,0.5845839501886934,0.11234144377049263,0.0032042641236055634,0.43756521716503954,0.21234943116627494,0.5782728539731805,0.09374655590206266,-0.001326290198407791,-0.0013875562106745055,-0.0013875562106745055,0.45311195290604767,0.43981327172704626,0.007908723642430528,0.0028660397964004585,0.4478758383122673,0.002011094534763898,0.4408954924219602,0.1511257817692679,-0.0016083006983659675,-0.0011491565471401302,0.02291008053962104,0.20870266758842057,-0.0017254230721979302,0.20318263945954396,-0.0013875562106745055,0.0016478830503008808,0.4401276640927667,0.0016478830503008808,0.4414864341227791,0.4535063832967607,0.35309456996214184,0.4409886891813013,0.45133640411873743,0.043424783867262305,0.0684100526832471,0.0960518711177039,0.20316094986106079,1.193722792193233,0.4469827194505156,0.079402218397822,0.2087049840950573,-0.0004303974236309644,0.5986879136754943,0.44095245430735985,-0.001376442019544186,0.334520649965273,0.20268206216529785,0.4470190562917692,-0.0013875562106745055,0.4470190562917692,1.2671881999217491,0.011201236716173202,0.0016478830503008808,0.005561456927790271,0.4407137651735724,-0.0017254230721979302,-0.0013875562106745055,0.4414496052807857,-0.00022585995682025684,0.20642001120051814,-0.0014757604123862463,0.4466216759992214,0.4497531219228118,0.0014241948822182708,0.0016478830503008808,0.44005070349074626,0.13433321082558647,0.00692696390543137,0.20323129234262488,0.22335024018070856,0.096519107469802,-0.0013875562106745055,0.504294609196505,1.156882421827535,0.37431134635042407,-0.0013875562106745055,0.20843350973760671,0.0016478830503008808,-0.0013875562106745055,0.02384884362323785,0.02291008053962104,-0.0029923799457060255,0.44702284278599225,0.018398711946531456,-0.0018672837207794803,0.04366613791769333,0.0010623516775151564,0.04282332492939313,0.2086317506012963,-0.0013875562106745055,0.00692696390543137,0.5993254212375,0.4922824493059694,-0.0013875562106745055,-0.0013524621067936855,0.20868087142908273,0.4388245854576404,0.0287198172135487,-0.0013875562106745055,0.4433802033474904,0.017143656434502233,0.03168431005205706,1.175247845528127,0.20871195485743377,0.4410661233728135,0.20318263945954396,-0.0007558246471562214,0.20868087142908273,0.4470190562917692,0.0003181188172612509,0.0016478830503008808,0.20318263945954396,0.46167022847190686,0.011599112171219247,0.44806356552728843,-0.0010667466980020558,0.0032284908812612763,0.4416568313636558,0.48152864408899004,-0.0018794445901579634,0.20318263945954396,0.4401635644033791,0.440984282798446,0.440984282798446,0.37431134635042407,0.016235947438268422,-0.0017365575342584653,0.0016478830503008808,0.44498841119982735,0.44005070349074626,0.3309605589830876,0.4493657607932216,0.45133463902472515,0.44026489036353733,0.04326123086856382,-0.0013875562106745055,0.4410661233728135,0.20293142606058795,0.07767508486034265,-0.0013875562106745055,0.45780147474837596,0.44016727043072423,0.035475213753699816,0.4422262290060681,0.0066952343860745,0.20843350973760671,0.44005070349074626,0.00692696390543137,0.4408846491692143,-0.0013875562106745055,0.0016478830503008808,-1.2653111318408974e-05,-0.0013875562106745055,0.043347792744618634,0.006822482415139226,0.2086776690862338,0.44410825542145876,0.002937709567326972,-0.0013875562106745055,-0.0033100399277105792,0.20318263945954396,0.4478391605248411,-0.0013875562106745055
chr9:97853254:97853255:NM_004473:FOXE1,0.20266818401090425,0.11831213403646662,0.1764365970007452,0.1432086396035836,0.13559149450861924,0.18145714913936878,0.136719274388572,0.22168975237693772,0.11460097142496817,0.18293549110976698,0.05381487558693887,0.10393314462927516,0.022189579147649297,0.20266818401090425,-0.0007301533283280981,0.2686868465570594,0.1435161566882202,0.12566927173559217,0.1446600237922696,0.02951275615108606,0.002728204329116024,0.23533009874791272,0.09165784669351934,0.024440128189728405,-0.0007301533283280981,0.02951275615108606,0.005708676953097236,0.27865380012576624,0.03174250270558354,0.24782388086003837,0.12376393427423316,0.12689484556755193,0.2919139394154701,0.11365582077165215,0.23523250048070993,0.13649555659196522,0.021058729877450166,0.00041398088705918434,0.1096719072064945,0.13296675551568587,0.006902570048757939,0.11126632388072738,0.16518866752162265,0.10646850471469643,0.2168842785551282,0.03960064788784168,0.021058729877450166,0.13905153785638924,-0.0007301533283280981,0.21243283828798554,0.043933419868704915,0.006902570048757939,0.05238813948094073,0.022083844221876203,0.087042693076259,0.10932464080081217,0.18625980802870362,0.07033840994034946,0.1366252121441724,0.005708676953097236,0.16075403400428212,0.10646850471469643,-0.0007275111122362343,0.146129342139654,0.277885758127597,0.006910762804516857,0.005708676953097236,0.11492040989465935,-0.0005209792054453599,-0.0007301533283280981,-0.0007301533283280981,0.0683485381407789,0.09567088057400491,-0.0006490419223493249,0.13559149450861924,0.13559149450861924,0.1366252121441724,0.14587709557252498,0.1530775471003717,-0.0007301533283280981,0.07033840994034946,0.11833610001542261,0.006902570048757939,0.11696718214652752,0.024052725799973695,0.00567382193840138,-0.0007301533283280981,0.044718160981540245,0.021058729877450166,0.01741867764762317,0.07305093180845074,0.002100205272072442,0.1042195464666476,-0.0007301533283280981,-0.0007275111122362343,0.006902570048757939,0.2513236165944825,0.12331750208629882,0.10672526510643099,0.11833627213209902,0.02477323446599594,-0.0007301533283280981,0.021711734255763893,0.3822849436257344,0.21071151758496953,0.21162436083277703,0.1215864371153495,0.12009000255865532,0.1256661071951516,0.022083844221876203,0.13649555659196522,0.008948459811990384,0.11126632388072738,0.00041398088705918434,0.016885564580330525,0.025310876633972634,0.27019111686311265,0.006902570048757939,0.11126632388072738,0.1107923621400419,0.006902570048757939,0.18240384546940464,0.19444561100134267,0.005708676953097236,-0.0007301533283280981,0.20927751912335846,0.008256080560404833,0.07033840994034946,0.0414523583866766,0.0683487506917912,0.020875369482833972,0.006902570048757939,0.11981199153403427,0.0007203606979665489,0.005708676953097236,0.030908137105103928,0.030908137105103928,0.014223687985578715,0.03272926154191491,0.07033840994034946,0.10784108853075308,0.14320485747833173,0.007065376125219569,0.10924447829781353,0.02446079192166939,0.16711953549312264,0.00041398088705918434,0.08280074650376573,0.0018055581318339176,0.08912692718496301,0.06735510958032553,0.10990523259939444,0.13956296850429378,0.10678983793308461,0.12057475632998116,0.020257315329957948,0.006902570048757939,0.004589073024349466,0.006902570048757939,0.027536129016853594,0.006902570048757939,0.0021648330259924076,0.02477323446599594,0.005708676953097236,0.022083844221876203,0.02894074160731419,0.014407617270347173,0.3030948827808484,0.006902570048757939,0.11982589764279739,0.13972783034212966,0.13659638279929787,0.014705898015090924,-0.0007301533283280981,0.11444969157284118,0.006902570048757939,0.007974439479586148,-0.0007301533283280981,0.08839282372081697,0.07353125091161045,0.0006202885747327302,0.11126632388072738,0.34295615437052274,0.13649555659196522,0.25816120439857015,0.021058729877450166,0.030176552578815685,0.007122096365107522,0.18568250733813357,0.021058729877450166,0.0025052780570741784,0.06337841630922603,0.005708676953097236,0.022320291377814105,0.012091153342944416,0.2224887301447182,0.0029541229696806726,0.00047181897651965565,0.26198834911237234,0.1652140179909718,0.14348671094979376,0.022320291377814105,0.00041398088705918434,0.024373465918052284,0.15768298834688,-0.0007301533283280981,0.010484761329861259,0.02116551085373608,0.015479589461103394,0.13892087494200744,0.008015397901103227,0.1064714399126716,-0.0002856629122474086,0.25814463773032786,0.022083844221876203,-0.0007301533283280981,0.00250896884623647,0.004589073024349466,0.28180104026166625,0.11952256402152206,0.12114850538355398,0.06837748379090175,0.13649555659196522,0.2816536887220316,0.3482824787758578,0.00041398088705918434,0.00041398088705918434,0.1452766526849955,0.021058729877450166,0.31489105249502325,-0.0007301533283280981,0.1294070430785173,0.005708676953097236,-8.800630458882797e-06,0.11987033188305335,0.22156877012578147,0.019730790360830752,-0.0007301533283280981,0.11947934261433679,0.07033840994034946,0.006902570048757939,0.11126632388072738,0.07165107521161579,0.22316732653431098,0.005708676953097236,0.11126632388072738,0.03344181950209674,0.021058729877450166,0.07165107521161579,0.18307409156975418,0.25050535264970064,0.23294622999675646,-0.0005769770680154052,0.005708676953097236,0.143679968711318,0.25424343527480064,0.022665193861513888,0.18391531967280944,0.00041411558172138596,-0.0007279592168156768,-0.0007279592168156768,-0.0007275111122362343,0.16970916634614325,0.007261970924241634,0.021058729877450166,0.1482546226647904,0.00041398088705918434,0.03935270807541236,0.27809702092461724,0.12723849711187374,0.12255438596986523,0.11064905756619997,-0.0003096119076801962,0.006902570048757939,0.11594974895304244,0.032152986997735444,0.022083844221876203,0.1430031888896448,0.11302177553320103,0.09119583527995678,0.023521122974792752,0.13649555659196522,0.25719686605009284,-0.0007301533283280981,0.15239863992079028,0.11455566208775947,0.0042648938778587775,0.022083844221876203,0.024440128189728405,0.02232913111219298,0.02477024665796307,0.10961478260573104,0.1684096158304091,0.13983083034880506,-0.0007301533283280981,0.12000518510284541,-0.0007301533283280981,0.07165107521161579,-0.0007301533283280981,0.00041398088705918434
chr9:107283235:107283236:NM_002874:RAD23B,0.09650369555300625,0.19249316333838412,0.020581336711416598,0.11101865286537427,0.12711238641150396,0.2571886414745238,0.005937073607683613,0.3192923007415944,0.22429704580957982,0.07911210084563153,0.007926504556039937,0.21755120679809936,0.0962145920709449,0.09706572513490358,0.055431177794030034,0.31910028312693095,0.11101865286537427,0.052321035851112585,0.19903788969327718,0.07673122199785698,0.055426837586036476,0.31380534756939,0.3019252715861778,0.2902513362027791,0.055431177794030034,0.07673122199785698,0.055431177794030034,0.3052409549021552,0.07903129887575344,0.022923334610188806,0.18652295617625303,0.023645345450288166,0.08843572295792074,0.2048315387291199,0.31380534756939,0.04669020135687549,0.07903129887575344,0.055431177794030034,0.23417010797751003,0.27345050444482205,0.055431177794030034,0.055431177794030034,0.07903920635694978,0.26461269844403473,0.026327267274536548,0.1231996731508194,0.07903129887575344,0.24851729047971757,-0.0005346446885099443,0.07596086148190268,0.11245366373900978,0.055431177794030034,0.08549791649174698,0.08725962654035224,0.055431177794030034,0.002299587891043564,0.4351484225525864,-0.00041685470693392235,0.19549432521492383,0.11101865286537427,0.10299557660312675,0.09332385947758859,0.1597454829127937,0.2037348957104949,0.1374995343917712,0.055431520978477256,0.055431177794030034,0.2235038736992777,0.08540779644675969,-0.00040303890350545934,-0.000942064336306947,0.07673122199785698,0.055431177794030034,0.00014498940330737176,0.0064315407361210525,0.24401063329444822,0.2007714856120898,0.08689482427514356,0.14377447395992934,0.055431177794030034,0.055431177794030034,0.21844266020243652,0.14003191405878967,0.42060434012033704,0.20534298195307304,0.05533102834089185,0.20445567463709668,0.37261187466902124,0.07903129887575344,0.6438180128250354,0.07673047589638382,0.2869795375203446,0.42069368697631276,0.055431177794030034,0.0854062441257677,0.1437884328485007,0.4692685021873715,0.007833005915088107,0.07657460828387974,0.06226605887812603,0.08725962654035224,-0.00017111332644886845,0.18655720599687814,0.07593532677471304,0.0554341576480096,0.07687835917318948,0.04056810838298458,0.007126291789349981,0.6413016401212139,0.07593532677471304,0.04348809413529488,7.322126151321218e-05,0.4206534398246177,0.4206534398246177,0.17623689184917732,0.12442168266593812,0.11308123914928553,0.14018549124903334,0.055431177794030034,0.08438564762617545,0.055431177794030034,0.055431177794030034,0.010319265934871522,0.20445567463709668,-0.00034673138680202387,0.14586179320017406,0.05677160779403445,0.055431177794030034,0.14031638783919492,0.00029334812388465137,0.22940665088447781,0.055570895984944385,0.16016172993422872,0.08469650050436228,0.055431177794030034,0.20445567463709668,0.20445567463709668,0.09577304740935796,0.009076765939104073,0.055431177794030034,0.042912735324602394,0.04076593166946804,0.05565919135299985,0.1526814285228743,0.3196259757962445,-0.0002613172547827336,0.07890605608428253,0.06543613116590533,0.07903129887575344,0.0803949946020742,0.055431177794030034,0.055431177794030034,0.09307152124185197,0.28887680165835145,0.004603610442449668,0.04804673794668052,0.05536006340391794,0.20445567463709668,0.055454686746620435,0.05536006340391794,0.20445567463709668,0.24156138316817444,0.07673122199785698,0.055431177794030034,0.07903129887575344,0.055431177794030034,0.07683555883397206,0.43175066880619084,0.055431177794030034,0.002150581883669067,0.02671919261821605,0.02501616690029969,0.15139803538907065,-0.00041685470693392235,0.07380940294919847,0.055431177794030034,0.15078714237904006,0.055431177794030034,0.07362119757070396,0.06434676761849945,0.20445567463709668,0.055431177794030034,0.0921959333402235,0.2976024044069247,0.4206534398246177,0.07673122199785698,0.055431177794030034,0.4214512912113434,0.05632489615863487,0.07903129887575344,0.07453952906218259,0.00214351413002406,-0.00041685470693392235,0.07673122199785698,0.5168796595739595,0.3277441827445027,0.14018549124903334,0.010776496550704895,0.08596910728186252,0.43533275883768163,0.539350882836954,0.07673122199785698,0.05545211283401061,0.20520134046855076,0.009504002486317997,-0.00041685470693392235,0.082983835661855,0.1821109246520427,0.00029334812388465137,0.3558990883622524,0.12570139283215306,0.08540779644675969,0.36019919701135494,0.4240776748056663,0.08725962654035224,0.055431177794030034,0.13381295391719586,0.20445567463709668,0.007226840863498396,0.47634755157860303,0.22798322451279868,0.1813107524018594,0.026789091967046194,0.3848459504574192,0.2012507002374423,0.4206534398246177,0.055570895984944385,0.006928962446599074,0.007537788877163609,0.11480016420917694,-0.00041685470693392235,0.42083496222624506,0.055431177794030034,0.03825873407440655,0.18929179640045496,0.08514921862984381,0.4364098387924452,0.00214351413002406,-0.0004738880248025823,0.055431177794030034,0.055431520978477256,0.14003191405878967,0.0552602413150346,0.32682606950999965,0.055431177794030034,0.055431177794030034,0.1385637668149588,0.07673122199785698,0.055431177794030034,0.4354005941265923,0.002086470982930466,0.0743310524796526,0.006596952035318793,0.055431177794030034,0.04681696449145306,0.028771982275748398,0.07673122199785698,0.055431177794030034,0.06248251739146121,0.026094840070483516,0.026094840070483516,0.08625429413361468,1.8332438623258618e-06,0.055431177794030034,0.07577895207711699,0.4290952096091259,0.1393706025822568,0.05575192639844512,0.2740926397279491,0.07590377007521915,0.4552198213523115,0.08843572295792074,0.1812990277682895,0.055431177794030034,0.11997069801584198,0.15079705240689079,0.07673122199785698,0.13794042696317366,0.2165111288983021,0.2811137369816959,0.061480811408531066,0.2947320254154847,0.3437587122675824,-0.00041685470693392235,0.1067863798721081,0.016839509384158943,-0.00025455133792151585,0.07903129887575344,0.32524984607869667,-0.00026837128449713754,0.12049114928032276,0.001732357158870379,0.055431177794030034,0.08725962654035224,0.02340660972373243,0.46842900288182193,0.07012988871864162,0.055431177794030034,-0.00041685470693392235,0.026074554180241793
chr9:112175297:112175298:NM_001282643:SUSD1,0.5423046779392011,0.3027082722458871,0.5178977204082313,0.375739619285549,0.029979365260909052,0.3117729229545214,0.004802229010110515,0.036638400157033735,0.30888025276538267,0.012055196106292465,0.23357258755323684,0.25295510192519977,0.2339437187807431,0.0300432603948374,0.11341372693110763,0.032659014264704744,0.3757430508994592,0.2958053085687519,0.3474657215007576,0.5472362340462009,0.003110098409255857,0.04201273307718534,0.029289220748565714,0.0030873792313906856,-0.0006168333211828414,0.20092372301332367,0.11341372693110763,0.029289220748565714,7.325630734467126e-05,0.3244980408507464,0.5498366208868515,0.264287158043104,0.5566740046797585,0.2968055771470695,0.24817533706308248,0.20454357302405918,0.007255639389474988,0.37572653601489875,0.3209323699370835,0.01622312839121498,0.11341372693110763,0.37572653601489875,0.00011049949184316343,0.34761074852640567,0.611866636965659,0.120030384265925,0.007255639389474988,0.030637790040484503,-0.0036883117647190655,0.20004933730369617,0.31035891256031983,0.11341372693110763,0.23357258755323684,0.32135095118312496,0.37572653601489875,0.24403485733714825,0.20004834815963074,0.37572653601489875,0.3338503418504319,0.20004933730369617,0.28207028114953353,-0.0003642433892507846,-0.00041803549663388395,0.28098591559225045,0.29895837330507274,-0.000782593121194497,0.11341372693110763,0.285413466192484,0.11077556086659929,-0.002928345277944333,0.0006592784936556018,-0.0007163022780793393,0.37572653601489875,0.013449120519853475,-0.000782593121194497,0.023952516272012392,0.3338503418504319,0.0001734144235762125,0.11341372693110763,-0.000782593121194497,0.11341372693110763,-0.0007790347082769489,0.37572653601489875,0.37572653601489875,0.2609361478923637,0.37572653601489875,0.11341372693110763,0.16305150113524164,0.31822332376122636,0.460020521572802,0.2651178677907018,0.2685726341913793,0.05768587237770206,0.11341372693110763,-0.00041803549663388395,-0.000782593121194497,0.028367968660047205,0.2998627686058869,9.923661629512859e-05,-0.07149083074880808,0.5620154200915979,-0.002928345277944333,0.031214582093209375,-0.000782593121194497,0.37572653601489875,0.3582532718910327,0.017257067407502658,0.16057444186349873,0.408176696154761,0.007536836608290132,0.11341372693110763,0.0015874386456316003,-0.000782593121194497,0.2690336580024356,-0.000782593121194497,0.034880588340706786,0.029956550327317644,0.11341372693110763,0.20004933730369617,0.3315575954121437,0.11341372693110763,0.11341372693110763,0.023942416553920487,0.11341372693110763,-0.002928345277944333,0.3725830830786927,0.017247148834552972,0.37572653601489875,0.5596431101791395,-0.000782593121194497,0.14145082738612536,0.11341372693110763,0.26520368769789043,0.0067728928477295836,0.20004933730369617,0.11341372693110763,0.11341372693110763,0.05669899417426688,0.6275829316205059,0.11341372693110763,-0.00045641476095720224,-0.000782593121194497,0.007255236414331401,0.27090189112958435,0.451424995336605,-0.000782593121194497,6.90848794293597e-06,-0.06372383835599221,0.00034709796454662767,0.06170016465787931,-0.000782593121194497,0.11341372693110763,0.0072978372583285545,0.28569142309818374,-0.002384712243424514,0.025960631937318124,0.11375448122695386,-0.0007832810157990533,0.11341372693110763,0.17529803631585567,0.20004933730369617,0.017247148834552972,0.31822332376122636,0.1999910361021548,0.31822332376122636,-0.000782593121194497,0.7534778328216625,0.5426217705374179,0.37572653601489875,0.3826857719248112,0.029168939827101004,0.004492486542869101,0.003854110431051272,-0.000782593121194497,0.35940996883270787,0.11341372693110763,0.3223976133593353,0.11341372693110763,0.057745999755986654,0.22943493027492012,0.05768587237770206,0.20004933730369617,0.39773474885287075,0.006884018979567363,-0.000782593121194497,0.007536836608290132,0.37572653601489875,0.11341372190826488,-0.010961412845935325,0.31822332376122636,-0.027319375316250172,0.00028522164495581315,-0.000782593121194497,0.010028035138268165,0.37572706336161565,0.45995436853604704,-0.000782593121194497,-0.0006619614650301142,-0.00046053248794469814,0.20183569725137002,0.262816675455125,0.3202964386167989,0.058620081684078895,0.5822519858977402,0.033493283781323546,0.20004933730369617,0.11526008690644945,0.20275118622113403,0.13108689529364514,0.5632931411649844,0.14305834389199173,0.11075406331292309,0.02494186191585862,0.11341372693110763,0.3202964386167989,0.3757251092173429,0.0015863830240895882,-0.0007832810157990533,0.005181670629845092,-0.0007832810157990533,0.07971459019410349,-0.000781564313083738,-0.0008064845804395815,0.20004933730369617,0.37041571382109,-0.000782593121194497,-0.000782593121194497,0.029365328840925298,-0.000782593121194497,0.000609809034733122,-0.000782593121194497,0.20004933730369617,-0.000782593121194497,-0.0032254807600259894,0.07925813804350512,0.030268583584239506,0.5852455700815764,-0.00078217965761751,0.017267754370879018,0.11341372693110763,0.37572653601489875,0.20004933730369617,0.11371858700646659,0.4317829490769369,-0.000782593121194497,0.20004933730369617,0.12169858386597532,0.31786415356852654,0.11371858700646659,0.3776695131476433,0.01726954062676722,0.5433008054749173,0.06340409481816922,0.37572653601489875,0.4433415072375051,-0.023441808445668177,0.008042277798349984,0.11341372693110763,0.7796573016484751,0.2651023412021298,0.2651023412021298,-0.0004060079089213131,0.26669542007056113,-0.000782593121194497,0.007536836608290132,0.04277875423455285,0.20004933730369617,0.11341372693110763,0.5967834129312057,0.5985901472747849,-0.020789588864398523,0.2724839071834397,0.00767633250162536,0.11341372693110763,0.31392623106026285,0.036571243098362405,0.007536836608290132,0.33150798586659413,-0.0007832810157990533,0.004385748658208122,0.16413169906237413,0.010685266084827783,0.11341372693110763,-0.000782593121194497,0.03712779148690715,0.0001553150761935962,0.2000555233163948,0.32127009788977773,-0.000782593121194497,0.2690336580024356,0.33074515500302937,-0.004444436941841989,0.20004933730369617,-0.054164189879550295,0.015971819037971013,-0.0007630980450842317,0.11075276502927262,0.11341372693110763,-0.000782593121194497,0.06040140543036393
chr9:121567101:121567102:NM_032552:DAB2IP,0.8652769391947197,0.12065894745381978,0.00036709331389953026,0.4092665150664594,1.141202426911839,0.33765599067231716,0.09692149874890749,0.6040772516024593,0.31338480942147573,0.17495251160396236,0.7499065711291866,0.4599901135076335,0.1912237694261248,0.31092477602207236,0.0474298217069376,0.392356408482214,0.40930218522100353,0.3311318814657,0.0023926630754402267,0.0003540889788836432,0.012784535260388363,0.8670574097847376,0.0003540889788836432,0.004802446007596661,0.0003540889788836432,0.0003540889788836432,0.06076737474027971,0.35811096128255526,0.002599244932713657,0.5890793117649124,0.13452277463116136,0.7560761069970631,0.11091609116944023,0.11554302661889099,0.6425166074560684,0.49612508745568035,0.006979659338225502,0.0011051524848868233,0.004999422953068294,0.008793780174933485,0.0003540889788836432,0.3600403630905646,0.4025970997471188,0.3760669251810035,0.2667224092197744,0.1763676701956099,0.0003540889788836432,0.35811096128255526,0.029369931174787978,0.5032064443983858,0.006304186800102779,0.012605446990547331,0.7499065711291866,0.006979659338225502,0.34098448157391414,0.0003540889788836432,0.03587574877672495,0.07017658211105449,0.22155670383259912,0.35816523357640234,0.006304186800102779,0.0003540889788836432,0.20346550379895967,0.17865483752833894,0.9520109766094257,0.35810689324258854,0.059896703979045396,0.11621933066448359,0.0004677642658762471,0.005543908628553751,0.004877939021750072,-0.03363306306589975,0.038252444436401634,0.5257584143002159,1.0415875402162886,0.3512505124762372,0.23031243724806894,0.3726191247756354,0.33557954299020454,0.0003540889788836432,0.05845269151265364,0.0003540889788836432,0.05617012736288318,0.3899878957240671,0.004999422953068294,0.016646444465345744,0.0003540889788836432,0.14554740077908368,0.0003540889788836432,0.41137993731337974,-0.044270614962963306,0.0047359190530779915,0.01900761752558877,0.06076737474027971,0.5745319919946346,0.37636184386354743,0.006977203608272614,0.9324921298800739,0.03148105253714739,0.0003585346124042321,0.004745960201896271,0.3489248892172076,0.13422019425993137,0.02041632462369941,0.13167819691894228,0.04980453062988571,0.0744862646549807,0.7831100488341995,0.3591295365374138,0.004732860258910565,-0.06000183611209653,0.10604490302686809,0.0003540889788836432,0.0003540889788836432,-0.015015283926619272,-0.020418591833387345,0.9316702394659797,0.33129990911437596,0.0701203635860081,0.6711897453786713,0.0003540889788836432,0.015259975328717645,0.13495415759047413,-0.04359007193070802,0.36469304099213296,0.41469083882809143,0.012708641636050177,0.048297915350160314,-0.041343983092921255,0.0025947943719173694,0.06866097150822786,0.01567372249673782,0.0034417096279132087,0.0003540889788836432,0.004957192252610265,0.3581727670419583,0.3581727670419583,0.00042611861972244314,0.12721494457269428,0.06076737474027971,0.5625754636017486,0.3346788334449785,0.356402062163828,0.00039750371793514927,0.004745386952727332,0.009092799613677927,0.0003585346124042321,0.37483777791163053,0.0003540889788836432,0.5807804421832135,0.00494362541422505,0.048297915350160314,0.2647755723007707,0.37609920705861494,0.16546820802690942,0.024827366119350852,0.004224075594462251,0.0003540889788836432,0.013294803069844124,-0.04359007193070802,0.00494362541422505,0.06484864108422178,0.00036709331389953026,0.0010358395157873956,0.0003540889788836432,0.008312882980533898,0.676673336978505,0.9899969797441381,0.03727421903578626,0.4625976911569632,0.7711466806593628,0.2562452278616867,0.0005315101153043622,0.0003540889788836432,0.12933457658552627,0.048297915350160314,0.0003522766673013933,0.0010416338301817152,0.3916326954529889,0.3420964505661368,0.0004211486657612895,0.00494362541422505,0.15063599978001074,0.046879578110270936,-0.01388899831609286,0.0025947943719173694,0.016583707625199173,0.35638777068689936,0.049407349505498466,0.0003540889788836432,0.1171724045556723,0.0003540889788836432,0.0003540889788836432,0.0003540889788836432,0.36317258805301034,0.004999401431587863,0.0003540889788836432,0.3826247538351282,0.306874096116305,0.3830756759796717,0.6092511294177401,0.0003540889788836432,0.0003540889788836432,0.41411836354089143,0.025452854452878038,0.001095857294475172,-0.013621633589889715,0.003443053533443846,0.019133081733670232,0.6167238188067361,0.17640986336476694,0.23878893437522908,0.0003585346124042321,0.02871707266969764,0.0023926630754402267,0.0010416338301817152,0.05710035445875786,0.0003540889788836432,0.3200651486222578,0.45044978208234615,0.10843327837824829,-0.0374264527315471,0.4829564036744942,0.5386867177650038,0.13504117931628096,0.0003540889788836432,0.35810689324258854,-0.0297151144802294,0.36825158626129917,0.09680617778432654,0.0003540889788836432,-0.03806674105320029,0.0010416338301817152,0.01261855867120823,0.0003571387880719479,0.37605269567558164,0.7298123436512305,0.0003540889788836432,0.0003571387880719479,0.0484530455078539,0.4008008137689015,0.026634349985649286,-0.04428658086628223,0.004999422953068294,0.06918151859638877,0.04824598309535244,0.05042832100527955,0.0003540889788836432,0.0003540889788836432,0.8748948905661043,0.0025978477150378487,0.07328454522364336,0.00035395329248799623,0.0010416338301817152,0.546141075752778,0.06584215788383413,0.017543630113828756,0.0003540889788836432,0.06469905202480986,0.00035395329248799623,0.00035395329248799623,0.5745953582815801,0.43011927424141244,0.0003540889788836432,0.0003540889788836432,-0.016770178729685448,0.012605446990547331,0.7137381767899025,0.14811505421327437,0.5188325572925809,0.0004928705859056082,0.0068462651932257035,0.0547339219818449,0.4052275336113623,0.1341330430954269,0.0003522766673013933,0.0003540889788836432,0.483425265797178,0.4678429439937785,0.0004401788910791127,0.06942582723130669,0.5263683566774733,0.029856913246454286,0.00036709331389953026,0.03427534443520014,0.0003540889788836432,0.6523277906292015,0.0023926630754402267,0.08883913998846998,0.36243360544338726,0.24460149922929691,-0.013623003190627064,-0.04359007193070802,0.0031310543594049445,0.3626595425815966,0.0003585346124042321,0.18619058081638562,-0.04428658086628223,0.0012879650340221482,0.006485240900123895
chr9:127612206:127612207:NM_003165:STXBP1,0.03999126656553159,0.03949596218176446,0.03999126656553159,0.5221464462579596,0.054748958709992634,0.07266606800939301,0.022096954699703394,-0.015482732757485601,-0.002256714703477866,0.040724779518251375,0.06547954990317709,0.009998787181299734,0.06635147366964711,0.08357766965948735,0.29655361421877013,-0.05033895458491042,0.5078341137626035,0.03983335921585847,0.05961572186959532,0.039749296403287226,0.03353348777914952,0.06844323654800033,0.02811850421968412,0.012150369624787036,0.29655361421877013,0.039749296403287226,0.29655361421877013,0.06489812458707453,0.039749296403287226,0.07751321330188868,0.08415028751420048,0.6467737875488815,0.07385368658351638,-0.005597335009486115,0.08268337690089253,-0.012564793439844665,0.038256895551709275,0.3447053981728298,0.3535160518652811,0.030814593134422558,0.5229026029596852,1.1178237345817426,0.06700112107648429,0.06391473902650152,0.11825947682239732,0.21968057025160306,0.03863049026507148,0.08731245454928357,0.3132860847578801,0.06582633714058975,0.043969285761271376,0.30347903818733857,0.06552722808078298,0.03765884625235866,0.3378966511755017,0.04077088304474563,0.8258406086084096,0.44645809388283425,0.062351903648693696,0.311203269845198,0.08625783369962267,0.04155028470998673,0.2126732385043716,-0.012353038049782925,0.07048855210502675,0.04634689334864883,0.008306024424240638,-0.006202199714138101,0.038444039452100676,0.0331550357288779,0.30321028459166116,0.042494427015905,0.03505168303669717,0.03863339485839892,0.04138778378054145,-0.015165177494212534,0.03647282853278494,0.05670204519055022,0.6438049625809539,0.2965823723187122,0.29655361421877013,-0.01576760236199362,0.4891557914913552,0.5230907777578437,0.048819079956035155,0.30848349473226844,0.7331315879058847,0.5935255946397212,0.038256895551709275,0.23617095603405824,0.03941290847192647,0.009817052444771712,0.046375825132178916,0.00597882127314589,0.22183745237363997,0.5690578261244689,0.06782928866328997,0.22791974860817782,0.15552697024974238,0.034806544153728386,0.04007908589853393,0.05537917896983646,0.08598905412657548,0.172540157467122,1.1661185026762986,0.0707104464652866,0.18544802255574402,0.16898448359107204,0.5953012019146711,0.038256895551709275,0.0361923865753096,0.07025657102673319,0.8171204004790728,0.2998756196393253,0.39102188271619487,0.08310341928873025,0.06633609650512284,0.4832182016139797,0.8239632566060013,0.024704998356110452,0.0059935563234883305,0.522820817189384,0.07256912810677799,0.2998756196393253,0.0825575183662427,0.06935089064282224,0.010977280319718535,0.44594118513150544,0.36793364747596785,0.045999077497137164,0.24496479451051426,0.2933829491772316,0.40667183420995645,0.0645541389837738,0.7901371462254569,0.3384308407317243,0.3384308407317243,0.03754271949853119,0.05360216418989436,0.5228192600264259,0.007116829262204749,0.056986349276798104,0.4963485121831918,0.04599818338100972,0.04928300782266434,0.0034816719465492196,0.03970532818526076,0.23163001529187954,0.037285956904235834,0.26551252575668727,0.28765428762550604,0.2872176345573761,0.052428915693305544,0.14154657967335676,0.00740132026423837,0.08348641521835026,0.006281864996289577,0.00627201972085642,0.3286870823288528,0.8029304119728382,0.32284398102669004,0.01415300582204218,0.038256895551709275,0.3161933724434397,0.006584133606784837,0.2908082725413602,1.0698969344176747,0.07499000486598767,0.6956405037460753,0.3145225087503907,0.05156074059946075,0.09081007805458766,0.025699750568847296,0.29655361421877013,0.12094480503301042,0.5228192600264259,0.024164287831630882,0.3061127503949776,0.06125787545354608,0.3217363205478583,0.0035150978381903453,0.5228192600264259,0.60534286210558,0.015125453693116755,0.5808782777428078,0.037285956904235834,0.17781395368662523,0.32203951078058984,0.270593506425327,0.038256895551709275,0.06689940421359392,0.03984898685101551,0.29655361421877013,0.04068071891039643,0.5630582412755207,0.05157083124538353,0.7901371462254569,0.03964877009241577,0.04574351838433777,0.5346758805033106,-0.014572252126899332,0.04105518557473406,0.00659916562851437,0.01964042172476095,0.025712033511562926,0.29655361421877013,0.0035563081074506675,0.0640676107962104,0.22076442350916073,0.09147271172333632,0.25660312827357434,0.20648082121455974,0.07585569491769792,0.02493840931834862,0.03863049026507148,0.0034816719465492196,0.06687159331909368,0.00627201972085642,0.27529045242309824,0.7745169011797243,0.08286991343259104,0.0546561617209933,0.05425463510353326,0.02925480818028986,0.06792392581208195,0.29078522321176753,0.0034816719465492196,0.051925503919371674,0.045223056559666325,0.41471499374763887,0.2998756196393253,0.31656275686352325,0.0034816719465492196,0.2615177553937764,0.016029978189428473,0.00570080265117015,0.3469560217113748,0.040996839669069085,0.03442939245496213,0.7603557736495041,1.1409576445040648,0.5373382639528181,0.6020192020520592,0.06539940055820559,0.3001089240562905,0.2998756196393253,0.7911368615593963,0.038256895551709275,0.3345309760193264,1.2184078851033626,0.0352268500257526,0.0037475863789820374,0.03389726569285262,0.28726679833889274,0.07080237030523596,0.38878668852251996,-0.004824995273609772,0.568151860292053,0.5241836062656696,0.021152883602024747,0.021152883602024747,0.2064768743587174,0.08175984108880602,0.30607256512529374,0.0034816719465492196,0.05962602060796604,0.0038412348301642973,1.13868994098725,0.2592334653515705,0.01757264927146851,0.06249354663115983,0.040724779518251375,0.03642767211205142,0.6956405037460753,0.14636956076852464,0.053405391102654076,0.038256895551709275,0.08848924667831937,0.34617591133143083,0.003881819093122768,0.24449858440710862,0.19995316493698717,0.3319896212611119,0.0034816719465492196,0.027156539290452725,0.02919388667020048,0.041013217271968216,0.038256895551709275,-0.01570342645132239,-0.004806250479531898,0.08013025720876277,0.03353348777914952,0.20815741785141045,0.041869995634481544,0.2946487442050802,0.06354112495569578,0.03857231607330289,0.568151860292053,0.1871788447659142,0.0034871890426048657
chr9:127950714:127950715:NM_203305:FAM102A,0.42177909261346047,0.01193110785319295,0.2508125240636025,0.09387353365124153,0.08935227109718355,-0.00473476361199246,0.01782396129736351,0.005908358316426332,-0.0048031448980597816,0.22840088768640016,0.24222193050305085,-0.052146859619845914,0.19622276964373653,0.26816745850200374,0.03473604421156799,0.020205196825887214,0.12557318531824335,0.27481515396252276,0.06487095101416837,0.24880664669152688,0.15260949518918018,0.16141821155006356,0.0021103653188435934,0.2476451175267149,0.14699954760640627,0.2943186711249724,0.02965383297941243,0.0021103653188435934,0.24858201509765923,0.19496874638311523,0.28827028718539227,0.36157104394586254,0.29482434755896697,-0.03527238422927899,0.12356936525882381,0.1195856682249321,0.24858201509765923,0.1935663783243796,0.21515382549022583,0.13584015165685168,0.24250247236062022,0.35725335928448615,0.11093281214699695,0.0133920068893734,0.26940271370891566,0.28172243581956,0.24858201509765923,0.01902591801040336,0.02117208598257326,0.019110010033266192,0.14801920679861547,0.002269991725121462,0.2317283355645312,0.24858201509765923,0.23838043151353455,0.2499604860148938,0.22185677405880577,0.03894164214386834,0.2441068672511299,0.09402434211704874,0.12413826742363199,-0.05196486497860862,0.021801322394090834,0.09623116249337163,0.38102089998510974,0.0008657411648163027,0.0008668510936046259,-0.059529862799901065,-0.02463970604121197,0.02091139431938987,-0.006324397446683783,0.2077489010016028,0.0024263413819839014,0.11226018108000865,0.037348151364445054,0.04262008250114274,0.2441068672511299,0.020011550711021522,0.20248867401702114,0.1540589076884368,0.03415540240691475,0.0008668510936046259,0.16794861137372624,0.04700133862410522,0.21468497136793313,0.04895445125531242,0.025048315978639688,0.16436341428028226,0.24858201509765923,0.32222974846591057,0.10895626443952497,0.00299117294203545,0.02157426284661343,0.28528955324757177,-0.034260817357873716,0.12312152567622778,0.29151096892704387,0.3140471387058618,0.003397780085872007,0.1755174495935521,0.2508125240636025,0.020912560012322876,0.0874855788594183,0.01421582520684403,0.1812688034115532,0.2798863779350896,0.0010277569677493853,0.3163002493704982,0.28040396172447424,0.24858201509765923,-0.04629579488044456,0.062117304278697216,0.12162241292600887,0.1441140964173797,0.1441299384930828,0.06436099819746263,0.34552882504689886,0.21602716496694863,0.030872394168155196,-0.020418135688270674,0.0009992283857346018,0.04974502263139413,0.27650346488454197,0.04508868002457208,0.020912560012322876,0.26940769403442333,0.01733453633991635,0.04769959730137485,0.21051301096388028,0.24858201509765923,0.26679702801299104,0.023596737984303458,0.09093669767809927,0.15954934257165684,0.03700124598519597,0.2702730214573071,0.2702730214573071,0.0008668510936046259,0.17648350854270062,0.031171972646901403,0.12722418677196345,0.1292863705660752,0.002243215537257863,0.019041034695165347,0.16333596048806465,0.0008668510936046259,0.24934266829582588,0.2824540437809562,0.1075986440924804,0.009612880655171525,0.002269737441508872,0.022023666227010578,0.1916382064128688,0.12105872620099972,0.15673894664362206,-0.015720204288512535,0.15099365958523106,0.0008668510936046259,0.021144607554427604,-0.049980254747733696,0.19403898980886738,0.041819178453027205,0.24858201509765923,0.12065505484661036,0.22920642707594296,0.026240972735677985,0.0804820265512278,0.288277893379922,0.2805482314934634,0.3815558037962967,-0.012160967153638576,0.08061740635202393,0.08828184611757639,0.19380981661051722,0.05753445266037051,0.002279639926408547,0.08719491778642931,0.1935663783243796,0.07773549808679489,0.2283332948051974,0.0011974200112109604,0.2512764087593538,0.2865610037354107,0.012243126356091469,0.2157904308921638,0.24858201509765923,0.009752102738290962,0.0008668510936046259,0.08537088194903086,0.24858201509765923,0.17402126036472298,0.025048315978639688,0.023457909870758988,0.24858201509765923,0.5306253981209467,0.16688552606503376,0.2544560530662011,0.026127663977812514,0.04561364846031949,0.10488151821997474,0.22560057919936527,0.24858201509765923,0.003005541730969445,0.10462398480598217,0.21088773659637608,0.034609628768861186,0.0008668510936046259,0.25014021277576953,0.11861178362550379,0.20675241444679057,0.3076571617601102,0.045612375016144784,0.3486107161840574,0.24532506992073444,0.24858201509765923,0.0008668510936046259,0.15261429813025942,0.0008668510936046259,0.05909469876638793,0.24339069049590656,0.18467790362060582,0.2662773256058105,0.005003244116225158,0.07245403729655939,0.2713822137236801,0.0008668510936046259,0.19403898980886738,0.14929864241198793,0.0008862426969416803,0.40021651802302416,0.0008668510936046259,0.46751036582679084,0.0008668510936046259,0.14483671119525818,0.15163336894735321,0.0008668510936046259,0.16529122927430984,0.06194483588326525,0.08844353364951013,0.049346857867690844,0.36565927918042473,0.2889347448817573,0.24465801685034141,0.21523268832216744,0.013606064492973548,0.037143838104962836,0.3592028774288801,0.24858201509765923,0.2147157901988804,0.7328539606537556,0.10727097868097556,0.23804343954362694,0.004107442681385819,0.035955440317262194,-0.036057188144026926,0.18057012451816595,0.12701149286794575,0.24250247236062022,0.19854893773022123,0.06349766250317881,0.06349766250317881,0.021830114539790425,0.024634497366329243,0.02411367717923473,0.22920642707594296,0.11160958433995123,0.32768544306278846,0.14057329763513196,0.5040535558471964,0.4284212286886935,0.18595348611035356,0.25104658295363697,-0.03592625175003024,0.26676201261265553,0.19482232838054203,0.10539019691004832,0.4047276425753576,0.020664260414001354,0.07291868639053031,0.002142277885412984,0.2563761143348819,-0.0639594823416485,0.17193914509033054,0.031171972646901403,0.3131092374501684,0.0008668510936046259,0.020980436032321435,0.24858201509765923,-0.03023090428980451,0.0013346729634759816,0.34009269569540124,0.10771808561002735,0.16327016778403275,0.0716479139548673,0.07404240906194562,0.18141272366854,0.0035400552822934667,0.21663205635135283,0.012069703786018487,0.0008668510936046259
chr9:128771934:128771935:NM_006336:ZER1,0.5527777736256916,0.03720861210025684,0.20472318371968493,0.47167846000051383,-0.0018134451514014438,0.03927063054958951,0.23744406291941705,0.2373635822738713,0.039194096490853016,0.2373635822738713,0.23756273198518807,0.33783300432928687,0.39867483829995043,0.5527777736256916,0.6071888313906695,-0.0018134451514014438,0.6391760891952394,0.45431381826719963,-0.0018134451514014438,-0.0018134451514014438,0.23744406291941705,-0.0018134451514014438,-0.0018134451514014438,0.252771160884778,0.597801165222092,0.20453711833307361,0.6306355052021899,-0.0018134451514014438,-0.0018134451514014438,0.010906604830731532,-0.0016402751849874525,0.6378767613588927,0.3988994061126851,0.037134022293293094,0.012649325732242922,0.8336024269747975,-0.0018134451514014438,0.6100925829617424,-0.001740575833071488,0.6639568528626896,0.3469018717266723,0.6471269137063769,0.2373635822738713,0.23756310631570465,0.641101130646795,1.2012119986967247,-0.0018134451514014438,-0.0016173911876274372,0.3242428742248184,0.6103973584859956,0.01649667227476912,0.5924198530696279,0.23756273198518807,-0.0018081692101994534,0.6245973850832303,-0.0018134451514014438,0.6165041439181453,0.010245705419749403,0.003005055395626212,0.6116186682538465,-0.0017166969907824181,-0.0018134451514014438,-0.0015121053496810685,0.012400616216554826,0.34005658166197616,0.20462488178461277,-0.0017574076236222952,0.039194096490853016,0.09392598691163236,-0.0018134451514014438,0.09074830845623379,0.01272326600584573,1.235226403342358,0.014787053438144716,0.010338908498370089,0.4103571907425839,0.003005055395626212,0.007879075141930689,0.6308042932565868,0.5976674937357886,0.607041990272404,-0.0017950753447687831,0.33284258544717343,0.2824107708015263,-0.0018081692101994534,0.6246439172264753,0.09538360935762746,0.3909092527830611,-0.0018134451514014438,0.6375756404894469,0.6403121247367848,-0.001740575833071488,0.09114853315167419,0.10188307517086442,0.627465979855735,0.5979612276168877,0.5926321577083535,0.6375290686402266,0.007879286750405626,0.39867423193861157,-0.0018134451514014438,-0.0017577797100046047,0.2048954711219997,0.5976435208044804,0.6269459330518091,0.6274971442441493,0.22650383811948116,0.3528444861400708,0.616283441926133,0.20453711833307361,0.3185915491158171,0.26295982297563125,0.6312152814009248,1.1964281903223652,0.7622974031689872,0.20488907729169442,0.5629624550236312,0.6302020439805149,0.6377087328604132,0.0154204567616152,-0.001689807870160924,0.6353948433893674,0.23743088230892276,0.6164175931534839,-0.0017577797100046047,0.6506007170586008,0.20504441059987,0.33278759785309453,-0.0016756259490034661,-0.0018134451514014438,1.2040750215940854,0.3462185192904968,-0.001670545301481828,-0.0015121053496810685,0.6374271162080987,1.1865781399858846,1.1865781399858846,0.39867423193861157,0.27505222627098924,0.004989629506995753,0.5696787352131262,0.35290006670285157,0.2083814070094641,0.633373106577655,0.0015865645866601288,-0.0018134451514014438,0.2373635822738713,1.2413370410667484,-0.0018134451514014438,0.24755983350635113,0.6064300702757357,0.11041028569772113,0.46219410658710225,0.0003059948398362322,0.002369053646338451,0.2048954711219997,0.6322739644251618,0.008104146890760562,0.3278417802546569,0.6275683132899359,0.6226004616902167,0.21678451185521364,0.20454351010127517,0.6250382240589163,-0.0018134451514014438,0.41412405892038245,0.6376900520068085,0.5780138036894034,0.6308795503433731,0.341751859183122,0.32806772329135764,0.4887602143862447,0.8829741452325528,0.09951955395887897,0.3407770246846277,0.018623182075350617,0.6937332495747918,1.2098784201179376,0.2473210029930146,0.3353155773915772,0.5923792826695962,0.630335812865817,0.4136746815027543,0.3415671518357914,0.6191831711013863,-0.0018134451514014438,0.3225772661472069,0.20751688528749018,0.11701811462369162,-0.0018134451514014438,0.23744406291941705,-0.0017574076236222952,0.5923018235888355,-0.0018134451514014438,0.639329741101182,0.20671398592605236,0.34688847964716685,0.26333225279230715,0.8334977753658664,0.6175789777072125,0.592497929303913,-0.0018134451514014438,-0.0018134451514014438,0.011082018153366076,-0.001501747321314223,0.3465280014135794,0.5928742613833682,-0.0016809039023102518,0.008168695911271562,0.006042922489856363,0.6148381036748722,0.6003622816472973,0.01603750211980578,0.6308589747760422,-0.0018134451514014438,0.6010908498217589,0.27183650402336285,0.008104146890760562,1.4052593896178958,0.6166421366710599,0.5925795876419945,0.015074206866667071,0.32881677943623755,0.3465497002555197,0.2458823179822421,0.5923018235888355,0.21969032648821932,-0.001501747321314223,0.0028910881545313946,0.4471944167832469,0.0022997040199517413,0.3528735791370674,-0.0018134451514014438,0.09326811982576934,0.3987801195630978,0.20453711833307361,0.5978172091409701,-0.0017026562694057584,-0.0018134451514014438,0.6157552905937105,0.64397133151406,0.6383665729032211,0.6306562602605573,0.0015865645866601288,0.623267210889992,0.6377087328604132,0.3588587584346635,-0.0018134451514014438,0.6373869968068722,0.6300236566663804,0.39883857399645917,0.05953449034498196,0.004937974555867655,0.624504128281961,0.3387361264266979,0.3520113445608894,0.060187848923388715,0.3464488517341254,0.6377706526298605,0.24841407299346024,0.24841407299346024,0.40028573005939244,0.3519770297429845,0.0026573611013970128,-0.0018134451514014438,0.63705988396409,-0.0018134451514014438,0.7012379400180981,0.8632408381101351,0.11035787320671087,0.3293849413512109,0.20998681002907837,0.003200299392722067,0.6387275228811228,0.21712276930476088,0.6333734121787368,-0.0018081692101994534,0.34703307377741877,0.33642346343394786,-0.001757549721872094,0.6154877513372079,0.35280592215523626,0.6304006331723288,0.08821386750423325,-0.0015019591529451884,-0.0018134451514014438,0.21693559956152444,-0.0018134451514014438,0.24194325966899555,0.005974838005194619,0.24821599399119745,0.2170272401424005,0.6063241541343926,0.005988625699002242,0.316221627807499,0.5927823009022906,-0.0015121053496810685,0.6304563467039107,0.05762512928787958,-0.0018134451514014438
chr9:128787206:128787207:NM_001286772:TBC1D13,0.8376334919854427,0.11847801399250113,0.07853130756943598,0.2730725112966058,-0.0002773231280133702,0.11906225220917761,0.3220919841789686,0.3220748558209717,0.1190255926017127,0.3222103437760191,0.3222653623963674,0.5773821864627489,0.12209661606918198,0.8376334919854427,0.801891852868369,-0.0003359373822264689,0.857679299295501,0.2545188960044289,-0.0002358233686646071,-0.0002358233686646071,0.32218018972582035,-0.0002773231280133702,-0.0003359373822264689,0.3510529036108081,0.7404540375248172,0.0785828666697702,0.8445679711741781,-0.0003359373822264689,-0.0002358233686646071,0.045513341229663266,0.0006546164428948738,0.8468583060213524,0.12217309340012555,0.11845093896349033,0.0027290912653972627,1.0672866260776301,-0.0002773231280133702,0.7931670435226295,-0.0002941923180649307,0.7307747809024083,0.6833684957229874,0.8488084843329315,0.3222103437760191,0.32211706569547544,0.5030881332423759,0.911334092682871,-0.0002773231280133702,-0.0002818788026202404,0.589095358546522,0.7105451160060464,0.0041054344898805405,0.7064167479358385,0.32225219821982903,-0.00024590119516863275,0.796699810899199,-0.0002773231280133702,0.746382757013266,0.05913858784051359,0.0007174980103168103,0.7108323530057684,-0.0002694100019309583,-0.0002773231280133702,0.0009075974642587283,0.059757348438697205,0.7480132952512535,0.07846764391589055,-0.0003214784597493688,0.11892700182514744,0.44052582627530673,-0.0003256122872528546,0.4511335779073833,0.002819271511285859,1.0247862668175531,0.04042972462213207,0.01550081356554037,0.17283604955806925,0.0007174980103168103,0.0017262179297529226,0.8461122632204079,0.7404140050686919,0.8018585551742342,-0.00033251057506035984,0.5750237334384793,0.2974678172596284,-0.0002941923180649307,0.7967137225254406,0.49698491702111686,0.6056929834264169,-0.0002773231280133702,0.8482905071275186,0.5028802382888217,-0.0002941923180649307,0.46077077357716384,0.46405416981692776,0.44124736781056206,0.7419248536666736,0.7081825275102844,0.8467334202584633,0.0018222125015504853,0.12198035788679157,-0.0002773231280133702,-0.0002563502628615006,0.08004076394008221,0.7403602155355199,0.7555132677965217,0.43854811122335874,0.12968470165813567,0.6851912550811086,0.746331858937058,0.07851451128127157,0.5711259033428313,0.32866574057530457,0.8446457430686547,1.018793520340766,0.2299633401159022,0.08000690882049687,0.9147507991879251,0.8444106125106492,0.8468378231208825,0.046404966736385736,-0.0002799803782007216,0.8458342318246248,0.3222103437760191,0.7948392042883206,-0.0002563502628615006,0.5049384107300964,0.07859107560924211,0.6790574436559564,0.0006588777984314533,-0.0003359373822264689,0.9143221374099629,0.6830697974475761,0.0006294794442463694,0.0009075974642587283,0.8465695488543578,0.9525341036971314,0.9525341036971314,0.1220283435089021,0.3900983013100454,0.03641880028231154,0.9541899413898876,0.6866695257618398,0.09341930191559306,0.4397964407430709,0.008618963844799727,-0.0003359373822264689,0.32216306034835757,1.0353189582366817,-0.0003359373822264689,0.3242148625765948,0.8016959717403912,0.5352017655117625,0.41916276853259427,0.008274111245439288,0.00018924115974045322,0.08004076394008221,0.8083730908167228,0.0017117500700908773,0.6385137389215321,0.9011877627021346,0.8426203282489871,0.08076119988052886,0.0785483123945095,0.8063315588352924,-0.0002773231280133702,0.12441615791682399,0.8014620584512467,0.9190613643663945,0.8446833514732124,0.6424456967182327,0.5988461123633144,0.46912364761103353,0.9878972850111227,0.5315738260161248,0.6257041790366431,0.06104359422463733,0.4539236255695023,1.0202151444768055,0.3241685231334899,0.6814136994104343,0.7062819582310678,0.8444239239604112,0.9331234912559159,0.602465694370823,0.8420129652578421,-0.0002773231280133702,0.5971940582157667,0.09318662411422476,0.4553891004888383,-0.0002773231280133702,0.32218018972582035,-0.0003214784597493688,0.7062819582310678,-0.0002773231280133702,0.9025650207763722,0.08772703252308481,0.6834248620789859,0.362333326273742,1.0675309325826512,0.7499154424530268,0.7063128713871738,-0.0002773231280133702,-0.0002998003866110984,0.045618270087874974,0.0009096911298016961,0.6831970810665315,0.7066271496148787,0.0006273834083089982,0.0019406460830774346,0.04454256275470977,0.7158995265922641,0.7092504450529349,0.04788605688544434,0.8448132137812866,-0.00025498414489223686,0.7560908767708366,0.33318037140690476,0.0017117500700908773,1.4459223853955772,0.746505027061444,0.7090586049649847,0.01654010344159471,0.6510646817301887,0.6831622563547337,0.32394260354118015,0.7062819582310678,0.09558742055537917,0.0009096911298016961,0.0006038656024692588,0.8866842825647979,0.022468479219403363,0.6850626020307791,-0.0003359373822264689,0.4394837509506583,0.1229144908703553,0.07847534044711625,0.9499627173850971,0.0005029957192820358,-0.0003359373822264689,0.8406006615622645,0.9034747980710522,0.8467106483717479,0.8445016781350887,0.008587857692037378,0.7465839346131502,0.8468378231208825,0.6877307114827185,-0.0002773231280133702,0.8464576484704429,0.7562022829406482,0.12296006001810637,0.18683942734743086,0.00215936423931923,0.796670628546665,0.6810873440034144,0.635548813191273,0.17189681089484082,0.6831415044285556,0.8466020367267371,0.32732369237165393,0.32732369237165393,0.12347621495621872,0.8210930050451293,0.023692460308678394,-0.0002773231280133702,0.8463846853772492,-0.0003359373822264689,0.9321070772758091,1.1412026132116542,0.5353705324471026,0.6550704484972261,0.07953636923187433,0.0018803731688835108,0.8470935371784791,0.08208083939880151,0.4397727412119155,-0.00024590119516863275,0.655974182446804,0.6025413147782176,-0.00032475346458236097,0.715733556017143,0.6850833819997391,0.8447806791258012,0.4380655670919187,0.0009086324064107153,-0.0003135992854646063,0.08084814471591831,-0.0002773231280133702,0.34861520433695536,0.04456477181745742,0.38441149700175264,0.08199025132165474,0.8018992577434244,0.04449351496925283,0.48849336751450384,0.7079964411352175,0.0009075974642587283,0.8444883657824482,0.15208200599676813,-0.0003359373822264689
chr9:130053705:130053706:NM_001136557:GPR107,0.05127511877037788,0.06628298015646428,0.026046391082659492,0.3397176887968906,-0.001926866264336441,0.3708779681094034,-0.05271021047458502,0.011186705783033851,0.10167542336841615,-0.08041502823253244,0.12603947049631892,0.20892267195516845,0.06358224885857647,0.051311368800982055,0.3397176887968906,0.010686383330857696,0.3397322823444687,0.1392099959013256,0.06401238675930576,0.014590536159417522,-0.009062829153682034,0.14273660093263055,-0.0005702906373682148,0.20958508688828234,0.3297741988425886,0.011672495571122876,0.11365149036870079,0.10120845068561796,0.017766346446528664,0.15281653220071126,0.1311513770186469,0.8049111507643143,0.08183832735316743,0.010594199489009054,0.1808327435589744,0.36239023848912827,-0.00347312543913611,0.17282616252126118,0.07178342569247262,0.02536390478779116,0.33550057991709276,1.251563358397405,0.05526430876162622,0.01884305513154369,0.08958140827008085,0.010237979012890364,-0.003482060404440074,0.043469849917164655,0.16711146571252522,-0.001356039704346057,-0.0017657962769560276,0.5150875643669829,0.12603947049631892,-0.003482060404440074,0.33550057991709276,0.01701065271537766,0.3793671687798409,0.1205415822443148,0.05092941995953687,0.3298254059858553,0.04542098842920314,0.0017001762998888892,0.0011756649207921854,-0.003419195889538734,0.09320830717236056,0.17380850618295637,0.3297741988425886,0.010594199489009054,-0.0010810815802575202,0.031208010972083866,0.011981790868766107,0.0069480491973057945,1.251563358397405,0.19419092451337228,-0.0019636516226136103,0.20680325493818513,0.05092941995953687,-0.0034454269272509996,0.34141523958072717,0.3297741988425886,0.5150842367452072,-0.045084450306613594,0.34085786966005027,0.33018742266349965,0.07178342569247262,0.3397631440979069,0.17282616252126118,-0.0026436455631008715,-0.003482060404440074,0.5901553681140221,-0.0022487939044761596,0.0061185923315792146,-0.003482060404440074,0.1205415822443148,0.19605693826663537,0.11370865178508985,0.15805660816493775,0.4726469332921134,0.190349672912256,0.04742497600196752,-0.0003491486015979872,0.25542900265157414,0.07052138673388081,0.12161982074794808,0.33227228301105527,0.10521726693656189,0.05883719872156132,0.3598591649860547,0.5901751077381973,-0.0003491486015979872,0.1928525583202123,-0.04079141797046554,0.5212734760197466,0.11390923383272178,0.34093567760889804,0.05573871311544043,0.3997634980710724,0.33550057991709276,0.34104749481735974,0.2186360179723622,0.3397176887968906,0.3397176887968906,0.05076762905695026,0.17283035660213938,0.2582055305416677,0.10842222300150695,-0.003482060404440074,-0.003482060404440074,0.10651106431561011,-0.003482060404440074,0.01446072312124791,0.33550057991709276,0.07147674703457357,-0.0003491486015979872,0.17287112934348256,0.6405495910908914,0.6405495910908914,0.5164207516930408,0.3727807582677618,0.3397176887968906,0.7257675146638762,0.35488307275704356,0.34273674010074867,0.15663314355531802,0.07178342569247262,-0.0017804015289283603,-0.0003491486015979872,0.2684638128616315,-0.00347312543913611,0.34871129095694625,0.33550057991709276,0.11365149036870079,0.046147188227479014,-0.000392464290730532,0.030647319091188258,0.05556417822902843,0.19293269572005625,-0.003482060404440074,0.5150875643669829,0.3406601963012513,0.17282616252126118,0.046985564339046104,-0.0003452398760262765,0.11491147454264566,-0.003482060404440074,0.12056548084986382,0.33945442470590004,0.2546858937232949,0.5206482098883987,0.12938502659443396,0.01506926464281333,0.10941191947282211,0.21007199111348235,-0.003482060404440074,0.4074156645449615,0.2559011166989438,0.14265493557085293,0.17282616252126118,0.06321460983227495,0.3591000817070391,-0.003482060404440074,0.33550057991709276,0.5227781560259226,0.14006596027534055,0.5171403114654018,-0.0003491486015979872,-0.003482060404440074,0.3397176887968906,0.05231641240112353,-0.003482060404440074,0.06792060739066919,0.12421830712060108,0.19031098150027514,-0.0003491486015979872,0.36749311221345304,0.07178342569247262,0.33550057991709276,0.21374487523819022,0.40459362544477434,0.3519166706653039,0.2782407669093957,-0.0003491486015979872,-0.003482060404440074,0.1002131859372905,0.04343912053410215,0.1205415822443148,0.33840607761460606,0.0944782836752534,-0.003482060404440074,0.2738622266760526,0.01573808403387489,0.1259439436173667,0.07641353804948112,0.34031462371714527,-0.0003491486015979872,0.1205415822443148,0.07008015224520822,-0.003482060404440074,0.3428847130758427,0.41469847988100794,0.09038024967780148,0.006634539615623158,0.1931515179682535,0.42048223657327505,0.1095809728008153,-0.003482060404440074,0.3361546417508416,-0.003745681108987514,-0.111799063936358,0.34028691609952216,-0.003482060404440074,0.33584331583893146,0.3297741988425886,0.5318434071721727,0.058726836794011694,0.016767299593935553,0.365979955723213,0.1205415822443148,0.0528874179712959,-0.003482060404440074,0.5150842367452072,0.338326641022055,0.3397176887968906,0.07178342569247262,0.1205415822443148,0.3367858786807436,0.3389986253118089,-0.003482060404440074,0.33550057991709276,0.38767104709951794,0.05622332092086385,0.15732389032308278,0.02675170649106237,0.11365149036870079,0.3355163772148719,0.27344989841515865,0.10964563594804705,0.33550057991709276,0.41760789128911346,0.1385363080811166,0.1385363080811166,0.1262639558557302,0.21893596672402657,-0.003482060404440074,-0.003482060404440074,-0.00347073530516695,-0.003482060404440074,0.5161731016216254,0.3259256742845005,0.14859645495435028,0.06791791304539485,0.1972569858991723,0.05054873964771986,0.3355317749777375,0.06060812167778193,0.14264342442546019,-0.0003491486015979872,0.20195602643186963,0.34049014501656727,0.05380751097401856,0.1819687329119164,0.14340218034617666,0.34031462371714527,0.11365149036870079,0.04343912053410215,0.010645662465445432,0.22073711988787048,-0.0003491486015979872,0.2076525259376926,0.007350559136241636,0.2325103730772775,0.11463969383642461,0.33550057991709276,-0.0024490604078946376,0.4783729901097112,0.24722467883731777,-0.0017032951997086598,0.33550057991709276,0.12056672171803981,-0.002558706644899239
chr9:130713880:130713881:NM_007313:ABL1,0.018937417732820483,0.04333206859195177,0.018326653570825746,0.5069621584216518,0.0011553094490496796,0.0534215665281782,0.0023625509710261117,0.023302712009842796,0.009563592666886944,0.06270600860139258,0.05533738052209386,0.15650990285960292,0.04401830970415621,0.05531550035267796,0.5200990757901081,0.023453191454026634,0.5938608144107433,0.23539043095209328,0.03717247300502441,0.007444669436304452,0.00364013114134909,0.013789487472371631,0.060049498472214635,0.057892403316461005,0.3567970733435876,0.007738268707297324,0.30820075149916504,0.06842290938136619,0.007444669436304452,0.17659273203626213,0.02734616367902909,0.24161827628851634,0.25409492087368635,0.009971945586030484,0.022598635890278274,0.3369773398450116,0.0013123199330111746,0.36783487565333356,0.052431606732526004,0.10440496653126846,0.38058784422443914,0.1149847742275707,0.05685598992693175,0.011297976641536256,0.2604578506723765,0.21630324305519844,0.0014484077421825226,0.04209302365824974,0.006021958444541731,0.007444669436304452,0.009086489981645962,0.2978817326105092,0.05534492257797158,0.0014484077421825226,0.5349661679849347,0.0015493714131301073,0.1516660776890062,0.30830589219348586,0.0987671947023201,0.3098195016155947,0.009086489981645962,0.0018699172326629432,0.002554310855324704,0.01008251059965487,0.1018655808797973,0.3692620409061883,0.297985502530127,0.018617777802482527,0.05251605766173567,0.3012414821072875,0.007825320299828187,0.09971384315261511,0.3183954802134182,0.0015907699162380218,0.21727006764265872,0.1926303650747717,0.0987671947023201,0.05109745069671451,0.30971249394054584,0.3567970733435876,0.007604012426845774,0.19717679035111824,0.3465314944376067,0.33175938099478397,0.08813165177716903,0.31840064743499014,0.0011553094490496796,0.313198764786748,0.0014484077421825226,0.0063577082976018495,0.007444669436304452,0.04773867694721873,0.13970374619551473,0.12825713485809628,0.015926535922740792,0.30881664431387035,0.04880418295278699,0.17490880783525894,0.0011500636441870715,0.047793350928991285,0.007738268707297324,0.37168379205580215,0.05060577032272484,0.0011553094490496796,0.3918010370693454,0.05496567904957533,0.08068730472742897,0.4644738291570164,0.30937852897464496,0.0014484077421825226,0.3809939662269112,0.0037204183557729142,0.39148802952205963,0.35712790569321623,0.3807277183424974,0.03336188471575291,0.015937404093909036,0.38058784422443914,0.1515509218096397,0.45620384792159907,0.2978817326105092,0.31883783031029994,0.06333949648504728,0.009737978934770242,0.3752291622374616,0.32516104194758877,0.2978817326105092,0.30830589219348586,0.23618689122204156,0.002102437117805722,0.556282399081577,0.38058784422443914,0.02248046857258984,0.0011553094490496796,0.09070658838670566,0.4366910076548624,0.4366910076548624,0.34336176460218093,0.09238710338286171,0.30820075149916504,0.15045977226548332,0.1571776454686566,0.380537560178241,0.25971010436285885,0.4755061115925995,0.0011553094490496796,0.008398194404979686,0.4034102957889408,0.0371383256414175,0.01166672585713191,0.13450714729014795,0.13459263297411564,0.20568587711627934,0.04037880257466159,0.022508978285949,0.009072272237824142,0.12834364464820658,0.0011610208955948886,0.3186065224447428,0.0335442266998392,0.3083724101577387,0.0011553094490496796,0.007738268707297324,0.009179772563156774,0.0014484077421825226,0.12824709142642635,0.3692099254721224,0.11271977310999565,0.3914118109383561,0.04367060556942681,0.023604499312417204,0.603475173251691,0.33786506615575435,0.30820075149916504,0.09546402816076693,0.13459263297411564,0.3034359404282866,0.36783487565333356,0.04429562705835094,0.16503160911514034,0.0011553094490496796,0.09987746931676947,0.1598622040961824,0.11913325989282758,0.3979620039491879,0.0014484077421825226,0.016069238097416894,0.36858306922515727,0.058195968279897425,0.0014484077421825226,0.003200898014097342,0.008398194404979686,0.0011553094490496796,0.0014484077421825226,0.5200990757901081,0.09026739529505506,0.3797227841049151,0.04303111256689479,0.10780950842638382,0.1126876900682429,0.09799112282650257,0.0014484077421825226,0.38075228919132476,0.10770298494436059,0.0014998090876203185,0.30820075149916504,0.40890669534421054,0.021337173947521604,0.20230250299069258,0.021184611205172454,0.532218788196734,0.0176772236496045,0.013650997016686262,0.38164449802184397,0.0014484077421825226,0.30820075149916504,0.003200898014097342,0.0011610208955948886,0.2413170302385385,0.14531149304140645,0.08434683474015153,0.20544300995827983,0.012680075842013416,0.18333745843633903,0.3271922660388025,0.2978817326105092,0.2978817326105092,0.0014998090876203185,0.02274455228113209,0.19093272595724975,0.0011553094490496796,0.1897801416219213,0.30820075149916504,0.14790014430486326,0.06136242902376948,0.02274455228113209,0.2982033274795233,0.002419608602179879,0.07458358814878635,0.3083936032431056,0.5201171927897852,0.11091318741583142,0.2359488689116349,0.08681926054230743,0.3086977723688106,0.1504887128864956,0.16492895169066243,0.007738268707297324,0.39197810645437253,0.5156766413538268,0.06259921656171985,0.04591344495400751,0.0011553094490496796,0.30820075149916504,0.15453789051262734,0.4366456810289442,0.10731607653249259,0.38058784422443914,0.38176504768343933,-0.0008431974245752816,-0.0008431974245752816,0.01786383024618754,0.3399081308483942,0.03022188091453809,0.0011553094490496796,0.004337299400701267,0.12825713485809628,0.39264203869119385,0.30116471309127063,0.0015493714131301073,0.08007882197484006,0.007738268707297324,0.037492259906070746,0.09999985621276651,0.05110540868704694,0.32144367212495384,0.0014484077421825226,0.5788296585240684,0.019498257532913676,0.0027029847770818627,0.4634442744777214,0.43574022501826937,0.17298570632386107,0.2978817326105092,0.04232748290558164,0.02274455228113209,0.008423522288012963,0.0014484077421825226,0.007806636659639876,0.12825713485809628,0.010272832835750367,0.04396862588155942,0.3806610176747151,0.002102437117805722,0.033552367545177264,0.047793350928991285,0.0013815760608334449,0.4237193027434351,0.14473004946006207,0.0026859558537608574
chr9:131430089:131430090:NM_013318:PRRC2B,0.31826799280848156,0.1618936263061998,0.5200280499933999,0.07210067349985305,0.28902859914705903,0.1841708767760808,0.018196529003644712,-0.008700691535486083,0.069983430603546,0.34317279742714585,0.6401547512654888,0.12053195905029288,0.35581247669709715,0.4048441633537979,0.06163379101461436,0.004225681382718838,0.1961270260705896,0.4334030211605592,0.5864008788013192,5.4772987261086925e-05,0.01811867389474464,0.3369292588070768,-0.0025667574956034778,0.34090904399332805,0.07244628828743321,-0.006368258421402873,0.06516994916823671,0.016923167835779407,0.006684934967095546,0.016923167835779407,0.3655762153537535,0.6634788298197534,0.5200836749186735,0.062659247234568,0.3138848417980135,0.10743076540857208,-0.0025667574956034778,0.034726739223509884,0.05267634618445338,0.1935951542620528,0.07447369268925846,0.41762672810714535,0.7605716131746795,0.13366818051058352,0.381482809226626,0.0617294061428324,-0.0025667574956034778,0.07318919699583565,0.02782187804172437,-0.015833743468311567,0.27598465887199497,0.07244628828743321,0.6387621196077906,0.28902859914705903,0.07477209846967808,0.28902859914705903,0.18194320322448884,0.0699660467849263,0.33949126196294155,0.0953773443760807,0.43709792642064527,0.004963716869815393,0.4677609268397953,0.04931887849635208,0.03426501492663664,0.006125038024589524,-0.0025667574956034778,0.06964006301573178,0.462687353739936,0.002754984798403859,0.00700302851677681,0.14431873909964843,0.08293783492024809,-0.00213479251459181,0.29493782822352876,0.11810774440123528,0.33949126196294155,0.3109136392817964,0.16997654307277194,-0.0014638866982565335,0.06516994916823671,-0.0025667574956034778,-0.0025287188250947,0.2739470273405189,0.026001763206742134,0.14879933080810503,0.07247924757719243,0.02504008825769588,-0.0025667574956034778,0.1544275477916494,0.02645350391291232,0.028243249420936534,0.0024340830809252423,-0.00902807186268767,0.46907306112591723,0.1084802543871694,0.23775822883903935,0.10494281886473994,0.009301400279466576,0.22693543853927584,-0.0025667574956034778,0.0029848202026448445,0.19666444042979248,0.009532188747588766,0.16830038504284622,0.332136301398807,0.4859567148557503,0.09621314504850631,0.1820498477924963,-0.0025667574956034778,0.06761262809719498,0.01811072665114613,0.07244628828743321,0.3014424230509771,-0.015833743468311567,0.14271571894774882,0.32633644040622917,0.07960223828055607,0.0026238268118298214,0.05270822398099667,0.059926284781325945,0.08589088809590173,0.37408764932770305,0.0347588314306585,0.0029454254900315724,0.3712755773117017,0.1318227624179758,0.06683885215484503,0.017641715293522098,0.28902859914705903,0.03282894744239795,0.07272678230405266,0.23246543257010052,0.021539708945441216,0.09541112076371122,0.32566299324923803,0.32566299324923803,0.0024028721673224895,0.2086308649782248,0.00335148733279661,0.04533245822616,0.07231922763290449,-0.015833743468311567,0.12336130129509348,0.05862625658755888,-0.0025667574956034778,-0.002563776123812034,0.016969597501838518,-0.0025667574956034778,0.006129432518468814,-0.0029822472104391595,0.06683885215484503,-0.004640026433527233,0.011127768126847237,-0.00662036092381596,0.13949776418885318,0.08608172598411423,0.09788289582978349,0.07244628828743321,0.07248697435198104,0.07422331787723663,0.47428888923675416,0.023571923974572473,0.012133766161119719,-0.0025667574956034778,-0.007896481622480633,0.23815157341706888,0.5235425466418304,-0.00398528073581772,-0.0034788102989951053,0.009242359762399954,0.010376729039912158,0.07455965666294495,-0.0014638866982565335,0.0594872130928471,0.06683885215484503,0.07359723687894076,0.12016970120991205,0.007548991151922646,0.264387295263794,-0.0035475383178458775,0.07960223828055607,0.3074708936269179,-0.01585597462485344,0.036069265196639555,-0.0025667574956034778,-0.0014327227239528395,-0.0025667574956034778,0.04600470739037171,-0.0025667574956034778,9.398586091841077e-05,0.06516994916823671,0.07932126407884543,-0.0025667574956034778,0.07957149675847824,0.05842598242800634,0.0024028721673224895,-0.00579489553807272,0.10133306823102078,0.2024580451384904,0.28398808563476496,-0.0025667574956034778,0.0311937456329551,0.5216841100839783,0.3823621629201423,0.07419030279832761,0.1953886079150534,0.09883411014358984,0.03075642797319239,0.5117294468890201,0.06249219276252471,0.4137933202525552,0.15277778716641602,0.003781297099984038,-0.0025667574956034778,0.0651776623711467,9.398586091841077e-05,0.09788289582978349,0.11836216086601697,0.09539585549476828,0.2301157783031079,0.010954342594731548,0.2975716852614233,0.32300179540951013,0.3556803183778375,0.002217787957942363,0.06683885215484503,0.3467640691244525,0.013698431524577226,0.1600506573108551,0.002217787957942363,0.1520687992566584,0.002217787957942363,-0.002103428427942089,0.1474640724682727,0.004225681382718838,0.3081018938352371,0.11914799461490963,0.02926282567498681,0.07422331787723663,0.09347499436872392,0.0796414634506114,0.07423625848360854,0.05831160614555009,0.020405507541234047,0.0026238268118298214,0.08731185766851257,-0.0025667574956034778,0.07272678230405266,0.3529304158790491,0.15482162517040676,-0.0014327227239528395,-0.0025642318897690086,0.06543888367131034,0.1048349809257626,0.11658175601618312,0.15037312527201252,0.07447265259877073,0.5814695487776147,0.0230096015441848,0.0230096015441848,0.46907306112591723,0.5125674009220466,0.027601932318965433,-0.0025667574956034778,0.466572067974258,-0.0025667574956034778,0.298373338157814,0.8572859802758979,-0.010602992073180884,0.11278002294148953,0.3373953530589238,0.32601141093756925,0.12531570449481233,0.026617954700848795,0.015558884141008311,-0.0025667574956034778,0.052373093328857034,0.0959919352155846,-0.0023592718774063104,0.07754869931799041,0.020349875452342958,0.003781297099984038,-0.0025619412783098316,0.38044996314155644,0.01644528959939623,0.3499852732420411,-0.0025667574956034778,0.4755110547964781,0.009002833881346262,0.12372585538836223,-0.0019349662085363373,0.11919559772558783,0.002217787957942363,0.23518256766595858,0.2699443737602384,0.31731841368068375,0.07278969276007402,0.043740119709620356,0.08376591369999739
chr9:134326462:134326463:NM_002957:RXRA,0.2696108656377568,0.16789245520077142,0.1615897005592241,0.2338843685076605,0.011077960956979382,0.16644052297377968,0.011141103212814557,0.011075023628728309,0.16780251358096268,0.20772858317664575,0.17206379899569155,0.17496758911506974,0.16762095501451912,0.17192910326848154,0.23314272501113284,0.011046163401326387,0.2374369659896835,-0.15689783495208234,0.16160576750182967,0.16138369296875754,0.16145280857380173,0.24764002785088035,0.011049100715756988,0.11607771568469386,0.23314272501113284,0.16157402261932727,-0.38319567856426084,0.011049100715756988,0.16138369296875754,0.18070977729387527,0.2899287547922381,-0.172920327783531,0.16160576750182967,0.011183874914525077,0.24764002785088035,-0.20074488389211642,0.011224498134162375,0.011049100715756988,0.16604777411365415,0.2747261452842262,0.1862473495233383,0.2587371196990353,0.020481765731846013,0.10168520874528081,0.21402990033262725,0.23955242102720709,0.011049100715756988,0.18082528852841304,0.011879849195160275,0.011077960956979382,0.16222776138411743,0.011049100715756988,0.17204329590633016,0.011253362481091572,0.19876545340481525,0.011224498134162375,-0.15960337976353098,-0.26156482781418194,0.1644783220295352,0.2406218487177912,0.10168439559236259,-0.010910418815379685,0.014430656527280622,0.08148640854231251,0.2696253044983812,0.011049100715756988,0.18008863854139914,0.016516695956425492,0.01685108184349335,0.16610646463002238,0.011049100715756988,0.01522287740737513,0.011049100715756988,0.4638069554861947,0.011077960956979382,0.011077960956979382,0.1644783220295352,0.24845176645973788,0.058197335488615054,0.011161797761851194,-0.2506460399226391,0.01105863241149066,0.11353437851846693,0.236308852503575,0.016397454182466603,-0.37943560558777967,0.011049100715756988,0.11658818190435027,0.011224498134162375,0.28390286022554523,0.17636993881436014,0.016397454182466603,0.011049100715756988,-0.38305769583455884,0.02372094850254841,0.3050286810311852,0.3863239476987388,-0.34218448676304963,0.16138369296875754,0.38284283079732323,0.16160576750182967,0.1723840289972355,0.5925135312682905,0.01638106726416752,0.008003642318542836,0.3070976356247235,0.018718799400202574,-0.3829842011616278,0.28096541214644066,0.011253362481091572,0.08991358508505573,0.012535531202098577,-0.381373123339944,0.011109481122343723,0.011095319318550317,0.17344660654773775,0.2696108656377568,-0.38319567856426084,0.018653866111874,0.09346959418758119,0.18008863854139914,0.5442589621445398,0.22536261230335983,0.23314272501113284,0.18747446213743946,0.21294205206464428,0.01935387518346196,-0.38319567856426084,0.01301896901322619,0.011224498134162375,0.015950110354370217,0.18008863854139914,0.01301896901322619,0.2777675669336698,0.1763635984789704,0.011049100715756988,0.011049100715756988,0.011049100715756988,0.18063940907262258,0.18008863854139914,0.16292457669942878,0.011046163401326387,0.015933141054563088,0.03562550566876521,0.16580864338866758,0.0165385960653108,0.16575792606612136,0.2147218000783626,0.011224498134162375,0.17529294231328163,0.0113997582256746,0.07864978833120434,0.20775572705619944,0.11191698559885702,0.10302867841037466,0.5854854282328867,0.017449047775652704,0.011049100715756988,0.011049100715756988,0.5106638688754631,0.23314272501113284,0.012851736254550383,0.180287645926982,0.027249958292508036,0.011224498134162375,0.01095342728145915,0.3752840349434937,-0.290029287713802,-0.38319567856426084,0.011049100715756988,0.10978753145569181,0.012560056129301056,0.12200628622568499,-0.3831721172543768,0.1232703041548838,0.18008863854139914,0.03563143605452465,0.23314272501113284,0.16894869441431576,0.0379213065315932,0.011049100715756988,-0.38319567856426084,0.5858535194224218,0.16755198939821478,0.009551219042133768,0.011224498134162375,0.011049100715756988,0.011076906040643292,0.055250674625758556,0.011224498134162375,0.011110189873188264,-0.38300875951746305,0.011049100715756988,0.011224498134162375,0.19458301317507345,0.1688339806094012,0.18015866036086728,0.01379287870940793,0.11809611425956537,-0.1606774692178667,0.011916078847632516,0.011253362481091572,0.011049100715756988,0.16932402769246377,0.2348736481651244,-0.38319567856426084,0.18008863854139914,0.013586157635158913,0.012530900994753597,0.014811572461469302,0.02116982547205143,0.02861035713824414,0.2967651883316951,0.1629816107973016,0.011224498134162375,0.1951526609560146,0.011077872174712067,0.011049100715756988,0.2834650348693446,0.2582734090533499,0.38359314877312745,0.015340412504723566,0.10737912343341405,0.011147776305967139,0.21258895250642076,0.011049100715756988,0.18012138389536905,0.2348736481651244,0.011416286222380084,0.7314522237684383,0.011049100715756988,-0.16486926082750544,0.011049100715756988,-0.3049328185479995,-0.38279612231928806,0.011224498134162375,0.1485469335657249,0.009391597987063655,0.009957256472932635,-0.2588813479114695,0.5098827028819747,-0.26156482781418194,0.1862473495233383,0.1688339806094012,0.011049100715756988,0.0186345087300131,0.2568776795316999,0.011224498134162375,0.18015866036086728,0.2358595584540304,0.3792059367556146,0.015428321595983313,0.11147060752946505,0.4905036575155201,0.1757834425978214,0.7205929746807674,0.01714585287305212,-0.381373123339944,0.0971130353429035,0.17792387412416913,0.17792387412416913,0.11350158985960662,0.0344112673804321,0.011049100715756988,0.011049100715756988,0.011049100715756988,0.028696468990857094,0.016124351916411428,0.5376628943251489,0.011410140881147918,0.3831156919712575,0.16160576750182967,0.16419308437516006,0.18008863854139914,0.055241545777846096,0.10162046083956089,0.011253362481091572,0.18495370334529865,0.25794199006372476,0.011049100715756988,0.01252452108914684,0.018945687602018618,0.18769027841591002,0.011049100715756988,0.24340746236084362,0.011527207000550266,0.020481765731846013,0.011224498134162375,0.11623472394269152,0.022259078659704334,0.30235228775137546,0.011049100715756988,0.011049100715756988,0.012936789055303488,0.11824433318264174,0.10598709922705118,0.013285173025224112,-0.2599752231746509,0.015172711675440959,0.011049100715756988
chr9:136095285:136095286:NM_144653:NACC2,-0.001935811917982283,0.025810346718637564,-0.001935811917982283,0.2594544269491921,-0.001935811917982283,-0.001059781271158175,-0.0019750830277395492,0.008623009981538032,0.026103987339215498,0.0088383790383572,0.06914180685771482,0.16206278133112922,-0.0013812805321936072,0.0016814968325201407,0.5080048252135687,0.008659171442372354,0.2767252300301637,-0.011216597363242903,0.07819157037929812,-0.001935811917982283,-0.022979253601158406,0.008659171442372354,-0.00214424807011232,0.056964490401762595,0.007853385709738217,-0.001935811917982283,0.24286171674694285,0.008623009981538032,-0.001935811917982283,0.00899409973322686,0.6136557131070071,0.19797881725270025,-0.001935811917982283,0.026103987339215498,0.008623009981538032,-0.002445070454174997,0.008659171442372354,0.22087765733428522,-0.00214424807011232,-0.012407640651829546,0.20955121437134872,0.7997073100977694,-0.0018516169471392147,0.050564903727581226,-0.00263761363764925,0.02242373789202242,0.008659171442372354,0.04156707437931547,0.0278000598084302,-0.002452424178635157,0.0770075323499214,-0.00214424807011232,0.06910607737866517,-0.001935811917982283,0.20596258985963828,0.008659171442372354,0.3271330711979443,0.5039745380754806,0.0161185978854902,0.3518529647805554,0.0770075323499214,-0.002077304093667673,0.0635293495515244,0.00992751733661014,0.000767087773358769,-0.00214424807011232,0.20457472593820356,0.026103987339215498,0.06351696576030844,-0.001951300744747017,-0.0011770510571890713,0.013449276975811608,-0.0021042439110511846,0.25206539704768016,-0.001935811917982283,0.043313595497039906,0.0161185978854902,0.0428070311581135,0.04691024593784573,-0.0021425331245364665,0.1850198535793944,0.008623009981538032,0.002389566386783143,-0.00864586076146738,-0.00214424807011232,0.2724202994777193,0.22087765733428522,0.008479448299533426,0.008659171442372354,0.6158715698228701,-0.0021436022174813746,-0.00214424807011232,0.03733888140128491,-0.002077304093667673,0.06161844871372172,0.27789700771620374,-0.012312653167852503,0.047227304436614666,0.008593621262520751,0.009245356214101205,0.0018910770331784649,-0.001951300744747017,0.04207506023378681,-0.0021378221656388197,-0.002118874201983187,0.03092282326830393,-0.012663651446464183,0.21601673050358106,0.6103792954192984,-0.001935811917982283,-0.012949311264689983,-0.022896511169488445,0.42919503692743805,-0.00214424807011232,0.19796261804066365,0.015631391841277084,0.02743472031217707,0.21384229120773407,0.17958359179960454,0.053665025067843056,0.041717738373562574,0.6247577309941288,0.06891598078562494,0.22087765733428522,-0.001951300744747017,0.026640025796436984,-0.00214424807011232,0.20457472593820356,0.10737123359953776,0.008659171442372354,0.00898880714443022,0.23498630243915744,0.10755886222344588,-0.0019750830277395492,0.3220648744474887,0.008624744594341371,0.008624744594341371,-0.0019982659287583887,0.1269209985768161,-0.01351885759742092,0.49584960696245195,-0.01029234172727803,-0.00214424807011232,0.001346128257181195,-0.00214424807011232,0.015354985914020139,0.008623009981538032,0.16119500678277687,0.008623009981538032,0.3565438133017148,-0.005494933168947662,0.19798435103774736,-0.012910477126077971,0.009259643951010449,0.062963263346026,0.008115676509494948,-0.0019472228829796462,0.03604636978960239,-0.00214424807011232,0.23498656074529062,0.22087765733428522,-0.0019750830277395492,0.008659171442372354,0.07724224900600507,0.008659171442372354,0.0018691882545063127,0.24351367526309478,0.016913506314424998,0.18195121293172378,0.22930808986248916,-0.0019750830277395492,-0.012319061271743204,-0.0017547844149318065,-0.00214424807011232,0.273780819877745,0.5107517334597237,0.0002258692304332871,0.19796261804066365,0.008332251615457517,0.2155885592791344,0.007854771157562862,0.0422480381467724,0.3947374363410189,0.1786790766978612,-0.009209953752965377,-0.001935811917982283,0.2025215023092954,-0.00214424807011232,0.17841188730676932,0.008659171442372354,-0.022896511169488445,0.20457661326868695,-0.0021482155143931203,0.008659171442372354,-0.003052049375214822,-0.00214424807011232,0.007853385709738217,0.007853385709738217,0.0028017429801644664,0.4479309278896798,-0.002062989741508356,-0.001935811917982283,-0.0021315965064192255,-0.0033600407298966448,0.016680645736437558,0.25725926273020894,-0.00214424807011232,0.09181628241723933,0.007776008563608411,0.20430381725509483,0.008529718608337955,0.06227821597903527,0.009245191996619273,0.2635211790549272,-0.001935811917982283,0.032441729863912264,-0.022896511169488445,0.03604636978960239,0.2458515341491857,0.32123518122414974,0.009361744523911406,0.0018910770331784649,0.19402026818469575,-0.0024933344997363598,0.030469771572423754,-0.00214424807011232,-0.00214424807011232,0.016931421654281464,0.019942298106857548,0.23107344006705502,-0.00214424807011232,0.5100681736306998,-0.00214424807011232,-0.008083155627218175,0.009245191996619273,-0.0019750830277395492,0.022318403240184637,-0.00214424807011232,0.008623009981538032,0.18535350796822908,0.11655655442301231,0.510733896238254,0.19428448220449007,-0.00214424807011232,0.19241268038148668,-0.004273036972103662,-0.01458946268263574,-0.001935811917982283,0.22087765733428522,0.305750541387443,0.009245191996619273,0.0353594312297499,0.008112220402391596,0.5926360077028869,0.20010468417207392,0.20818402287270382,0.04865283954544607,0.23498630243915744,0.032441729863912264,-0.03734288639685544,-0.03734288639685544,0.01736041314463318,0.0026760963093753615,0.19854863157731995,0.008623009981538032,0.008686401354954396,-0.0015299634558776365,0.0013399461412042235,0.19212454146676167,0.2464802641748686,-0.012355945311898278,-0.001935811917982283,0.008623009981538032,0.20123190998384644,0.02791666994920644,0.011998320938193308,-0.001935811917982283,0.05385229979815226,0.20682377247139544,-0.00214424807011232,0.03643064014542395,0.23740363713991275,0.026895200622124714,-0.012949311264689983,0.016680645736437558,-0.00214424807011232,-0.0023564316442650467,0.008659171442372354,0.05695222833054093,-0.014132606141383643,0.02021038614165553,-0.002447797493125667,-0.012949311264689983,0.012179967687497795,0.15902361482792277,-0.011847437480306616,0.06390716322785367,0.21384229120773407,0.1936398233993452,-0.00214424807011232
chr9:136483055:136483056:NM_014866:SEC16A,0.001970613659751097,0.7716284538727658,0.0011940631173757155,0.005778772137984167,0.0009675303211562625,0.3014351446670881,0.2966557265446421,0.0010279472932271938,0.7717057521023227,0.0008875935576866389,0.10645446409724671,0.06265780577639743,0.0010215453526007945,0.0010031539100369136,0.3032688091992088,0.0010279472932271938,0.9589128233452808,0.7748460908156963,0.002689757564218187,0.000996108364700543,0.0010470293465618674,0.0011026401659443574,0.0008864436502164508,0.02631129325806239,0.3040556360497614,0.0010031539100369136,0.4849977866176447,0.0009675303211562625,0.000928468888235251,0.2811558058844065,0.007607824658894813,0.36050309663108554,0.10288824837659377,0.3014744995934028,0.0011026401659443574,0.2976340095874569,0.0008864436502164508,0.304262872772383,0.01408908668948819,0.0011017462768955488,0.7746758179251765,0.28845659509962734,0.004137836992951199,0.2964832584375005,0.10426887710496016,0.48599852549378164,0.0008864436502164508,0.28143200613765945,0.03466969158104341,0.0009818400016834428,0.001058218964201857,0.0011025498467410744,0.10556792987832533,0.000996108364700543,0.8524690185607249,0.001121785848493373,0.30720087795587103,0.005894037167190197,0.0016802507154805024,1.1695373658471377,0.00468285848432462,0.0008864436502164508,0.3096826510961696,0.0017817828663627688,0.0021895653281947813,0.0008864436502164508,0.005365341464165563,0.3014744995934028,0.28678746226422686,0.003701540733653641,0.008686330142662013,0.0010565301776641889,0.0011025498467410744,0.0028016796130464483,0.2810085828231663,0.2976133730457951,0.0016802507154805024,0.017603924928769527,0.4697346916827768,0.29672739264088144,0.7731905466484104,0.0012684718753825652,0.0049971388430274655,0.2853404077912376,0.0008864436502164508,1.1656088254090533,0.29715900276156043,0.05402646096248609,0.0008864436502164508,0.4572032196438376,0.0008875935576866389,0.003701540733653641,0.0013145901255408043,0.0010170134044633072,0.2861040431511998,0.2896883791027904,0.1120526705710122,0.819361502468499,0.025933048134051062,0.0008864436502164508,0.10269403675820943,0.00427784504328213,0.0018637057249595024,0.0009045943045678517,0.010231465834085934,0.0020058553971009363,0.0020962691064967953,0.8128601138867475,0.456538689593496,0.0008864436502164508,0.29668917230077196,0.003268872010176921,1.1622946818464812,0.0018734354293729327,0.0008864436502164508,0.0013047177995675063,0.2879933740521893,0.28744141699336795,0.2951489851122725,0.0023724131152264016,0.005133811432736862,0.5641515186514808,0.001036724716432763,0.29715900276156043,0.00427784504328213,0.0020529144622707107,0.001311763700614088,0.0059656249776069425,0.002260999328579455,0.0008864436502164508,0.4849528778503187,0.30401569650755295,0.0010607534914501282,0.0008864436502164508,0.28933991033721895,0.0011996103919220957,0.0011996103919220957,0.0008864436502164508,0.503020354589339,0.28132629254878483,0.28687812480195496,0.2812555167324514,0.0008864436502164508,0.0009065497483216889,0.01408908668948819,0.0008864436502164508,0.0009214239975240124,0.2823792960605969,0.0008864436502164508,0.00253632926079439,0.29709637451668003,0.7733311854201841,0.3093100027628978,0.2813730675887196,0.009972042828314626,0.0016959408873985782,0.005216475521753111,0.001683698136861811,0.0011025498467410744,0.011401860267790637,0.29715900276156043,0.0013047177995675063,0.0009818400016834428,0.298416637330599,0.0008864436502164508,0.2852876734291203,0.30993551827118315,0.3049254676778096,0.28796825144051097,0.006442109161305165,0.0012916561821151307,0.028725999109199207,0.0010603762266271355,0.11147054651938748,0.3130566971701619,0.7733311854201841,0.0009065497483216889,0.3040556360497614,0.0021981165622685928,0.21706398255700107,0.005352496853773092,0.2879884347320208,0.022954915048033153,0.0009476788562133576,0.33369533637562426,0.0009468580824931183,0.0008864436502164508,0.0008864436502164508,0.34939091844722037,0.0008864436502164508,0.02833489581548257,0.002027587077166465,0.0016375689298409324,0.0008864436502164508,0.11229137436310369,0.0008864436502164508,0.28749792774151184,0.00627065451267389,0.13044139578960012,0.308477972422549,0.28226709589816024,0.0008864436502164508,0.002260826537063637,0.30086804025011077,0.13373579119796947,0.006336313773467328,0.0008864436502164508,0.10621999807694685,0.3095689360979077,0.10742635505262255,0.5003723397354706,0.2843016205142641,0.10587421578047254,0.7785800813677215,0.0009611251118178399,0.2975961815252501,0.02833489581548257,0.001683698136861811,0.4122693781589717,0.31460960079604294,0.2809484204977979,0.0010565301776641889,0.0016796219186560601,0.0024508041965655702,0.0020529144622707107,0.0011025498467410744,0.7718784719061555,0.10653405565428886,0.025867782610432544,0.15092066755054873,0.003196251587706228,0.7734081110978254,0.29630875481695845,0.28630668505432705,0.0013471013364366735,0.0009325489551596511,0.3833526805978531,0.0018537865990186364,0.0008864436502164508,0.48397913087973043,0.49167608223724496,0.2876452137086083,0.4838973879114317,0.01408908668948819,0.0008864436502164508,0.2863390152484778,0.2908439992262619,0.0008864436502164508,0.7734081110978254,0.5559722874275289,0.2809484204977979,0.30111063300704766,0.0028744472227842377,0.4940369528656958,0.29111224777689615,0.14940880990834843,0.280773534824994,0.773424554779786,0.288484441935597,0.0008875935576866389,0.0008875935576866389,0.2856166795850413,0.004687353788855403,0.0032412394314440818,0.0008864436502164508,0.0010334902956767589,0.0009126978188370161,0.28716486524504037,0.9862539693276197,0.484429155686937,0.27798327210173224,0.0010031539100369136,0.0013463053356206067,0.2875376755818854,0.11198277860391337,0.0009065497483216889,0.0009468580824931183,0.2979169549206345,0.29907457012395156,0.0008877658870030947,0.49715356924965426,0.0019332389054252663,0.768902015017607,0.0013047177995675063,0.1060144420110565,0.000992964355299858,0.2853684512242889,0.0009681704669738944,0.02592097406207275,0.0020913565977947746,0.0028039735234175467,0.0011560836144975661,0.0015108891101713318,0.0031811070820353393,0.02776511248044916,0.44867006650355556,0.0029419886305060983,0.28751150311490925,0.0029857604111789005,0.0020970583500028173
chr9:137028288:137028289:NM_001606:ABCA2,0.22047376322708553,0.14495882185719425,0.014723657378976393,0.024249452601004765,0.009717798981713516,0.14543765337009779,0.04213944949802165,0.04212033733849714,0.0081135822455701,0.01041421421226503,0.01603152595993884,0.16469758615128288,0.15579492501277414,-0.05470774196893746,0.14285551703179275,0.039033956928475694,0.4265541326091794,0.14018760018261267,0.009721089212181636,0.014739315769644379,0.006892896653953054,0.04223281240775266,0.006944062985440591,0.2724003488403339,0.009180410363758718,0.009717798981713516,0.3275731960361292,0.006944062985440591,0.014739315769644379,0.03995713045584609,0.6819224484747152,0.4206241355076334,0.027188767346015136,0.011592871123919074,0.04223281240775266,0.011563987719962796,0.014008032014924302,0.31608734050977205,0.00854969676789609,0.11406110172574188,0.3229487498053332,0.5383369681496692,0.014008032014924302,0.020431884775981027,-0.003561897033111064,0.4335964928947675,0.014008032014924302,0.01181475026761808,0.021077683052634855,0.14811384604994424,0.15697647937503767,0.006992508426900135,0.3264412945104262,0.014008032014924302,0.04762615289088791,0.009717798981713516,0.11113505140932795,0.33831219204421104,0.11620773573505214,0.4273616760948271,0.007174852225408271,0.006844478431702425,0.016275638781521884,-0.055792751562393744,0.021935146284567525,0.006835343645859915,0.09253647610075917,0.011592871123919074,0.01624157828003589,0.0073947436315909,0.01578092046775234,0.014849180772113238,0.007973023378200286,0.15555277668320622,0.020294589959920145,0.3059970381362759,0.11620773573505214,0.03930655014746283,0.1125973159911293,0.007362763624038704,0.3018288264496653,0.006835343645859915,0.08302257906917204,0.16430508435137398,0.007385604008781674,0.3653668482752627,0.1093408712533937,0.01642169616011646,0.009717798981713516,0.4807913955223954,-0.0037727177766581077,0.007385604008781674,0.01112751998098041,0.010091952796578069,0.04146541878526695,0.16259227581899066,0.12491334655337942,0.4473360042946839,0.007260351885643418,0.12267391977939952,0.014008032014924302,0.0073947436315909,0.5434504620477291,0.017534148042866363,0.02156931381181125,-0.0032047985946595525,0.05880330606366847,0.30470399040548385,0.23929281374511668,0.014008032014924302,0.11513308284986046,-0.01614686501217258,0.21273757190417858,0.015063302117913041,0.00864956565106001,0.05915526105110505,0.07946175301981145,0.21467094360126374,0.31354228198850964,0.5070588663575506,0.020644044711059267,0.2988575207993367,0.010417889093783883,0.1205115310995126,0.0073947436315909,0.10029696167786009,0.3132033239154819,0.4061509191797208,0.13709658105596031,0.009717798981713516,0.41302818705542593,0.13304932025811797,0.1369245875942292,0.006835343645859915,0.4343949357968371,0.22309645265591616,0.22309645265591616,0.006861315763984105,0.28509385844937024,0.02296255578309217,0.7718576726227275,0.23155030062183907,-0.058550880609017045,0.007016945097861937,0.008555194959539464,0.006835343645859915,0.011111931475184939,0.002679184309220012,0.009717798981713516,0.05740439618339055,0.03004333439908602,0.4612124024515493,0.2380131911486564,0.007738553757267369,0.0999002476057926,0.34911083756376504,0.39157608338977634,0.006835343645859915,0.008807065045438447,0.009925147601268794,0.3133894831514751,0.026125006069348602,0.014008032014924302,0.0710148090866757,0.009717798981713516,0.14443931879746957,0.5407701505090265,0.3239586803434612,0.12264527754009592,0.4156331751068126,0.02349981431244981,0.11621166598881322,0.007028631854557557,0.03281743487751716,0.4215953626472946,0.21784938246610072,0.008751894967670398,0.3133831292510433,0.04691833250015469,0.6595127630004234,0.0119168492887579,0.19327858933646488,0.4767195954402249,0.14345550047512662,0.08394494652076229,0.014008032014924302,0.41049942259514577,0.00864956565106001,0.49704563429907594,0.009717798981713516,0.009703624183214868,0.25152258997721244,0.007973023378200286,0.009717798981713516,0.45922335317528923,0.011719565846741137,0.1310579969103286,0.03215277451573098,0.4088614341245404,0.17937955804652228,0.1524785489390701,0.014008032014924302,0.008904580287737718,0.15758628413926215,0.008352037842460358,0.17606831907351447,0.006861315763984105,0.12448392056342278,0.43395076310383535,0.26187317839516633,0.4329267170854481,0.05850546034519899,0.007920136447818985,0.4751248985823076,0.009717798981713516,0.02254950067205086,0.009797715935872059,0.006835343645859915,0.3929556680420184,0.37985025312312376,0.3288479628548542,0.12311430959952589,0.14572022410362734,0.044642232386840536,0.014904917263306922,0.006992508426900135,0.009717798981713516,0.007636996370491936,0.006851603375576387,0.6762036413306005,0.006835343645859915,0.011537117497567459,0.006835343645859915,0.19638615272433127,0.12552683539431164,0.006970040978649797,0.10794417794422201,0.006835343645859915,0.0165406855386145,0.2863824643376919,0.9324853787753742,0.44524423791864365,0.30382941200995994,0.007411559279093843,0.03251863764639085,0.2967658170793939,0.28585342556739335,0.009717798981713516,0.30080440612283765,0.1773027171145185,0.12552225581088744,0.6506830165583535,0.007290444742319199,0.16265838566330862,0.022155660347897815,0.17386758366892902,0.10386613136043524,0.19337732117102915,0.1438268970993311,-0.0003341871552740433,-0.0003341871552740433,0.043993443755072886,0.011012880960307933,0.006835343645859915,0.006835343645859915,0.10404250425696071,0.019942763427146654,0.014720079255620008,0.6603731351029309,0.41034475167989115,0.11509689720239709,0.014008032014924302,0.04853095640049057,0.33114703038843124,0.0212914473680441,0.008751894967670398,0.00974363498276333,0.10159782949936741,0.15762138168028694,0.006835343645859915,0.4335993537461372,0.4112111121837705,0.4758613161688935,0.012660214409224269,0.007636996370491936,0.006835343645859915,0.3248462721873384,0.014008032014924302,0.14569052305911073,0.03650523704741268,-0.008237336557505609,0.025446516441767597,0.10276129565354464,0.09462385904292897,0.07447993794769253,0.11566382348603071,0.0227412937839557,0.30438394435438343,0.11721490954231321,0.006835343645859915
chr9:137200711:137200712:NM_001128228:TPRN,0.02516675466190571,0.002878170075497899,0.07943524377028155,0.24333729759576742,0.0030140674996351202,0.002946381256005992,0.05199755860158517,0.0249846113858736,0.002878025003180573,0.21337549784428717,0.01952724498859998,0.1848037640815151,0.0519978817980532,0.23280722792879213,0.31921947740508894,0.002878025003180573,0.26466601290394076,0.1352506176683296,0.002878025003180573,0.002878025003180573,0.056888457078998034,0.014704807193955227,0.002878025003180573,0.08447431436529512,0.267293842555011,0.01836380779819352,0.3579520621008557,0.002878025003180573,0.012425341554184843,0.06824383773819404,0.15371592468084272,0.31227703072268725,0.2625705440883566,0.002948288367210672,0.015367290022944846,0.3217805405179247,0.002878025003180573,0.3513530295887882,0.02321975873715143,0.016427285993965424,0.506441576382614,0.5639610480769759,0.056914679182644756,0.0028886759480620805,0.33014658376473743,0.2632574806265303,0.002878025003180573,0.002922490773210995,0.009960426419993007,0.20270605257969604,0.015736107269336996,0.0029170241518763906,0.07966790243214827,0.002878025003180573,0.2390598220720574,0.013317719820453933,0.37506192260404225,0.3496127170907258,0.1187830131756138,0.3290321249684734,0.002948288367210672,0.002878025003180573,0.00292339711743822,0.14875907627526136,0.2695586903239153,0.002878025003180573,0.05510325051060383,0.002948288367210672,0.0029048011080126668,0.007698345495026848,0.002877343396979426,0.13233352724090114,0.16300531028114845,0.019866379283174584,0.1257112627998868,0.061695309799659925,0.1187830131756138,0.002898860715495555,0.13545418972557843,0.24418889270604643,0.3473666667404744,0.002878025003180573,0.2847451764599811,0.13258310898874845,0.017284990141721523,0.32322403051098086,0.013307170306797844,0.13706678981270948,0.002878025003180573,0.19236732028998982,0.07444462291627207,0.017284990141721523,0.015377896069861674,0.05987331818508557,0.013116636030864659,0.07070197239295556,0.09911785698396347,0.32343974172896006,0.0030730152643185793,0.0036864836458653794,0.07442726388688331,0.01963436373989086,0.32905620837561567,0.0029112881364296572,0.16512982889482947,0.15468604154472368,0.19307870044270373,0.5117162953020791,0.19238502598130586,0.002878025003180573,0.24397265346752117,0.015231320905696344,0.5439812313433967,0.028378539290463634,0.12979332064159688,0.10597946985722767,0.12943391597047435,0.337126587467075,0.2442728863046916,0.0033200410286974846,0.1670779862032004,0.5659017720699436,0.21345313936006294,0.013268459023166201,0.01959562849148616,0.039242198454524035,0.1294224265695743,0.13813514702941226,0.07375058463348205,0.05647745605060772,0.3193473341671738,0.36491309405094674,0.06936128537270136,0.06846490716851655,0.44984723815219074,0.32145660550694966,0.32145660550694966,0.003685516038754444,0.16628579780162522,0.05309910806098572,0.4106463219169086,0.355365100019532,0.002878025003180573,0.0030622345620979763,0.029370879069909595,0.0035407337777603742,0.01891818295043307,0.2680861308135969,0.015199208506805506,0.21068306079601556,0.16379847269506326,0.3021546422314063,0.09048631860589823,0.060032185051694276,0.08450939235617044,0.13435638600791888,0.09719432561330543,0.002878025003180573,0.003058045272629595,0.23515934086137663,0.06240175503740192,0.2118996722434605,0.061467942850511104,0.44899710716938396,0.002878025003180573,0.027309968384165162,0.4145112849522844,0.3448895206314385,0.5280529622864558,0.15774951370432344,0.051957125945480964,0.061965299841231114,0.013897123536968425,0.1366854808520772,0.3071740865894014,0.4144151092643075,0.0031724032777779576,0.2536776152887562,0.21065479908837348,0.3506895648192538,0.06526381080965094,0.3467525039320969,0.5625972965574338,0.052024176998592964,0.25771777780124927,0.002878025003180573,0.009839248474549533,0.002878025003180573,0.09622509286145725,0.002878025003180573,0.018365280940123685,0.1478505545949271,0.003685516038754444,0.002878025003180573,0.3853918631142782,0.09328820372662844,0.44490575522252773,0.13195643985225802,0.14915475026078884,0.4142006752091911,0.23311958534426164,0.002878025003180573,0.06520593071414982,0.11259014805913309,0.047785330676944626,0.1410542520524964,0.1636803004509254,0.0693631729986876,0.0921384245620786,0.1612117690460534,0.2330220741940755,0.062090581362871156,0.168649365105009,0.2258054278231531,0.002878025003180573,0.07404084623152651,0.002923400610979565,0.002878025003180573,0.16850049079250318,0.08930455619760652,0.06885716723566349,0.15737841453474016,0.16811960724037728,0.2673162015271666,0.016724560164443736,0.0029170241518763906,0.3108580329940567,0.04776022278179165,0.002878025003180573,0.5359623743433303,0.0029162466885525595,0.3498871951408361,0.003058045272629595,0.08521718549834373,0.06582576261908768,0.002878025003180573,0.2685951212117963,0.012496241820096177,0.002878025003180573,0.4146745654942109,0.5130012682283951,0.5692305457813815,0.5189788279338776,0.02321975873715143,0.1297461769879601,0.20234760650171058,0.32662611542577624,0.002878025003180573,0.3234747428802648,0.8848888035885446,0.06262782832669822,0.0927335924992298,0.014740682255885373,0.25224613601390256,0.45347337349239103,0.23881472754224742,0.14547070846533272,0.5116964312058896,0.34566979960531424,0.023181011273747054,0.023181011273747054,0.019130293012113497,0.0110069011854258,0.16266843853003954,0.002878025003180573,0.051957125945480964,0.12262642863746637,0.23437270069546115,0.23907255076108797,0.28192398484496567,0.0787487507420443,0.0647328378333597,0.07979555047596931,0.5255051925474401,0.16547221585648503,0.05207595543753091,0.003685516038754444,0.04641605293750811,0.2486436788457979,0.002878025003180573,0.30408263980214456,0.13003335707479383,0.2191073477084744,0.12917065380105214,0.05755965604288116,0.05539903388928441,0.08054431161986486,0.012425341554184843,0.0747682033841151,0.13401685763525445,0.15463566825907413,0.025283256526741127,0.059304569602303014,0.0588036085168282,0.1887022498693861,0.0037575925553602896,0.0029048011080126668,0.32941959743463817,0.07894700388801634,0.002905984132927253
chr9:137277827:137277828:NM_017723:TOR4A,0.0059690128663826315,0.004326299522522933,0.2812189240532291,0.07732505323097169,0.24729460059355435,0.03611015376232097,0.027777322053863945,0.0055871146510447535,0.004326299522522933,0.004539218376653376,0.2892353634334237,0.08004139449747025,0.24686153196675842,0.11501902360927813,0.1128270540889219,0.0036817398026001424,0.027550204747229183,0.21306686123789367,0.0036817398026001424,0.004062756899057076,0.08958347556703578,0.05403650474231919,0.004062756899057076,0.32657544007951933,0.1957944550637358,0.28197627880086173,0.256113057552699,0.004062756899057076,0.03470124697272205,0.26981448566713473,0.04985260274870959,0.4242532713030194,0.24863679487204254,0.03617214885335286,0.008405449337581937,0.3542383688025954,0.004062756899057076,0.1865376031658713,0.03477686739381171,0.25372269687189763,0.40558225105988965,0.13831668287602444,0.3084584130658259,0.4271587788649279,0.29005445118097756,0.3824288872209678,0.0036817398026001424,0.26547467415413134,0.007295155393795702,0.07760612594352934,0.038185249726084794,0.0036817398026001424,0.32503218071262996,0.004062756899057076,0.12113060556763473,0.24696558314821537,0.21629335943580885,0.11086641752320267,0.07338932301507327,0.10162667377873266,0.03420371148427056,0.0036817398026001424,0.13547753127868853,0.28362885682475064,0.006168663013287352,0.0036817398026001424,0.02587232840813935,0.035509093417372885,0.12122164364323859,0.005071446800754855,0.004078819290967119,0.19458685342575932,0.003963454542607485,0.04204063391526228,0.24700455539788957,0.05898252618296476,0.07338932301507327,0.03309396507061012,0.4115961754237941,0.09548160810132088,0.25574246787602306,0.009394697509985724,0.2920913500874005,0.13027391095321045,0.034655571649436834,0.1725186751730666,0.19310056880755877,0.03963742753969436,0.0036817398026001424,0.10188504179157722,0.2812374367066064,0.034655571649436834,0.00548498291550336,0.007050524152345899,0.19937013694231012,0.09198804113828725,0.07309938473557441,0.09774016101322905,0.006937895615252831,0.08023885415520492,0.2812166953002836,0.3000854373349895,0.2988199116868121,0.06164833013303915,0.010145849642292579,0.29010370904098676,0.2665647186894041,0.36524322269215403,0.12351177747728367,0.0036817398026001424,0.09908216970698644,0.08895079390195051,0.38631109611092995,0.019257917161837314,0.2464603787589045,0.0288178046655203,0.15057457459015677,0.3866447303326123,0.1394024629541115,0.07095914487235892,0.01724598139576238,0.221389490404317,0.2816776557436396,0.19310056880755877,0.2688570286836647,0.2893947221793658,0.014572956346991014,0.13665982274047012,-0.006363358091093542,0.004183812723532226,0.28402748501823444,0.3872417261779562,0.02286846554457365,0.005519535216968172,0.1102019636117306,0.3400356517656864,0.3400356517656864,0.0629489289540026,0.48461899040243683,0.013048982879214677,0.46255609068107845,0.16124710570865064,0.0036817398026001424,0.0039682182143590435,0.12300634472170861,0.007118816703657872,0.007803944950061346,0.3575724493722481,0.005866389035253036,0.5265007251299731,0.06671027219212974,0.10333892761748795,0.11933321751199252,0.24826495779770247,0.25476494492500157,0.058114226334523386,0.17784789800311124,0.0173364231425276,0.0036817398026001424,0.5137319551320505,0.19318516299475497,0.011726067758825426,0.03434908354075423,0.1202300982393391,0.004062756899057076,0.02906404742644902,0.4070091590594259,0.15099677956017535,0.446614675203796,0.3246312625609965,0.0037221120406753204,0.11466660581019605,0.12285013254293864,0.04843707032845635,0.07105485888652618,0.08767478023111666,0.01772049335242595,0.18427746198032577,0.39375558927033955,0.11083574306404267,0.0055254273456788044,0.11049198264538865,0.5029990891478939,0.03413387173471501,0.1023176886731112,0.0036817398026001424,0.0036817398026001424,0.0036817398026001424,0.3562699939740107,0.0036817398026001424,0.11436782564904713,0.22473788664622651,0.0629489289540026,0.004057854673508072,0.05057038814150018,0.0368129861849096,0.36969080229991336,0.590720490226177,0.37657660455312975,0.2881198976810425,0.10458725608475973,0.0036817398026001424,0.006696903292450863,0.1169565673026872,0.027212248592383505,0.40267908954394727,0.0632568311170588,0.02039736502341656,0.08145605462155342,0.24652859539176472,0.45115046383279056,0.4988779748309513,0.051872993337847895,0.0889320392700028,0.0036817398026001424,0.14357201881012358,0.07796077046469921,0.0173364231425276,0.07342282742345271,0.18514498303902527,0.04471692310688996,0.4335886731489399,0.004302902429379932,0.36488438620470465,0.2872626489670007,0.0036817398026001424,0.3670874408420066,0.027206710745179257,0.0036817398026001424,0.36497685361964805,0.004062756899057076,0.3904188602913633,0.0036977991908878176,0.09003766337080363,0.021189070997620445,0.0036817398026001424,0.39643250168401023,0.07924259854727371,0.012495001544538442,0.1297654398735012,0.14997193449484142,0.12810367788174293,0.3868507707384286,0.03477686739381171,0.004153340085686932,0.13917826439592393,0.30194645071251613,0.004062756899057076,0.38670679284142717,0.7467892059054975,0.04414996220468459,0.40865611508009153,0.01588505824433017,0.22523798383586358,0.3969003463363244,0.1149407910329627,0.08939429522485075,0.3881725704050818,0.09399987123096223,0.028001086240525542,0.028001086240525542,0.2176254905676271,0.4792983571396977,0.003963454542607485,0.0036817398026001424,0.010853605496529917,0.021504009579287737,0.08560709928244178,0.3685887228735756,0.32752658169387716,0.0736810494802509,0.2471897907017569,0.04128550543431686,0.4561556885303586,0.02689948609952313,0.01292258465531094,0.0629489289540026,0.36021843764484673,0.20038025577336452,0.004062756899057076,0.3667586366058402,0.31541033115243566,0.10209381759987976,0.06351786599918749,0.058259587082022196,0.003716249377848306,0.2847989156139746,0.034696355188144415,0.2465519794550567,0.25882848758355737,0.3129392456072996,0.05735502289576114,0.0629931494828869,0.24341302037330462,0.1011147455639343,0.10422302234570302,0.12121771427329657,0.38670679284142717,0.014263485587134282,0.0036817398026001424
chr10:689668:689669:NM_014974:DIP2C,-0.129251344330722,8.987994561598933e-05,-0.13076169513699648,0.021136094929672555,-0.13167031765003517,-0.12738168429231367,-0.1314759278577068,0.06361951616776784,0.11799867074338327,-0.005889347044526205,-0.11340539871832828,-0.10709388843358597,-0.025039334018252368,-0.13051182684488238,0.0008161741122838517,0.06341991857468554,0.030673002956566775,0.03457580015911943,-0.1309845015259959,-0.13105644120066645,-0.002154200288538244,-0.23402998794407276,-0.0059746805802139424,-0.006003058688519136,0.16824812797319022,-0.13106889682266498,0.000801566280385857,-0.005742334206347233,-0.13155155999014373,-0.0057648698852652,0.0001803812979528363,-0.2023474087014528,-0.13049936433262793,-0.0004064676379176291,-0.23634548306376846,-0.34726065490291375,-0.005997210711186418,0.000801566280385857,-0.0023812825484545996,0.4221503571134938,-0.005997210711186418,0.16835777299276294,0.0103434352532501,0.01058759563154299,-0.00026953321757794413,0.003750509542712277,-0.005974255119789218,0.24175693164957324,-0.005328637112428092,-0.13086822275976534,0.011554935490345863,0.002466993787274052,0.1739836767446936,-0.005997210711186418,0.16059052907678978,-0.005798555186783849,0.001790521422053104,0.0008161741122838517,0.24173778168982551,0.16848820717040483,-0.006007236079458911,0.15548885972508342,-0.006007236079458911,0.006041672432223644,-0.12768573678039996,0.01156499549178902,0.000801566280385857,-0.000494019730315487,-0.005997210711186418,0.04913667247904269,-0.005997210711186418,-0.0003996198295794784,0.004855291692976604,0.39083667061919547,-0.13165421801750188,0.06523947522251211,0.24173778168982551,-0.005997210711186418,-0.005997210711186418,0.023406574381333922,0.000801566280385857,-0.005275818362850571,-0.0057648698852652,0.09874592655737796,-0.0023812825484545996,0.00795461649918422,0.000801566280385857,0.01802535370532854,-0.13167031765003517,-0.0028893279476924216,-0.005997210711186418,-0.004753243510412397,-0.005983337694962676,0.1547825802472254,-0.0037887268994291623,0.0030693319518442785,0.15575937460700473,-0.13076169513699648,-0.0014567017328980247,0.15200192958758335,-0.005997210711186418,0.2633474878421827,-0.0008291585620821551,-0.23528620924423754,0.060120907532887236,-0.1273258723537246,-0.005671845226602912,-0.21993688594147842,0.15800210140169257,-0.005997210711186418,-0.3443747586283973,-0.005997210711186418,-0.005997210711186418,-0.005997210711186418,-0.005796011630501696,-0.0059041961078180605,-0.11082371973079136,0.000801566280385857,-0.06481251794852161,0.015723786056280886,-0.00442759837433393,0.010582803390168316,0.01658693670562522,0.0008161741122838517,0.2633474878421827,0.18194431885125634,-0.0059041961078180605,0.000801566280385857,0.011552611897502174,-0.005997210711186418,0.01569996652454797,-0.005997210711186418,-0.0027094024849721454,-0.005727273107333786,0.15199558816984882,-0.005997210711186418,-0.005997210711186418,0.024608763770972986,0.1872530620583439,0.023118998138462854,0.08999724753211141,-0.13087164483778368,-0.005956300559243677,0.01545689164515951,-0.0023434674395516053,0.24238989418508639,-0.005990479104403312,-0.13162885062022112,-0.005997210711186418,-0.00584042198689122,0.0010933868915636302,0.0008161741122838517,-0.005997210711186418,0.014343069008901255,0.010683596541722185,-0.005607033455335364,0.14098057354989738,-0.005998453593397124,0.0008057617826879859,-0.005997210711186418,0.0008161741122838517,-0.005671845226602912,-0.005997210711186418,0.01838044448065068,-0.005997210711186418,0.002540916209003541,0.17368982692391532,-0.12905957472539886,0.000801566280385857,-0.22003334137926822,-0.12994392121420095,-0.13888166826623466,0.0721799481903947,-0.005997210711186418,0.029251999921246996,0.0008161741122838517,0.015191502079497599,0.0054280418651934115,-0.004254590911958123,0.1600662668920853,-0.005983327974512953,0.0013650185048896257,0.1740132805914488,-0.00384501763847217,-0.0014567017328980247,-0.005997210711186418,0.15190979132224558,-0.005970277707610772,0.007338223504051777,-0.005997210711186418,-0.005985364724245934,0.000801566280385857,-0.005997210711186418,-0.005997210711186418,0.15289531677554818,-0.002337538433500652,-0.22022544379215864,-0.00584042198689122,-0.07596766821350864,0.007112938938976743,-0.1307047564546544,-0.005997210711186418,0.016311877760727234,0.2500207580613621,-0.13147392108418815,-0.005997210711186418,0.008587775461227132,-0.0032692432816886496,-0.006112630614137471,0.17028958374038938,0.24528377441197552,-0.13000779903419057,-0.005727273107333786,0.26636365001747664,-0.005983327974512953,-0.005997210711186418,-0.005934923449374185,-0.005766110478549136,-0.0413524285913231,0.09510636989799184,0.15945932682107322,-0.0004986178790170603,-0.13163487235836685,-0.00542857533258706,0.2675811440810722,0.000801566280385857,-0.005451125825865766,-0.0059041961078180605,0.041790897108181124,0.3773832692041442,0.15189484066696768,-0.005997210711186418,-0.0057648698852652,0.05160534244845855,0.15793582243703852,-0.0059746805802139424,0.01231029076759077,-0.003231775171310902,-0.0059041961078180605,0.0008057617826879859,0.004361120370057092,-0.06899952193438302,-0.08543349205115058,0.24595927427528486,-0.005909010035062445,-0.06480284485626414,0.20838297574732007,-0.005983327974512953,-0.3723118883021065,-0.06235028239374307,0.15200192958758335,0.02239407483393363,-0.005997210711186418,-0.005278771561695705,0.16595347624791662,0.3768061809369564,-0.005997210711186418,0.000801566280385857,0.014824667881353282,-0.005997210711186418,-0.005997210711186418,-0.130026623533452,0.05530100849460162,-0.00442759837433393,-0.005997210711186418,-0.0009122139731334578,-0.005205613131235909,0.17451778738139156,-0.058713156227002905,-0.2200839822970379,0.4227147007662284,-0.13162885062022112,-0.005997210711186418,0.000801566280385857,-0.005996629120359143,0.06910846090520034,-0.005997210711186418,0.18040663988361308,-0.057047630502240265,0.05238855884689286,0.270944281188712,-0.1530808080385947,0.0900470732748497,-0.005997210711186418,-0.005783989786851684,-0.005997210711186418,-0.005983327974512953,-0.005983327974512953,-0.005997210711186418,-0.005997210711186418,-0.13087905392628324,-0.005750985394529118,-0.005997210711186418,-0.0058166836007566,0.005416935747141416,0.1524997594714626,-0.005997210711186418,-0.2207687364662338,-0.004706953722137808,-0.005997210711186418
chr10:10794914:10794915:NR_027082:SFTA1P,0.006134397511755485,0.18359903544728168,0.49694597409292507,0.006210052837584024,0.031207871468477144,0.7910853731897964,0.1761749124121459,0.48389863142532674,0.12856607799485953,0.07796382542339964,0.6763899459498379,0.006134397511755485,0.3370117542547332,0.006134397511755485,0.006134397511755485,0.47771244164309273,0.04954554480344425,0.5342002817480374,0.3071028746217519,0.28476679623884177,0.006269711047433513,0.5859944326641283,0.500870642785143,0.5203159754951354,0.006134397511755485,0.3020745675814587,0.006134397511755485,0.46786832631889547,0.46740791837598566,0.828170558379569,0.17559118482043878,0.006134397511755485,0.8674250604923759,0.10258861320592977,0.5860309869570834,0.31965605847174117,0.006134397511755485,0.006134397511755485,0.04603369228326981,0.051675047327622625,0.006134397511755485,0.006134397511755485,0.568256663255785,0.4539032307285076,0.6296309861961372,0.2866205740906601,0.006134397511755485,0.7950230738076568,0.006135866939705081,-0.010662816829660693,0.14127419776814953,0.006134397511755485,0.6763899459498379,0.006134397511755485,0.06855337510551202,0.5138445298998146,0.006134397511755485,0.006134397511755485,0.4851664563961392,0.006134397511755485,0.14127419776814953,0.2039406591903507,0.00647745218934237,0.05125995609273665,0.006134397511755485,0.006134397511755485,0.006134397511755485,0.03165367125207352,0.03811079027534742,0.06906008803276892,0.006135866939705081,0.006134397511755485,0.006134397511755485,0.006146111711012703,0.022255177117148695,0.00635739070304242,0.5000694666423239,0.006134397511755485,0.006134397511755485,0.006134397511755485,0.006134397511755485,0.21941402079598538,0.006134397511755485,0.28640980982554926,0.04603369228326981,0.006134397511755485,0.006134397511755485,-0.020546368301150753,0.006134397511755485,0.006134397511755485,0.006155063584886489,0.04603369228326981,0.012066576787627625,0.006134397511755485,0.0685548278992203,0.006134397511755485,0.016847187003694974,0.006134397511755485,0.0069854675569247515,0.006134397511755485,0.006134397511755485,0.20055155088919835,0.33222809838395306,0.006134397511755485,0.006134397511755485,0.666377837631479,0.3139299818113762,0.006134397511755485,0.006134397511755485,0.006134397511755485,0.01539014450424403,0.015176048807858833,0.006134397511755485,0.006144775784038992,0.006134397511755485,0.33642680262066016,0.006134397511755485,0.006134397511755485,0.006134397511755485,0.062264982069051844,0.006134397511755485,0.006134397511755485,0.2548699918097957,0.006134397511755485,0.07250182278435208,0.6664298929531696,0.006134397511755485,0.006134397511755485,0.33109500883858256,0.006134397511755485,0.8219552660983229,0.006134397511755485,0.21964762931324366,0.006134397511755485,0.006134397511755485,0.006134397511755485,0.006134397511755485,0.09976308485902596,0.4617263227132691,0.006134397511755485,0.006134397511755485,0.021696935955315577,0.06855337510551202,0.2886241041970043,0.4080372904242807,0.03746026579096101,0.006134397511755485,0.006134397511755485,0.006134397511755485,0.03318246753770615,0.035465499906095266,0.006134397511755485,-0.01885268484337793,0.7950132403889927,-0.03159250663659302,0.32980640443304565,0.006134397511755485,0.006134397511755485,0.006134397511755485,0.006134397511755485,0.006134397511755485,0.29273689130387315,0.006134397511755485,0.006134397511755485,0.006134397511755485,0.006134397511755485,0.20407482493063173,0.006134397511755485,0.006134397511755485,0.176070448729912,0.006134397511755485,0.02553518920988901,0.41929322008613956,0.006134397511755485,0.19362742511459702,0.006134397511755485,0.11751796020654198,0.28640980982554926,0.011864298186990752,0.006134397511755485,0.006134397511755485,0.006134397511755485,0.1706682371337349,0.015334250602383692,0.006134397511755485,0.006134397511755485,0.06855337510551202,0.004555979722500825,0.028265347435520727,0.006134397511755485,0.006656987522134672,0.006134397511755485,0.006134397511755485,0.006134397511755485,0.006134397511755485,0.4080372904242807,0.006134397511755485,0.16553887037296372,0.18691570006887415,0.006133885979779596,0.043313187925588914,0.006134397511755485,0.006134397511755485,0.48551388757756353,0.009172681860455889,0.006134397511755485,0.08265460635804478,0.009902471152415715,0.29273689130387315,0.10549251186501668,0.821284374876303,0.00647745218934237,0.006134397511755485,0.16539944862786277,0.006134397511755485,0.006134397511755485,-0.02219432744330896,0.006134397511755485,0.04947690419907186,0.04946897845197035,0.016928698552658772,0.006134397511755485,0.006134397511755485,0.47560744021183027,0.629629853393395,0.006134397511755485,0.006134397511755485,0.00923040306027767,0.006134397511755485,0.012098836592960016,0.006134397511755485,0.006134397511755485,0.006134397511755485,0.006152512411274902,0.006134397511755485,0.45389491633124746,-0.03157432542747096,0.008710553502587093,0.006139244431177249,0.006134397511755485,0.006134397511755485,0.006134397511755485,0.006134397511755485,0.10622169713752722,0.006134397511755485,0.006134397511755485,0.008567613709626942,0.006134397511755485,0.006134397511755485,0.28512844617750976,0.006134397511755485,0.2927598807841707,0.006134397511755485,0.006134397511755485,0.0288268125661017,0.006271257339081016,0.006134397511755485,0.006134397511755485,0.006123199172022642,0.006134397511755485,0.006134397511755485,0.006135669152770529,0.507744638389241,0.006134397511755485,0.006134397511755485,0.4391502020730205,0.006134397511755485,0.06855337510551202,1.057332699105073,0.015102326932627252,0.006134397511755485,0.006134397511755485,0.003884727271221855,0.006134397511755485,0.16542518040944498,0.10321387170499358,0.006134397511755485,0.05430832382140138,0.0061337275303045,0.01830555498556391,0.48435966557572063,0.4987963191724203,0.16539944862786277,0.006134397511755485,0.015180758822130158,0.47602653779456405,0.5081333544976216,0.006134397511755485,0.32697384474856706,0.006134397511755485,0.006155063584886489,0.016152596756660864,0.07802352977648408,0.006134397511755485,0.005958281186052239,0.016847187003694974,0.0377593521083911,0.006134397511755485,0.006161948255871241,0.006134397511755485
chr10:11005295:11005296:NM_001025077:CELF2,-0.008464167358581576,0.02164541461767122,4.665507831946858e-05,0.07176251800064948,-0.008464167358581576,0.03038668932104216,4.665507831946858e-05,-0.008471089019278621,0.006732980998739091,0.38560567352439823,0.5174973201134553,-0.008406946541523297,-0.008471089019278621,-0.008464167358581576,0.04430378922529887,-0.008471089019278621,0.12709829061286315,0.12163339722091371,0.00029092622952986424,0.3120634907770172,-0.00029077020256484953,-0.00037979282238986833,0.0071291581675063664,0.3870010529181429,-0.008464167358581576,4.665507831946858e-05,0.04430378922529887,0.007122688224453277,4.665507831946858e-05,-0.008471089019278621,0.34537088094336554,-0.008464167358581576,0.3120634907770172,-0.008471089019278621,0.00035987932289160973,0.053067241502707696,-0.008464167358581576,-0.008464167358581576,0.3185075993661778,0.08705323310928592,-0.008464167358581576,0.12071132240491511,0.40793483300916944,0.4064250642326952,0.39661166400277015,0.044302772699085446,-0.008464167358581576,-0.008471089019278621,-0.007486871014520391,-0.008464167358581576,0.31609181482080184,-0.008464167358581576,0.5174973201134553,-0.008464167358581576,0.07699868994245795,0.3120611602929152,0.018405538019265033,0.04430378922529887,0.012883527093214497,0.07700645656336302,0.31609181482080184,0.08125839537566315,0.29899968810322,0.007004911336967012,-0.008464167358581576,-0.008464167358581576,0.04430378922529887,-0.008471089019278621,0.29949380031482975,0.3090728617367863,-0.008464167358581576,-0.008464167358581576,0.07700645656336302,-0.008464167358581576,-0.008464167358581576,-0.010040111185433798,0.012883527093214497,-0.008464167358581576,-0.008464167358581576,-0.008464167358581576,0.07700645656336302,0.03958427794224606,-0.008464167358581576,0.04539648205332225,-0.003931561425984942,0.34045985165221904,-0.008464167358581576,0.48873964475954623,-0.008464167358581576,-0.008464167358581576,-0.008464167358581576,0.3090728617367863,-0.008464167358581576,0.04430378922529887,0.338171585058764,0.023938511347359692,-0.008464167358581576,-0.008464167358581576,-0.008464167358581576,-0.008464167358581576,-0.008464167358581576,-0.0039363022630362066,0.06658826459022904,5.37218361392755e-05,-0.008464167358581576,0.8268383045561043,-0.008471089019278621,-0.008464167358581576,-0.008464167358581576,-0.008464167358581576,-0.008471089019278621,-0.008464167358581576,-0.008464167358581576,0.019530363154114938,-0.008464167358581576,-0.008471089019278621,-0.008464167358581576,0.019520613737530113,0.01953086539878146,0.07068592956209252,-0.008464167358581576,0.04430378922529887,0.3854634686358711,-0.008464167358581576,0.3090728617367863,0.3963356450091644,-0.008464167358581576,0.04430378922529887,0.0030366585515682054,-0.008464167358581576,0.3757401768761036,-0.008464167358581576,-0.02727347328111418,-0.008464167358581576,-0.008464167358581576,0.019530363154114938,0.019530363154114938,0.09499843240196404,0.5119524589411564,0.04430378922529887,-0.008471089019278621,-0.008471089019278621,-0.00949906023991165,-0.035087506422016634,0.3020816907189635,0.3007962320469497,-0.008464167358581576,-0.008464167358581576,-0.008464167358581576,0.08121554927737662,-0.008464167358581576,0.04430378922529887,-0.007745360926693201,-0.005338640947451734,-0.008438030310823241,-0.008473125480442656,0.019530363154114938,-0.008364605572835915,0.04430378922529887,-0.008464167358581576,-0.008464167358581576,-0.008471089019278621,-0.008464167358581576,-0.008464167358581576,-0.008464167358581576,-0.008464167358581576,0.07757172211744234,-0.008464167358581576,0.019530363154114938,0.04429691474849917,-0.008464167358581576,0.0074966314219655494,-0.04963347362338055,0.019530363154114938,0.06646861583196262,0.07700645656336302,-0.0357556001982704,-0.008464167358581576,0.08334711834291841,-0.008471089019278621,0.04430378922529887,0.019530363154114938,0.1256452745679686,0.020476282517966404,-0.008464167358581576,-0.008464167358581576,0.07700645656336302,-0.0066655162279839475,0.3574822903936965,-0.008464167358581576,-0.008459489610887938,-0.008464167358581576,0.019530363154114938,-0.008464167358581576,-0.008464167358581576,0.3126717630194522,-0.008471089019278621,0.14772967379078328,-0.012402465016636,0.018468855635104364,0.009792408965105137,-0.008464167358581576,-0.008464167358581576,0.11048158784511197,0.01956270813760308,0.04430378922529887,0.05128241177774828,-0.027272083374806466,0.019530363154114938,-0.008464167358581576,0.04337557638383904,0.2989944736032366,-0.008464167358581576,-0.008464167358581576,-0.008464167358581576,-0.008464167358581576,-0.008459489610887938,-0.008364605572835915,0.303558225452748,0.018405538019265033,-0.01996145280259387,-0.008464167358581576,-0.008464167358581576,-0.008471089019278621,0.8310874950140037,-0.008464167358581576,-0.008471089019278621,0.019520613737530113,-0.008464167358581576,-0.00042441823673644574,-0.008464167358581576,-0.008464167358581576,0.07700645656336302,0.09566117041813216,-0.008464167358581576,-0.008471089019278621,0.07983104459208068,-0.008464167358581576,-0.009270502220994459,0.04430378922529887,-0.008464167358581576,0.019530363154114938,-0.008464167358581576,0.3090728617367863,0.019530363154114938,0.01953086539878146,0.3592115942644478,-0.008464167358581576,-0.008464167358581576,0.019867439127778552,-0.008464167358581576,0.3572108942974148,-0.008464167358581576,0.04430378922529887,0.006177078797722779,-0.007815736441556975,-0.008464167358581576,-0.008464167358581576,0.05489376144918512,-0.008464167358581576,-0.008464167358581576,0.338171585058764,0.3110304765930061,-0.008464167358581576,-0.008464167358581576,-0.015341761468697368,-0.008471089019278621,0.07699868994245795,1.0314895608827634,0.3702202548970005,-0.01240036279257728,-0.008464167358581576,0.01581025764773636,0.019530363154114938,0.004579239874865526,-0.01961652795196067,-0.008464167358581576,-0.005101439975682909,-0.009484787092131297,-0.009764496886239704,0.045291994418147685,0.04255634126315666,0.10376598262470793,-0.008464167358581576,0.020439640499973488,-0.008464167358581576,0.3120611602929152,-0.008464167358581576,0.4187134652259493,-0.008464167358581576,-0.008464167358581576,0.04430378922529887,0.07699658560882228,-0.008464167358581576,0.12046215027622298,0.0022509067141253114,0.33871841726374485,-0.008464167358581576,-0.008464167358581576,0.3267398039386159
chr10:23439268:23439269:NM_001145373:OTUD1,0.02682278251505249,0.02622015099109802,0.01214666913315178,0.7449394505813908,-0.00020442143234954135,-0.00033814483187195876,0.12865027134482884,0.010275074337465606,-0.0010310229708680452,0.0415912424922556,-0.0013588991253976612,0.029969663159398377,0.0851343610860091,0.02683599364039886,0.7449394505813908,0.008870078599596126,0.7471852056640482,0.0693284472119031,-0.0014440236757155,0.03969413381792104,0.012725393302840934,0.09836765034983715,0.07510384192076099,0.0884500245848097,-0.0013588991253976612,0.03967674273010566,0.1138103892085316,0.0750719035741878,0.03967674273010566,0.14528992085868742,0.03572080267641886,0.1960661424854025,0.03970068089948833,0.07325028874414447,0.10404799155529981,0.12413521478995987,-0.0014440236757155,0.40228197166875346,0.015758665496850705,0.11035125078657831,0.2161179408475147,0.11152339866101679,0.05603179134999256,0.1407700985509874,0.49605600531230387,0.010689519662179667,-0.0013588991253976612,0.1165345553270383,0.041356284871336746,0.03089322438288905,-0.0012544034606320753,0.7449388697026152,-0.0013588991253976612,-0.0014440236757155,1.1858773355186973,-0.0014086198626379887,0.21509565957104224,0.11382653063936479,0.0453692890130869,0.11382653063936479,-0.001323351293789951,0.012212112311349263,3.6993957455572213e-06,-0.0007602679393015621,0.17292358673192143,-7.787938805134398e-05,0.1138103892085316,0.07325028874414447,0.009775994613504355,-0.0013588991253976612,0.004319079485575,0.03833523579116688,0.7449623226805413,0.0207340363529723,-0.00022240955752200753,-0.0013588991253976612,0.045502611104835985,0.0009567484643749208,0.11389827595683474,0.40228197166875346,0.1138103892085316,0.14381341946883924,0.7449394505813908,0.11395096437486806,0.043228590327786906,0.751326787799977,0.1138103892085316,0.7370816081334706,-0.0013588991253976612,0.1138103892085316,-0.0014440236757155,-0.00024449855136057796,0.40228197166875346,0.1138103892085316,3.6993957455572213e-06,-0.00134602824501584,0.10474978412171926,0.22153768564939758,0.0009446389517273057,0.13360506454098428,-0.0014440236757155,-0.0013588991253976612,0.023307009343186733,0.40228197166875346,0.6169458297533525,0.068449366479073,0.13257940487070904,0.1783486072067603,0.11382735776043176,-0.0014440236757155,0.7568272736513166,0.04749079938924948,0.12417765197540151,0.4100922790497688,0.4108186787018228,0.13552784174207858,0.05572990367001532,0.21614702992298945,-0.0010707183554625743,0.0002296454646214391,0.12417765197540151,0.11380897804150511,0.04226317401085694,0.1138103892085316,-0.0013588991253976612,0.495991721090788,-0.0013588991253976612,0.1138103892085316,0.011251755857183923,-0.0014440236757155,0.010665613811094418,0.12417765197540151,0.06751507177597947,0.1138263240345583,0.11382653063936479,0.40229779580177844,0.40229779580177844,0.11063979782841808,0.1138103892085316,0.12417765197540151,0.1241961109794448,0.13439195931063466,0.4049321895318303,0.1388129027730713,0.04336991572324314,-0.001339769887359829,-0.0014377670915669133,0.15818934053856787,-0.0014440236757155,0.18300766409947933,0.11524608893932085,0.11382653063936479,0.012212112311349263,0.0053197739730929255,-0.0014581837033904033,0.009542332396211453,0.1241961109794448,-0.0012606622677830415,0.7449617418862462,0.1138103892085316,0.1138103892085316,0.13559627031251428,-0.0014440236757155,0.13020653074858846,-0.0014440236757155,0.11383055839057282,0.11398899132330878,0.20495748137315226,0.11380897804150511,0.039775657294007366,0.1454972823672357,0.03531363962685574,0.42433983299878475,-0.0013588991253976612,0.7436297638323067,0.11382653063936479,0.44046169327162676,0.1138103892085316,0.10176671421284915,0.16654396617193062,-0.0013588991253976612,0.21614702992298945,0.6613923032533497,0.012144323516176725,0.7449394505813908,-0.0014440236757155,0.4022978222594678,0.4022904847860504,0.14930836292424718,-0.0013588991253976612,0.04748414361925263,0.12417765197540151,0.12417646569464404,-0.0014440236757155,0.1138263240345583,0.045913645531016734,0.1241961109794448,-0.0013588991253976612,0.1343741298980282,0.12424020897085761,0.1146856658572237,-0.0014440236757155,0.40228197166875346,0.16973654040347677,0.1178416578062417,0.1138103892085316,0.12328096281174075,0.07864134880667638,-0.0012717240089470672,-0.0013588991253976612,0.03094969546760125,3.6993957455572213e-06,0.004224467536309673,0.6195837326040454,-0.0014440236757155,0.1138103892085316,0.019720995453041942,-0.0012606622677830415,0.022427204086118993,0.15751596822966618,0.23342837496334248,0.04023627319659688,0.025781657004436367,0.12420389898604053,0.547899855590149,0.11382653063936479,-0.0013588991253976612,0.11784687769828771,-0.0013588991253976612,0.17497300709751143,0.40228197166875346,0.2063357845003965,0.40228197166875346,-0.0009892071434440958,0.11774420177784974,0.01220134993776155,0.12124137907177224,0.12244408923627537,-0.0013588991253976612,0.11382511951953131,1.1858643945232983,0.20325896993751846,0.2161179408475147,0.04323055378818383,0.6169458297533525,-0.0010707183554625743,0.24993945981915583,-0.0014440236757155,0.1138103892085316,0.21175317965363258,0.11774978209011615,0.03453993838358639,-0.0013588991253976612,0.7449394505813908,-0.0013777298412054884,0.17480151550121148,0.054279188138205106,0.11518528779679815,0.1138103892085316,-0.0013588991253976612,-0.0013588991253976612,0.11150751867054771,0.21485705553814718,-0.0013588991253976612,-0.0013588991253976612,0.12260726809922018,0.1138103892085316,0.7462444341080884,0.05203423153796802,0.14566894343720982,0.21181870546935486,0.1573222568414044,0.02169100860552506,0.21614702992298945,0.4079337697079334,0.5130011549888818,-0.0014440236757155,0.017451565501400895,0.12423877857933102,0.0905416463898492,0.0107234089034568,0.14082042695532276,1.6456584349983094e-05,0.11382653063936479,0.00303213768655948,0.13000515570331211,-0.0013588991253976612,-0.0014440236757155,0.08172136170291311,-0.0013588991253976612,0.025712152106276517,0.05249443862695288,0.12417765197540151,0.021577052693093124,0.6652334065711382,0.11392348785190856,3.6993957455572213e-06,0.2161179408475147,-0.0013588991253976612,0.013680338033789777
chr10:46019537:46019538:NM_001145262:NCOA4,0.5278813118847672,0.17465962936809534,0.3594166817458261,0.10483437385361016,0.00020795952994803746,0.17509966194519277,0.09788660631247303,0.07017220223787146,0.17488495527841286,0.5277422897027508,0.6396598815695507,0.0001420643204655958,0.5754624706339972,0.5305774053591535,0.5729685654829724,0.00012963057213824514,0.10483437385361016,0.32087900079031384,0.4634664586904763,0.00012162566451695556,0.08598776812834563,0.06913625074993135,0.0002682937238091543,0.07079449081011285,0.10480783243816565,0.3594166817458261,0.0001419842626905199,0.0002682937238091543,0.00012162566451695556,0.07105453555481325,0.16263274804490838,0.8868908871073884,0.4634664586904763,0.09819546707139234,0.0706290130252431,0.5647477039399507,0.00012162566451695556,0.5728831103615839,0.06597568992782599,0.02956768634042617,0.5729685654829724,0.5729685654829724,0.5184681560717661,0.0013023185289744443,0.8571382628040725,0.5854171259526137,0.00012162566451695556,0.00012162566451695556,0.00011884008436444105,0.6847539784991654,0.10005314266176468,0.10483860249242676,0.6395089768704662,0.00012162566451695556,0.5729749429131077,0.3594166817458261,0.5655183091231788,0.3594458439515076,0.7582557259278353,0.3594458439515076,0.10087586310816368,0.00012162566451695556,0.0021836143020912413,0.7065413163170284,0.10517828105051132,0.5729685654829724,0.10243930126960747,0.098002752475298,0.3594166817458261,0.06883950143780163,0.00012162566451695556,0.46109797023725746,0.5648295744160772,0.00011605642260867355,0.35956974738972275,0.7066789130535718,0.7582557259278353,0.00012162566451695556,0.3594458439515076,0.10480783243816565,0.3594166817458261,0.00012162566451695556,0.36026873036244744,0.722843430427587,0.15849351337575424,0.5648295744160772,0.5647477039399507,0.13352667502235382,0.00012162566451695556,0.4173928637258279,0.528796177806039,0.06597568992782599,0.5647477039399507,0.3594458439515076,0.3622675503441819,0.3594512088042659,0.00866018077670122,0.8586210582634138,0.0011560356778503311,0.008066287288034657,0.3594166817458261,0.07392113020094729,0.12415073237125376,0.69290330931713,0.5729946940613522,0.7103730744672918,0.4213890147055196,0.20155623143810605,0.4173255030237955,0.00012162566451695556,0.5647477039399507,0.06635837522594115,0.7324713575897398,0.5729685654829724,0.5729685654829724,0.04120413512406457,0.5735058652256266,0.5728831103615839,0.5729685654829724,0.11809146093062634,0.10240881247275885,0.5729685654829724,0.5695367204479478,0.45176637127196895,0.07392113020094729,0.571581208538946,0.00012162566451695556,0.0001419842626905199,0.08439312285186304,0.00012162566451695556,0.5790542958306382,0.10480783243816565,0.061315212952414155,0.0024609278712912075,0.3594458439515076,0.10483860249242676,0.10483860249242676,0.57316239475054,0.36225483912336687,0.5647477039399507,0.5729685654829724,0.5729685654829724,0.5808544737475383,0.060975819522761515,0.15850903251383935,0.00012162566451695556,0.00012162566451695556,0.8563914549554458,0.00012162566451695556,0.1806007807119973,0.10243930126960747,0.0001419842626905199,0.3594166817458261,0.00012162566451695556,0.016979665647668424,0.041222581396000435,0.3594458439515076,0.00012162566451695556,0.5729685654829724,0.10243930126960747,0.5647477039399507,0.46978586565439595,0.00012162566451695556,0.3594166817458261,0.00012162566451695556,0.3594166817458261,0.6384688314105472,0.14660768779375322,0.5729685654829724,0.10483860249242676,0.0016476103146666199,0.5604436156009396,0.09487449348697269,0.00012162566451695556,-0.015356307592199109,0.10243930126960747,-0.0483910680587047,0.5728831103615839,0.08161459439122173,0.5835842461032719,0.00012162566451695556,0.5729685654829724,0.6957516512702482,0.5730353871884576,0.5729685654829724,0.00012162566451695556,0.0001419842626905199,0.5729742503335407,0.005661463904641756,0.00012457642377364242,0.06635830469188864,0.0001419842626905199,0.00012162566451695556,0.00012162566451695556,0.5661289531138075,0.16390315598904853,0.5728831103615839,0.15688045312985202,0.8068681777833743,0.5722772119425108,0.5039344208414087,0.00012162566451695556,0.3594166817458261,0.6343368202953302,0.0015159336708422677,0.0001419842626905199,0.5741993992878572,0.02386281238960572,0.0015407655524667108,0.8472548708372358,0.005653279785267862,0.3594166817458261,0.04298457366601233,0.5729685654829724,0.00012162566451695556,0.0001419842626905199,0.20609084200872488,0.00012162566451695556,0.4858758417524555,0.5803865429789208,0.02254742462891915,0.00012162566451695556,0.3615414612924559,0.20167746700089165,0.8571387402818033,0.0001419842626905199,0.0015407655524667108,0.0013332002590637215,0.09779166047108973,0.6887085220447358,0.5729685654829724,0.5728831103615839,0.5729685654829724,0.0659517519352951,0.0018748688801356328,0.00012162566451695556,0.7154606478807147,0.0013077556100517806,0.003803183257152204,0.0001419842626905199,0.5729685654829724,0.10483860249242676,0.5729685654829724,0.16390869675519174,0.5648295744160772,0.5729685654829724,0.576912745426722,0.00012162566451695556,0.5729685654829724,0.5729886431807318,0.0038266066036456714,0.10483860249242676,0.08432594146838171,0.0001419842626905199,0.5730372444409342,0.6594032857448353,0.7064918222562346,0.5728831103615839,0.0015850341422412595,0.09961575311416071,0.09961575311416071,0.3594166817458261,0.10708224541770708,0.0001419842626905199,0.00012162566451695556,0.00017614170482616043,0.41861143540889556,0.5805662099350779,0.5361673563986586,0.20708602413747113,0.37253796861699,0.4634705839551103,0.5100596944892416,0.5729685654829724,0.0007298799647625642,0.09920242901696319,0.00012162566451695556,0.8455415813950033,0.564844927947494,0.0011643432003812793,0.37999084436291386,0.3617806347199908,0.5762276848923186,0.3594166817458261,0.001748540623317113,0.359540583578043,0.4162071791191563,0.00012162566451695556,0.1349854310253471,0.19103860278876242,0.7138600010026576,0.00012162566451695556,0.5729685654829724,0.1763084337425451,0.362238184297388,0.007664512216126768,0.00012162566451695556,0.5729685654829724,0.0001419842626905199,0.00012162566451695556
chr10:59906656:59906657:NM_005436:CCDC6,0.022732678072495738,0.20633437556310127,-0.00022597631860599154,0.2018658697015586,-0.00022597631860599154,0.2746528837798501,-0.00022597631860599154,-0.00022597631860599154,0.2058393535078513,0.2018791282243214,-0.00022199412570012012,0.4763208245735682,0.4821037907470878,0.015850180031216354,0.47455850817515677,-0.00022597631860599154,0.20434528771640711,0.27913764960861176,0.2018658697015586,-0.00022597631860599154,-5.5931035240763816e-05,0.20277633307510484,0.0011008985579399888,0.022732678072495738,0.47455850817515677,-0.00022597631860599154,-0.00022597631860599154,0.0011008985579399888,-0.00022597631860599154,0.20347735823445934,0.2419378092464403,0.4720675307071649,-0.00012498485860301667,0.20228922398139076,0.245238773492531,0.7563300338468839,-0.00022597631860599154,0.20434528771640711,0.16982879389532232,0.16216721426161457,0.47455850817515677,1.463070920800872,0.20187082297925785,0.2018658697015586,0.286179896687797,0.48243950030380706,-0.00022597631860599154,0.20199133921054657,4.1450759562189354e-05,0.4939668478761144,0.1806291693046322,0.47455850817515677,0.4745640819037071,-0.00022597631860599154,0.47455850817515677,-0.00022597631860599154,0.47665238526596254,-0.00022597631860599154,0.47282016563014406,1.0294520490083707,-0.023569686300524084,0.018140987413892973,0.023058475992627336,0.7563300338468839,0.4419864161929934,1.0309118850118593,-0.00022597631860599154,0.2052720489479103,0.0035877246760723236,-0.00022597631860599154,-0.00022597631860599154,0.20199133921054657,0.47455850817515677,0.0033842399317922656,0.01450190251436384,0.47456765275668356,0.497926696521612,-0.00022597631860599154,0.01650609240349754,0.47455850817515677,0.47455850817515677,0.37690018202786335,0.47455850817515677,1.036702307279467,-0.00022597631860599154,0.47458369158374714,-0.00022597631860599154,0.2163729712126218,-0.00022597631860599154,0.22438877387881126,-0.00022199412570012012,0.14032490091545874,0.474559918309284,0.4747070686623935,1.0350250617436108,-0.00022597631860599154,0.404281564838244,0.4764601951932146,0.0009510757675772474,0.14917363443344378,6.955713116180151e-05,-0.00022597631860599154,0.16935561059890591,-0.021552669929645885,0.47455850817515677,0.042626300051318344,0.7241547015447996,0.7563472243358128,0.199444551779419,3.9060677232083396e-05,-0.024095569970458974,0.04801381008491734,1.5174251113729262,0.47455850817515677,1.0341516277428482,0.1692065865385623,0.5116744641628772,0.8105462391582227,0.4740079327053738,0.20323382956928326,0.47455850817515677,0.47455850817515677,0.18904656364211472,-0.00022597631860599154,-0.00022597631860599154,0.23063317443538633,0.022875884938786506,-0.00022597631860599154,0.4683691293850685,-0.00012896743178181236,0.4877487214233262,0.8105462391582227,0.4031307063757864,0.0051272640598523656,0.20434528771640711,0.20434528771640711,0.20434528771640711,0.4755656598640807,0.4748667322695708,0.47455850817515677,0.49082877206093184,0.5133167164434402,0.4740350999249389,0.09135691249057998,0.17025950494881645,-0.00022597631860599154,0.0003349759780168493,0.20435503270819033,-0.00012896743178181236,0.009757884374956949,0.4751884094781135,0.47455850817515677,0.5114745996194985,0.20347735823445934,0.20515003742135765,0.16954275788819934,0.47455850817515677,0.20188793591747645,0.47455850817515677,0.47455850817515677,0.47455850817515677,0.5130424642745046,-0.0001954871737829822,0.0013807467223784786,-0.00022597631860599154,0.012218576559735683,0.8268895176504607,0.511828709218022,0.47455850817515677,-0.00022597631860599154,0.47455850817515677,0.04974954655504771,0.07110649317864709,0.47455850817515677,0.4817630768750464,0.47455850817515677,0.08220799917300159,0.20434528771640711,0.0023653462529627522,0.47954985476695816,0.474559918309284,0.47455850817515677,0.8105544484028518,-0.024095569970458974,0.4400613267092526,-0.00022597631860599154,-0.00022597631860599154,1.0306688918649407,0.4977410669895012,-0.00022597631860599154,0.02399458282886696,0.47455850817515677,-0.00022597631860599154,-0.00022597631860599154,0.002519418964357867,0.1143918133430728,0.8105462391582227,0.017595971634276175,0.6753993350848196,0.5373723328682812,0.1712465574635917,-0.0001954871737829822,0.001499251906684651,0.2550066966510329,0.006840573646608783,0.47455850817515677,0.48003782802217443,0.4005577488615412,0.48176485074043923,0.49149939184604385,0.4824684329507034,0.026787450891442965,-0.018149038109847804,-0.00022597631860599154,3.9060677232083396e-05,0.47456283410382927,0.05242120163020875,0.20188793591747645,0.5616399275775703,0.4764146383379835,0.14452467509522238,-0.000102762943217094,-0.00022597631860599154,0.2018658697015586,0.25414397239951525,0.47455850817515677,0.47455850817515677,-0.00010840544439338906,0.20189097024237346,0.21760063742661673,-0.00022597631860599154,0.8105462391582227,-0.00022597631860599154,1.0294520490083707,0.14360030659326278,-0.00022597631860599154,0.8159873990111979,0.141103695485219,0.14078483795265279,-0.00022597631860599154,0.47455850817515677,0.8105462391582227,0.8105640914272642,0.16999150845242017,0.47455850817515677,0.4740079327053738,0.5419878156395422,-0.0001954871737829822,0.47455850817515677,1.1990167276413373,0.1568762542697305,-0.00012896743178181236,0.0014828818421277479,0.47455850817515677,0.47455850817515677,0.20859451543432983,0.01767198827734673,0.47455850817515677,1.0431986069954726,0.002336976203744623,0.002336976203744623,0.5159697212347012,0.011582977381379311,0.20434528771640711,-0.00022597631860599154,0.20412880557602084,0.00023195297575862028,0.4749821509877769,1.6286306905573844,-0.00022597631860599154,0.1482951978278968,0.00014691964024732274,0.2542593917056809,0.8105798541261395,0.008774157458063814,0.061626923294572145,-0.00022597631860599154,0.44006090340949605,0.4764146383379835,-7.762663917676438e-05,0.48271587775069297,0.5110227847953596,0.0011691933860387693,-0.00022597631860599154,0.009311770055151658,0.0012008661564156253,0.47455850817515677,6.955713116180151e-05,-0.00022597631860599154,-0.00022597631860599154,0.013309736441185216,0.022833456045499467,0.47455850817515677,0.0012333687706231888,0.2090229337626505,0.38286226788987826,0.02279529151512738,0.47455850817515677,0.2018658697015586,-0.00022597631860599154
chr10:73651039:73651040:NM_024875:SYNPO2L,0.16937158962319906,0.05657650481620588,0.05848736029005522,0.005302946405130501,0.05774261340944964,0.056787217618797126,0.003778797195544789,0.5488238755222599,0.05642533059973204,0.04079429864194553,0.05820382196745977,0.004555091813672349,0.05860016596413406,0.24550403983725785,0.1445221164962309,0.44417637289212547,0.1484338901096529,0.5926331937996766,0.0042892443331043195,0.05651207378219772,0.11398675067079161,0.47574196021691234,0.41913377830185494,-0.009862890030844701,0.1445951023142779,0.05651207378219772,0.003656434971631331,0.45605032150961555,0.02020874050662763,0.13479668760609997,0.6484725495011707,0.5762713799076616,0.5050284987921974,0.0201636533568047,0.5258543170432661,0.041105202158069176,0.04091839208639031,0.27837797026691535,0.13210978313579685,0.11558591982167216,0.04110590902131947,0.28198254296929165,0.4685426303350302,0.30826282821877693,0.4650147610268411,0.02189743709541883,0.040910349869893614,0.05653221054202323,0.0005272143111269001,0.1445951023142779,0.003648909898087166,0.2725539797718347,0.058355501451841124,0.0033954029684310633,-0.08811126396735046,0.003663899032173651,0.022824955592909882,-0.0007574396082938029,0.14622160129599704,0.1445221164962309,0.0034133903354508777,0.003964983590023632,-0.009580053049740772,0.0310012179880398,0.1702613430441397,0.0037550093021932046,0.003663899032173651,0.003607585896545626,-0.009667515773182186,0.020432853191138564,0.00038213436903597464,0.055816072224811636,0.1445951023142779,0.0210805272544783,0.07895444329810569,0.4193647997044959,0.14622160129599704,0.003663899032173651,0.1861641625019234,0.1445951023142779,0.0036888987228006487,0.006586072827923534,0.14530079666915857,0.1478717579559739,0.13440613167670948,0.14328946497301925,0.041066284514719664,0.14737028903478117,0.003663899032173651,0.1845436384218577,0.17029925795360618,0.13211063262231476,0.0037550093021932046,0.14532627222805267,-0.01597794416152798,0.18354647009228572,0.005251307248585316,0.06824592863289147,0.14423161781497004,0.0049240007559627486,0.04060663862376257,0.021126587075255124,0.07362077502858641,0.0065310618556937705,0.21035754504518078,0.041118311951649,0.07348689323830591,0.512192752517217,0.1845436384218577,0.003663899032173651,0.041105202158069176,0.02032540232996205,0.041105202158069176,0.3362512902636163,0.27837797026691535,0.0735952287291945,0.13283669920585872,0.034868737064653293,0.1445951023142779,0.0037377791246072795,0.0037550093021932046,-0.0007379329063823409,0.5501768656746779,0.041066284514719664,0.02103884760649577,0.7658082534142382,0.00425212327597306,0.1432173452426066,0.4195261453595101,0.041568089833889876,0.020732883466911822,0.04211701360250175,0.0036680544815722443,0.0044819143280446505,0.14430438160713843,0.07191308569317445,0.07191308569317445,0.04210795956250371,0.463513116790176,0.14423161781497004,0.5744015421334911,0.04110590902131947,0.18838759607146496,0.055620282943126986,0.13159188991215498,0.003663899032173651,0.040910349869893614,0.045654453000594314,0.005816027667383164,0.5782942695523499,0.1443631041678541,0.003663899032173651,0.0037561954034043277,0.11324324191103081,0.03478879462597401,0.07352999841936107,0.003778797195544789,0.0037550093021932046,0.2734596851009584,0.1445221164962309,0.2783946620176412,0.07348689323830591,0.003663899032173651,0.0037550093021932046,0.003663899032173651,0.14430438160713843,0.18294936981675572,0.06815650077484864,0.032282767316619526,0.02240064484190875,0.056878834054168353,0.053536368708292564,0.05485802901145842,0.003663899032173651,0.3616317491396353,0.003663899032173651,0.0404818272560479,0.27815081711146494,0.47902349254215815,0.2810230199785891,0.005907484612416858,0.041105202158069176,0.28091388901397324,0.05362427664005426,0.27837797026691535,0.003663899032173651,0.0037550093021932046,0.14460293337925734,0.11224902240336508,0.003663899032173651,0.020177460067699937,0.0036876464193383307,0.27815081711146494,0.003663899032173651,-0.0017113164792836033,0.13212388251165885,0.4645536277880225,0.41332930209901986,0.16380798795965823,0.005010640103893196,0.04201750189360179,0.040910349869893614,0.003663899032173651,0.14631754408863729,0.003663899032173651,0.003663899032173651,0.22738254567663874,0.001521048516064799,0.0042617921389579705,0.04862288288008812,0.06019420649027815,0.07691192899218156,0.07250026290150914,0.471563089499438,0.04091839208639031,0.003906496910080368,0.040912416568851806,0.0037550093021932046,0.3127388751789181,0.02364686522222198,0.1417180137792249,0.041122371789686446,0.003974725243627755,0.05925939644795042,0.27839106941846564,0.27722960953920633,0.003778797195544789,0.003663899032173651,0.41595738513841723,-0.08979555916746929,0.0037550093021932046,0.28088021877999164,0.0034960469522552495,0.14551916730372105,0.039943419839335914,0.0037550093021932046,0.6486708784970874,0.0034539762922667916,0.005052297897163813,0.14349436463742724,0.14571418886163612,0.04110590902131947,0.14717809825271938,0.13211612554783383,0.14430438160713843,0.1445951023142779,0.01639375279679886,0.003663899032173651,0.041105202158069176,0.40907707507311375,0.04203873111528206,0.020214814045935822,0.02020765534597764,0.0036905094593307486,0.0035181969084834147,-0.049751264355348934,0.2920814294924638,0.04109593653799523,0.1270388698764985,0.13413972193243273,0.13413972193243273,0.07691192899218156,0.0024044257403877944,0.0037550093021932046,0.003663899032173651,0.0068580942300709435,0.11226843076394988,0.16148894198163932,0.30414989849023744,0.022488674277155188,0.04294228328989791,0.056710384892840054,0.040896253549660755,0.14725541934751873,0.06011063259113693,0.002501936782813713,0.003671337035260805,0.04111894798156521,0.21653967785130984,0.003625046211173946,0.02339090009129531,0.866521839196033,0.4938671467423901,0.003663899032173651,0.017359518047493305,0.11323587459192506,0.042562532506922685,0.003663899032173651,-0.009296770233578597,0.003663899032173651,0.16918295842237074,0.020216627570563153,0.1445951023142779,0.005326442337135959,0.0002420488238984858,0.04294174712628468,-0.009557202009551402,0.1445951023142779,0.14779855023446792,0.003663899032173651
chr10:73785623:73785624:NM_001242488:ZSWIM8,0.1722264418987542,0.03277181281136676,0.004094966554644253,0.25633497921246706,0.02012174692332891,0.21934366849031772,0.008856353761250602,0.027260469310193214,0.032052385023304375,0.01224569554795435,0.028214288079465244,0.19210764948986508,0.02084539611923375,0.16766314330746507,0.17653713382048414,0.02086185061362683,0.3031212306513787,0.2233402237753761,0.0028752485930730876,0.012585696699433158,0.0027177822123294337,0.033594382390489674,0.0008793862450435785,0.002040821382210567,0.35190948382455783,0.012585696699433158,0.17684002515337505,0.0028445094618500533,0.012585696699433158,0.0585920747334403,0.023128908873622678,0.6753593128205366,0.004256357909564246,0.03249351386374655,0.04010054921068834,0.6932069122474511,0.001431193451084778,0.10799374726433059,0.04042738375834648,0.10037834073371465,0.4471949494132185,0.44640491290827683,0.028755687418875353,0.12708095789392754,0.03432456656803379,0.42061973833684707,0.0008793862450435785,0.001045670376186969,0.1155064151561298,0.1931667915114495,0.0018660772298518813,0.3576616771252396,0.028926236519146997,0.001431193451084778,0.44096846609043916,0.0008793862450435785,0.4063110315429153,0.13830336398093535,0.1115803256908966,0.13896139562042514,0.02240398547592254,0.003054334418300053,0.0015886447480683574,0.1901114480354188,0.38754585291366683,0.37923051350590803,0.07334329119880467,0.02056298573564297,0.0009162780721498343,0.02192325805361417,0.012253766575115954,0.00713436552979152,0.44641041127973335,0.012489423899977758,0.02083038632345252,0.36877952913984535,0.13166982096828594,0.0038871644707459962,0.19175416564515216,0.6647928211686459,0.17712804378551836,0.0008793862450435785,0.3576735892358246,0.9724941193266731,0.02014221887383094,0.564967133516401,0.23997536162788213,0.08342951621023781,0.0008793862450435785,0.19313382894433534,0.00785681276940825,0.0008798265011928375,0.001570232253502446,0.17811155102351575,0.33416414951933376,0.20289081856761465,0.08449078483237665,0.2165434848046581,0.0008793862450435785,0.08308041953355616,0.0014403144394681267,0.02351317126544844,0.35788235119616,0.007827150807575178,0.4539131282059609,0.2418465810162838,0.11083314152816243,0.39944722830061413,0.19313382894433534,0.0008793862450435785,0.1348298384192474,0.027497420876067102,0.44641041127973335,0.35001826494411853,0.19508229079289202,0.3562067877099118,0.19667681992597474,0.44641041127973335,0.13804337349006685,0.007830090670240819,0.13908118836529182,0.17840759727873376,0.038663515937562676,0.011301090341943543,0.02252862350478274,0.1313744079127783,0.0008992913579127793,0.17683583368767394,0.0029588392300524125,0.013372703998158264,0.5377448311170672,0.44641041127973335,0.0034794644637595185,0.011549467113222855,0.3576616771252396,0.34808226499523975,0.34808226499523975,0.34276522685682637,0.12036264026189314,0.13830336398093535,1.287540331950444,0.20783826854847115,0.13568667069609602,0.07978186843379759,0.04969719045097193,0.0008793862450435785,0.0008793862450435785,0.1462664209587246,0.0008793862450435785,0.15644227219525558,0.14013613445128625,0.6516288908611552,0.22548125170124877,0.04836806458706416,0.26041978406412536,0.23532033730784047,0.1460588942291174,0.001570232253502446,0.35866896864520936,0.5651805242893782,0.018646936769670552,0.3444759552655347,0.0008793862450435785,0.13908118836529182,0.0008793862450435785,0.021047385773395932,0.17815738035321685,0.5129950977895359,0.3586808942658395,0.01317965334679655,0.1494844576832911,0.11400259683576242,0.12242973777470817,0.13830336398093535,0.11135960166610226,0.5649599746265866,0.08149083850136679,0.13908118836529182,0.1945633867244264,0.3551158304548514,0.18557896867779006,0.44641041127973335,0.1962433420893826,0.007839270875657334,0.4484016275276601,0.0008793862450435785,0.011555192418606641,0.008752675633264095,0.18948869429371906,0.0008793862450435785,0.002247218489867142,0.23229626967192796,0.12767712380881724,0.0008793862450435785,0.3502963185470224,0.04099618820029027,0.3586808942658395,0.10855809525898422,0.19839455534212574,0.4001282306838418,0.23012609257048477,0.0008793862450435785,0.0008793862450435785,0.1700066625385609,0.10517921793425544,0.17683205999524923,0.13694237287952077,0.004716739746346177,0.011913294925579687,0.3589467000182965,0.29845500583601786,0.0015776755887328964,0.011549467113222855,0.44233225780081553,0.001431193451084778,0.1771634594781105,0.0368325562581992,0.18557896867779006,0.022303927596029616,0.6662810138675296,0.08302427914843608,0.08614022195162424,0.18587364700866554,0.11401018225620407,0.1307947471771094,0.3490063910482881,0.1460588942291174,0.1040691831604511,0.18622169593874688,0.49691118084278946,0.0894043776553376,0.35866896864520936,0.3331690897244088,0.07576012060238324,0.08302964012419672,0.001570232253502446,0.43978566302044675,0.08181404594404923,0.08295077214033453,0.17653713382048414,0.44817809635779093,0.6466924984490813,0.44641041127973335,0.020127643022336994,0.17762752975891574,0.13486940345609566,0.4486759604591401,0.0008793862450435785,0.4480136509815938,1.301811241102532,0.08303069075164582,0.013631433487703348,0.002825891504587341,0.17716282312416692,0.3586808942658395,0.5993934220548229,0.007827150807575178,0.4464157771618905,0.6811684542640362,0.0008869414438275047,0.0008869414438275047,0.0015813023057630327,0.11234609726663555,0.011283736766569574,0.0008793862450435785,0.1277018480508813,0.3257829372873041,0.44776473938902667,0.2554679081160365,0.14274671287741142,0.08373089434522674,0.00839223459898597,0.0008793862450435785,0.3586808942658395,0.20539049021104586,0.0818320614577529,0.001431193451084778,0.05418682781078188,0.666328393366596,0.000882716193318478,0.4233071032200285,0.4823563597493028,0.43814582609421654,0.13859687749766397,0.10507283021119268,0.0008793862450435785,0.22891437411335258,0.0008793862450435785,0.002006339676155322,0.20632341167881918,0.22567164594634237,0.0115579021136058,0.44641041127973335,0.05416698327235786,0.36726137418825267,0.08372918650028094,0.001794383885166173,0.4480136509815938,0.24076604941823604,0.0008793862450435785
chr10:73998113:73998114:NM_014000:VCL,0.5346432543189124,0.14197265963664063,0.2975616419950194,0.29309547942337877,0.281192376571899,0.1545006005318857,0.013245171953738422,0.017122916067915606,0.052623043189590324,0.544705772521646,0.634648984881667,0.014297697401319143,0.531389627277778,0.5315524774575404,0.0019550477591300797,0.21369082567539222,0.8309386622241621,0.13895828636281532,0.3305767919779126,0.2916080382378543,0.02492896007706319,0.6907845817076035,0.5347268298408785,0.21255180189768957,0.3071484691561819,0.3004918322327588,0.3071484691561819,0.53480030256359,0.2916094166953089,0.30003769325653534,0.4000124569165595,0.7129404468221174,0.29849888438811906,0.01727645679471601,0.6907845817076035,0.8293537388652914,0.2917065836483308,0.3072311153022017,0.18447865672255065,0.3106713985982136,0.3070862781893058,0.40912592583590135,0.6345800713582016,0.542421721829073,0.6049503793068953,0.03962203298684064,0.021836766558505194,0.5350577463008934,0.00994230618946551,0.29732640168202024,0.2657250159330094,0.3070862781893058,0.63471374804536,0.02183803915522381,0.41999086333985386,0.29747560163014714,0.8323263512111101,0.3072311153022017,0.76070271696359,0.3881250011181862,0.26576031539006606,0.4980022447088096,0.02142520963530198,0.06677875484324225,0.5406088070577365,0.30830099461555094,0.3070862781893058,0.023722586557190672,0.21751950438675016,0.29541935127536706,0.008906971316266221,0.5286647158750502,0.3072311153022017,0.3111342988988407,0.4093390158908057,0.01779909963991011,0.7617344395205985,0.02395082761905648,0.32860785229464995,0.3071484691561819,0.3071484691561819,0.33140480782696674,0.09647795114528918,0.3901192146156709,0.2498500180204865,0.42348492751765504,0.3071484691561819,0.13104277586625157,0.0028940984862858565,0.3082878182676385,0.3474095047539506,0.18215705724289072,0.02104195041383311,0.0019550477591300797,0.29054717560322146,0.3073298607951751,0.28606699430494015,0.8772826501595453,0.005478718516656822,0.2685617015573936,0.2917065836483308,0.29552692537554637,0.29418206239757744,0.2673483392894058,0.8038437794506456,0.582466340787215,0.26900787399683423,0.8840396074971356,0.3081405969954616,0.2917065836483308,0.8036650323203044,0.03436774630896472,0.8278929717792013,0.31740823519098627,0.3072469740909607,0.27085664483073973,1.1135740564305991,0.3071484691561819,0.021009213700278306,0.06572983184858616,0.001926897445973852,0.41993720303725013,0.585253930049814,0.3072311153022017,0.29552692537554637,0.6052052119815766,0.003014395812771853,0.0019550477591300797,0.304155390523666,0.29164546185059875,0.2859773033738152,0.3262326217708872,0.2672823318996721,0.0020916726189501023,0.38808400607146093,0.26733262159350296,0.26733262159350296,0.3077323696647106,0.025000904947072522,0.0019550477591300797,0.32681488864942754,0.3262416079463808,0.3098065530928271,0.4905775859985446,0.21473554238928783,0.2261621195855396,0.001928399117785362,0.4411399473491329,0.001972018828972688,0.08674569463255771,0.3070862781893058,0.3070862781893058,-0.002713035453745183,0.002034444982379646,0.032571707623713364,0.003300223236987865,0.025618715841566553,0.0035883580264424175,0.3070862781893058,0.0019550477591300797,0.3072311153022017,0.8052093027044928,0.02183803915522381,0.39742328803835286,0.002794765102948238,0.09638852295209349,0.3316635292703699,0.553113416709039,0.419993566780154,0.3081333928675606,0.3506825812053513,0.3503343697249756,0.49076788957332007,0.3070862781893058,0.03486408374218425,0.3070862781893058,0.4943050316564769,0.3071484691561819,0.060197418086481935,0.8036367488730544,0.32634728729803447,0.3261909760734444,0.4159583084051833,0.01351284467628272,0.32623092402392195,0.021836766558505194,0.3072311153022017,0.3071041894217331,0.27356632184266083,0.0028940984862858565,0.024933055428885686,0.004668821150707547,0.020827063962444714,0.02186449975802368,0.31246593395538774,0.3127439619116301,0.3261282456097556,0.022972035862942775,0.2946023870764549,0.8228074588914243,0.21777690878394212,0.2917065836483308,0.02096567629402718,0.7688867839628233,0.001934704677044985,0.3071484691561819,0.30935075518309263,0.26980881095150955,0.0019491540570949484,0.6119650602506463,0.03915221708443606,0.0216097928691365,0.0029596815590223757,0.8279883015300346,0.02183803915522381,0.3071484691561819,0.02713686571410956,0.0035883580264424175,0.4724015902978231,0.30999910309909284,0.2942110751697589,1.1058116484215772,0.2322768202306107,0.5326152824177692,0.6052309704334446,0.001926897445973852,0.3264455619856942,0.001934704677044985,0.023352034589286585,0.3597154482490752,0.001926897445973852,0.3277784261430605,0.3070862781893058,0.30835340484511714,0.27594155187103725,0.0028248677550818946,0.06690039876134884,0.002026149445908343,0.008998214330909082,0.3071484691561819,0.30716891901694676,0.32682953518699526,0.3261698906559412,0.31274181026035053,0.4089967318071846,0.29071646702892695,0.43563563051615817,0.021836766558505194,0.3122853406278354,0.41949657776086996,0.2734575465685567,0.3172515048517518,0.1021823592185267,0.3071456046981633,0.36087981902129346,0.35846155648207634,0.21084224570934557,0.30716891901694676,0.30818817686453814,0.027857723485996466,0.027857723485996466,0.012607138092432357,0.6669587322019482,0.3070862781893058,0.002794765102948238,0.02326040074580843,0.022989107351500837,0.3074349854746081,1.70296611550547,0.30871589490934626,0.2685617015573936,0.5351139064714922,0.011982030872409732,0.4373046213446751,0.30720032508932793,0.1535969820077862,0.021725242959898916,0.02705402780651006,0.2894124086048939,0.2728375413054447,0.2827418501118406,0.832947585372936,0.3071588559745954,0.001926897445973852,0.005539761684355049,0.2673494178031282,0.3801782933910843,0.29170520491978097,0.22006946980057707,0.0044703000327973585,0.3914309909677945,0.02896383950250636,0.8037697592565427,0.29051654789499787,0.10295085136119808,0.26753195517756445,0.020873807514023124,0.32620854166161517,0.4348131787136974,0.02285662212094619
chr10:87659718:87659719:NM_004670:PAPSS2,0.16384332924345751,0.111194192923174,0.15391345235865775,0.2250689417997935,0.15745285161771325,0.1573512050418385,0.006959246144008807,0.16532101341296201,0.010484762442672955,0.14553425628916908,0.1541221171001178,0.10002521699267565,0.08668424422768922,0.16384332924345751,0.22493386945640503,0.15391345235865775,1.0406081827649287,0.2616028731375647,0.05074407268389212,0.0423995293383891,0.012997194779609159,0.2737049675902976,0.1240872694776397,0.005417679191574723,0.3419118800567698,0.15800358858539434,0.22493386945640503,0.1597007880430719,0.15800358858539434,0.181164162886683,0.24088825016269308,0.35193920115387556,0.15800358858539434,0.010440743141813938,0.42053478447810105,0.45366500398054876,0.008527576281155316,0.005251780255018462,0.05313098393229139,0.15082066860384258,0.22493386945640503,0.2778224685967103,0.27432912060761133,0.08331316307612216,0.1503396968988137,0.3484563738568768,0.011524763751378668,0.16024978302174006,0.2251170908529867,0.03855968203072542,0.11658077454974056,0.005251780255018462,0.1541732572179424,0.011486271682900173,0.22493386945640503,0.047702195162181285,0.3478192130170033,0.22493386945640503,0.06357922402613722,0.9403807415794307,0.11670523038685658,0.0052231627049174195,0.23126968369239947,0.005752835407275975,0.6963720645070598,0.005275923601785568,0.005251780255018462,0.011770443165431146,0.23126968369239947,0.045052364939163106,0.005251780255018462,0.16380203945464117,0.22493386945640503,0.05041551073577789,0.047600484191949816,0.08446089727179232,0.06357922402613722,0.005251780255018462,0.1264343197383824,0.3419118800567698,0.005251780255018462,0.07035283901467035,0.3419118800567698,0.2290126785707068,0.04067456090578023,0.22493386945640503,0.005251780255018462,0.1570881680804365,0.014239620420489055,0.06124509861577678,0.05086579496934385,0.05271411995816008,0.005251780255018462,0.22517788257333574,0.2310965142209304,0.005465656375595859,0.09717578321050616,0.11661581896135163,0.09763993184209568,0.05854569472717794,0.014211614051766887,0.042865784045675176,0.14923352436473783,0.052967151445393386,0.22493386945640503,0.1578962862842769,0.09765295747500546,0.4756070073361457,0.05439173122506773,0.005346376947555867,0.005251780255018462,0.34322870251790355,0.3419118800567698,0.005251780255018462,0.3439126793439715,0.14306683395959008,0.23282033710192965,0.3419118800567698,0.053388646098975784,0.01423024250830951,0.005251780255018462,0.22493386945640503,0.14728303979548513,0.3419118800567698,0.045096370361610794,0.33570915134534396,0.005251780255018462,0.22493386945640503,0.1519694703825606,0.005251780255018462,0.031543418281075736,0.005251780255018462,0.3229832851045121,0.04845393309532735,0.9403807415794307,0.3419118800567698,0.3419118800567698,0.3439046847296463,0.005357797916374252,0.005251780255018462,0.22493386945640503,0.04769797391441872,0.223682751272967,0.16133689463183845,0.187064797767755,0.03875986178897123,0.010297919784820649,0.05487778683741898,0.005374994784727263,0.12819424871188223,0.005251780255018462,0.22493386945640503,0.0052231627049174195,0.08045646003113696,0.027834714317207,0.1037140967913526,0.005251780255018462,0.013059780183006853,0.22493386945640503,0.005251780255018462,0.3419118800567698,0.005251780255018462,0.008330456454501742,0.22493386945640503,0.005346376947555867,0.005251780255018462,0.00548039339935337,0.1490403971629251,0.22493386945640503,0.047600484191949816,0.14833997316767336,0.480457479437324,0.22419571598078253,0.3419118800567698,0.24952341573169529,0.005251780255018462,0.0928096830020489,0.005251780255018462,0.005435025536297905,0.4021089899201799,0.22493386945640503,0.22493386945640503,0.367081298075602,0.15607417219535294,0.22493441529654595,0.011524763751378668,0.22493386945640503,0.2267865878532022,0.022826824815493633,0.011021782032798286,0.3511752930747727,0.008432657289543719,0.005251780255018462,0.005308157003707903,0.2677372931855667,0.06953107108975126,0.3419118800567698,0.06534414277548148,0.03305828162937982,0.3436800826910706,0.0926401726548321,0.014211614051766887,0.013288997191739114,0.13164021773987478,0.01719744417082001,0.3419118800567698,0.22540941121327548,0.11972988579692737,0.005251780255018462,0.048372049986897814,0.26969644478739463,0.22672825240344216,0.07643334004555796,0.3456043818240112,0.01723000241439565,0.22873322269557805,0.34322870251790355,0.013060614741100693,0.06326039458310781,0.010177374465302716,0.012382948231357417,0.16020830779641176,0.040637449475533854,0.14117836221859373,0.2582245183981114,0.005251780255018462,0.047600484191949816,0.01719744417082001,0.005251780255018462,0.4073595751187933,0.22493386945640503,0.03860881553257456,0.23105709006498773,0.22493386945640503,0.021111958580857938,0.03860881553257456,0.005251780255018462,0.005251780255018462,0.015958507057968994,0.22493386945640503,0.22493386945640503,0.22858604139070787,0.3419118800567698,0.05364393727242367,0.3458567890703041,0.0535705079574886,0.22818577956187316,0.005308157003707903,0.22493386945640503,1.0671335181797679,0.021039860631204013,0.12969213544089447,0.00715783304307082,0.22493386945640503,0.3533118899205369,0.22493478130629088,0.2610900780528222,0.22493386945640503,0.011751195894608914,0.005251780255018462,0.005251780255018462,0.23115165455343262,0.2775645995406784,0.005251780255018462,0.005346376947555867,0.025320533010830718,0.005432274288989666,0.22493386945640503,0.4351231720058813,0.0509938505662057,0.07865989797953288,0.17283448656786254,0.005401434761513724,0.9402737668714884,0.047710169067888136,0.15921853978385156,0.011524763751378668,0.01420868413816826,0.3597691460113036,0.026431348629267597,0.01988868509149553,0.05348027845214025,0.3456677242620486,0.005251780255018462,0.01721466318877264,0.051615710348330984,0.03875986178897123,0.014211614051766887,0.005421223653065327,0.005251780255018462,0.39697009063075994,0.35037408084010724,0.3419118800567698,0.050967850454957137,0.26885281663265015,0.08321551754440726,0.010974294758855314,0.22493386945640503,0.3419118800567698,0.005251780255018462
chr10:89301948:89301949:NM_001547:IFIT2,0.5768276690532198,0.5950726347573638,0.5108471292126026,0.026311296671441275,0.006409475153562522,0.596482230075463,0.5045038588863339,0.1410417667533807,0.3265727806834418,0.49582835023763205,0.47732892034058316,0.09527326539682793,0.6583794885390476,0.5677037152744329,0.0056606307199062456,0.14105651034936206,0.034797240955343534,0.5289685380262207,0.4609106589132937,0.0988650055686903,0.3956330038464997,0.19360366772962884,0.08609101676211897,0.4305136681341144,0.02644049646184707,0.10961027105283902,0.026443662699484283,0.1159463423537094,0.10961027105283902,0.8005790511039079,0.06315002360179062,0.6305638383293365,0.533053477420071,0.30051021271788964,0.6395326239963793,0.5219329956787486,0.06665631165218092,0.02644049646184707,0.10531427422949818,0.07375846341294029,0.02644049646184707,0.02644049646184707,0.5226136666388791,0.5449479427650847,0.5721525968163129,0.20692524338837937,0.06665631165218092,0.15178278327051276,0.0059238528813845,0.08881368365418729,-0.07046580863714327,0.026477746022489174,0.47733034551378706,0.06676011898877768,0.026443662699484283,0.06764860488169858,0.0307670114658061,0.026448001743649502,0.5870884140958011,0.0056606307199062456,-0.049805312601993224,0.02252588167525338,0.38195889040109665,0.3905876237523485,0.22895329509477913,0.02644049646184707,0.0056606307199062456,-0.06261439767607907,0.006897764617524171,0.043250621841812,0.0056606307199062456,0.4856174879874884,0.026451168023703175,0.006070207376224129,0.033177563987731196,0.074259420738953,0.5871447978225586,0.073351643017041,0.0980784881946554,0.02644049646184707,0.005663636427459123,0.0056606307199062456,0.03491464485272203,0.034958684067054685,0.058763705709273306,0.026443662699484283,0.3793311645937693,0.06490704810539022,0.06665631165218092,0.08756903497192803,0.0056606307199062456,0.06348446951082781,0.0056606307199062456,0.0056606307199062456,0.006983021980464937,0.026432864290879182,0.07613237622261623,0.25699189514479376,0.03169093115170027,0.005754559707547513,0.06764860488169858,0.1117374177004449,0.42877564060767087,0.44717208910934686,0.02587733608937834,0.44254569762937346,0.05337059450823112,0.5952381682661905,0.09704494631223398,0.06665631165218092,0.3967436931838931,0.014195823479445258,0.5233869333635887,0.14687167574282162,0.025880501006761397,0.04332333584131326,0.19105918805023195,0.1495420649345548,0.013644270315707613,0.04374556556904097,0.0056606307199062456,0.026443662699484283,0.4997870366980979,0.4457971874778288,0.11174332129347753,0.5854028974546697,0.052515215425574385,0.026443662699484283,-0.01849047374402829,0.0056606307199062456,0.19147178163650835,0.02644049646184707,0.3457006219039044,0.06665631165218092,0.02644049646184707,0.026448001743649502,0.026448001743649502,0.027402591606421667,0.43483898929310627,0.02644049646184707,0.04857452585400837,0.6791544398550862,0.025889918771808157,0.6572846737900965,0.1259652080140319,0.03762386480030111,0.06665631165218092,0.49939600860699984,0.06665631165218092,0.6392506370037427,0.02644049646184707,0.005663636427459123,0.38060812728432725,0.12794172113325852,0.3907166073770042,0.032320361198125924,0.005988657863859964,0.01706330524886618,0.02673029789510556,0.0056606307199062456,0.4488304879413174,0.03169093115170027,0.06764860488169858,0.02644049646184707,0.06665631165218092,0.0056606307199062456,0.10737648892391116,0.6104917804811996,0.0056606307199062456,0.026535187192107373,0.15300350306050065,0.11595205343301043,0.2640280305441018,0.0056606307199062456,0.05796387907430636,0.0056606307199062456,0.6729868103767531,0.02668979188712378,0.15367538305291165,0.026849536871455665,0.03149832549240328,0.035088450082129574,0.03819119136280302,0.044544493416010994,0.5236382154691566,0.06665631165218092,0.027034870589668802,0.03150342996373506,0.012319404709974557,0.06665631165218092,0.014033780616246716,0.017965336207391658,0.026477746022489174,0.06665631165218092,0.02644049646184707,0.051686084367004864,0.45441746478592226,0.01731428559860862,0.41678031362876644,0.03106467125253201,0.39531959625977764,0.06665631165218092,0.0387158516370347,0.568181752226727,0.09350700176159027,0.026443662699484283,0.03145220650786676,0.38842704645755355,0.0320607113631354,0.13766476688806745,0.21016257020212153,0.47573157151641865,0.06654021876314917,0.43569872795374165,0.4551222107270345,0.026478548971414856,0.014192860551312053,0.01706330524886618,0.7790615532376907,0.031052411639061528,0.5406593975370801,0.5196240241665537,0.12289580611980755,0.4880362668772118,0.5457315470000094,0.02644049646184707,0.03762386480030111,0.09168941018427598,0.01791572824236476,0.4652179292137171,0.026443662699484283,0.5248379085245001,0.026445583663471217,0.05190964139467616,0.13290103340533485,0.10608069748988999,0.3719450544641618,0.0055213483587506496,0.0055213483587506496,0.02645625532206647,0.02644049646184707,0.02712065752751891,0.07917457534843036,0.11116740703844227,0.03491464485272203,0.02668979188712378,0.026934440435086276,0.06665631165218092,0.06104472738737371,0.043687960409816456,0.005577714419118612,0.032056065421860624,0.007091909878144759,0.005663636427459123,-0.053931961965219766,0.41382612233768845,0.11767549851098849,0.03995039584272378,0.15379971331034004,0.005764097919868177,0.005764097919868177,0.38185784893754954,0.12234573965031131,0.0056606307199062456,0.06665631165218092,0.07883608056220251,0.005999148602476134,0.026448749923281556,0.6555759658152147,0.03199501860618417,0.09435529434239542,0.48775722580433784,0.10709684494569621,0.02557277583895637,0.05631869839248069,0.5858356836390581,0.06665631165218092,-0.03409164131706982,0.007862162217662172,0.005679831752442133,0.7349126215460755,0.10921254426758548,0.4563787139189957,0.0056606307199062456,0.11976051505589919,0.11495686599107274,0.568175559764474,0.06651628275445298,0.43818572407191525,0.0056606307199062456,0.40891599796610906,-0.027751488475089126,0.026453089019837783,0.09507600730024476,0.005925805777047238,0.09430360891603012,0.006644128004511668,0.03995039584272378,0.013758881348652163,0.0056606307199062456
chr10:92497761:92497762:NM_001165946:IDE,0.003066880419279827,0.0852446739255116,0.003066880419279827,0.005945012345874856,-0.0016182906726182056,-0.0009659569594490103,0.12721030986202042,-0.0016182906726182056,0.0031141361647831767,0.2818284859322606,0.003200409763672196,0.08922604768121722,0.003096757181958565,0.003200409763672196,0.0015457083586986053,-0.0016182906726182056,0.0031114071063969018,0.45357863106253393,0.004733661698329228,-0.0016182906726182056,0.2184681881918512,-0.0014692409354485347,-0.0016182906726182056,0.004281327740393026,0.006321525995027111,-0.0016182906726182056,-0.0016182906726182056,-0.0016182906726182056,-0.0016182906726182056,-0.0010725824112782778,-0.0014968142491265102,0.0016790103587341898,0.0032605114024844006,-0.001505605582959313,-0.0010968144027710958,0.24017858777932555,-0.0016182906726182056,0.0034812622928810377,0.019549065177773328,-0.0008057650278646689,0.0015900170210900733,0.0015900170210900733,0.28212410978469793,-0.0015918578582830856,0.06307174622399914,0.024194133593514966,-0.0016182906726182056,-0.0016182906726182056,-0.3209273397391663,0.003066880419279827,-0.0018830522999316868,0.0031114071063969018,0.0012693880310067351,-0.0016182906726182056,0.006302172153002661,-0.0016182906726182056,-0.0004457353726694535,0.003066880419279827,0.019586982573962297,0.003066880419279827,0.013642218536965456,-0.0016182906726182056,0.08749403728758554,-0.001264038851052307,0.10626319269736362,0.0010582700964777425,0.0015457083586986053,-0.0012369372704346127,0.0011361405467116281,-0.0016182906726182056,0.01428162383001752,-0.0014336545324329375,0.0015234960170272815,-0.0016182906726182056,-0.0016182906726182056,0.17135579555645641,0.019586982573962297,-0.0016182906726182056,0.0033293018668600904,0.0034812622928810377,0.0011361405467116281,0.0015031136100056575,0.005900118784837871,0.006209566437694436,-0.0007819419436095876,0.0034168352248616918,0.003066880419279827,0.20784017440411606,-0.0016182906726182056,0.019334450003598902,0.014235347428074197,0.00014621169200557116,0.0011803956556987183,0.002557949447642205,0.0011361405467116281,0.0038236337097239392,0.10103959704680254,0.022415175014735333,-0.0015433581039907551,0.08481267298064366,-0.0016182906726182056,-0.001615047947437942,0.012990592405015433,0.017153720425409857,0.0015254133645572487,-0.2682904369771154,0.004507527749564422,0.0020511967464488245,0.018717773663822213,-0.0016182906726182056,0.23722821552226092,0.17249089146114172,0.0035258438861496266,0.0035258438861496266,0.001866144558820948,0.012886392297388416,0.0015619094895987784,0.003188092142386134,0.0015457083586986053,0.021730607810428793,0.003066880419279827,0.003461407557928453,0.3296321809268986,-0.0016182906726182056,-0.0016182906726182056,-0.19574197194336906,-0.0016182906726182056,0.006321525995027111,0.0008366500042072955,-0.0016182906726182056,0.04005411917480217,0.0012563425459660715,-0.0014611973340555862,0.013460573002250675,-0.0012153428783527875,-0.0012153428783527875,-0.0012153428783527875,0.0011157690941767662,0.00710486731976856,0.005880683327223801,0.006321525995027111,0.001725129236267442,-0.0007873533220248419,0.405061765307411,0.07019870449937704,-0.0016182906726182056,0.014236642330246019,0.003348319662230148,-0.0016182906726182056,0.17608193788398618,0.0011803956556987183,0.0063664764639286275,0.006242368006428078,-0.001021345830831688,0.029696763998019904,0.012961651083794656,0.0023246207220025683,-0.0007210285155984097,0.00314355747398809,0.0035258438861496266,0.0034812622928810377,-0.0014104486593454757,-0.0016182906726182056,0.003066880419279827,-0.0016182906726182056,-0.0016182906726182056,0.007532262909770382,0.10789444668904591,0.0015900170210900733,0.003066880419279827,0.0031114071063969018,0.3487760745763886,0.4705666657445743,0.0011361405467116281,0.3214255653744248,0.0063664764639286275,0.4696989389919064,0.0034812622928810377,0.1723976943685147,0.1750236267472407,-0.001574380337235226,0.0015900170210900733,0.03743556627961886,0.0011393785196359696,0.006321525995027111,-0.0016182906726182056,0.0062572309041044605,0.0035258438861496266,0.005899077003477582,-0.0016182906726182056,0.17249089146114172,-0.0016182906726182056,0.0011361405467116281,-0.0016182906726182056,0.0031114071063969018,0.014943537226954184,-0.013296220391143643,0.00437252225734408,0.016876834986620293,0.0038833357239248523,0.16579126102112052,-0.0016182906726182056,0.0012053459302687752,0.03411337806729997,-0.0014366509677143924,0.0034812622928810377,0.0066688918341057946,0.0018598686258057828,-0.0016830269865674152,0.01908744309831234,-0.01042097862060043,0.0013985715353556083,-0.0016182906726182056,0.0031114071063969018,-0.0016182906726182056,0.0031114071063969018,0.28668922734324975,-0.0007210285155984097,0.005149725740790756,-0.2716435788724879,0.09067654103172929,-0.0015445115280575683,0.003066880419279827,-0.0015445115280575683,-0.2736192651994117,0.003066880419279827,-0.0016182906726182056,-0.001574380337235226,0.0011361405467116281,0.004236463494668219,0.0034812622928810377,0.0015900170210900733,0.0034812622928810377,-0.0016195043659138486,-0.0011635099849873765,-0.0016182906726182056,0.17547444375056387,-0.0016182906726182056,-0.0015058807825347742,0.0030024297211913575,0.0015254133645572487,0.0015900170210900733,0.0016198995051805998,-0.002593472450069023,0.006321525995027111,0.017030543388132147,0.016338149349721998,-0.0016182906726182056,0.0035258438861496266,-0.2563408870966739,0.08466346093118937,0.0011317866671345378,0.010425877298344322,0.003461407557928453,0.001102855098040978,0.006014574170917442,-0.001156972385362831,0.0015900170210900733,0.021917336090885198,0.17211069695980263,0.17211069695980263,0.0013985715353556083,0.004226518814730018,-0.0016182906726182056,-0.0016182906726182056,-0.0015292990715006782,-0.001574380337235226,0.0020091058898734637,0.028959607299634538,0.003066880419279827,0.08514992540796551,-0.0012758777879219307,0.0034812622928810377,0.0015900170210900733,0.028204325438116573,0.07821333062907398,-0.0016182906726182056,0.0013698451584710503,-0.003098816864096743,0.07622807498999495,0.04228293856369281,0.0011803956556987183,0.0031114071063969018,-0.0016182906726182056,0.0011846609725463253,-0.0016182906726182056,0.0031114071063969018,-0.0016182906726182056,-0.0016182906726182056,-0.0016182906726182056,0.02080038828461983,0.001210276872991578,0.0015900170210900733,0.013885498102033544,0.023971233188777696,0.08528998190247894,0.08749403728758554,0.0016198995051805998,-0.0014853891326114255,0.28440568648432385
chr10:94287070:94287071:NR_033969:PLCE1-AS1,0.003047170208096861,0.14931960707795444,0.0033079582445321165,0.0009802321132874603,0.0018640077936218358,0.29320958596014046,0.007711332393168346,0.4197358427965298,0.12962361550720658,0.010275803039415998,0.0027444584556102214,0.1881875842360312,0.0031929998202990806,0.0027752187459267885,0.0010309753818007472,0.0009983663485686467,0.0017051900680767895,0.13001360724273725,0.0008720856343495953,0.0010268269462265778,0.007711332393168346,0.13623144601066262,0.4193488861214706,0.06345255874138245,0.0027142870764053084,0.0010268269462265778,0.0010309753818007472,0.4194815341619236,0.0010349634561519494,0.14228752711450798,0.06493357915530928,0.0035178271172302544,0.004451745529459039,-0.0010671011492005,0.13623144601066262,0.002673430025120993,0.0010349634561519494,0.0027142870764053084,0.05804917500151485,0.0021155257195620836,0.0027142870764053084,0.0027142870764053084,0.0017900124027916409,0.584476487714787,0.009733754917197524,0.002266252706528138,0.0010309753818007472,0.0009999026984782722,0.0014127188239825283,0.001953965148684178,0.06557629607324156,0.0027142870764053084,0.002521406826699102,0.0016873593299409073,0.0011428674748859002,0.0010349634561519494,0.0011428674748859002,0.0010309753818007472,0.005352010113948036,0.0010309753818007472,0.06569491191256938,0.00099437921619705,0.0018833115404615075,0.05779180738587553,0.3277958143082518,0.002726017159751626,0.0011428674748859002,-0.0012766865905673441,0.007758332546765723,0.0010309753818007472,-0.00019907753690928676,0.0010309753818007472,0.0011428674748859002,0.002666108882398044,0.0018640077936218358,0.003991746843806654,0.005352010113948036,0.03931718676824447,0.0006271575150639253,0.0027142870764053084,0.0010309753818007472,0.00099437921619705,0.0028279508806974274,0.010526632945013992,0.07156732601838023,0.0011428674748859002,0.0010309753818007472,0.05995820313420286,0.0008763303125437494,0.0015014947731926132,0.001146853456212571,0.002318741931596646,0.00024344656033092882,0.0010309753818007472,0.005707816656297382,0.0006271575150639253,0.0028172995754777164,0.012695043788067295,0.0010309753818007472,0.0010309753818007472,0.0008982880104186908,0.0023997474433762322,0.13364300799467987,0.0010228426587521877,0.0005883262167506453,0.004993280334236516,0.0027060059443162476,0.011275658933704857,0.002014276839931717,0.0008982880104186908,0.0027142870764053084,0.0010309753818007472,0.0027142870764053084,0.0027142870764053084,0.002726017159751626,0.13295475610801966,0.14836134011843938,0.0027142870764053084,0.0011428674748859002,0.003221710776586395,0.0027142870764053084,0.0011428674748859002,0.009897044015530931,0.0010349634561519494,0.002309691710277395,0.008281989717854321,0.0010309753818007472,0.0010309753818007472,0.06191236902290076,0.0010309753818007472,0.19527572446256436,0.0027142870764053084,0.2761444521082679,0.0019023832016794584,0.0010309753818007472,0.0027142870764053084,0.0027142870764053084,0.003884723406422874,0.03902909636168639,0.0010309753818007472,0.0027142870764053084,0.1546086532397417,0.001142518583099994,0.0032352029645008606,0.07156732601838023,0.0010268269462265778,0.0010309753818007472,0.0011606270605677427,0.0010349634561519494,0.002139452775605788,0.0010309753818007472,0.0011428674748859002,0.001939345298936801,0.0017735039530880625,0.057378138124097866,0.13459152622641513,0.0011428674748859002,0.009491865633477592,0.0027142870764053084,0.0010309753818007472,0.0010309753818007472,0.002819677281820643,0.0016873593299409073,0.0010504652583087637,0.0008763303125437494,0.0010309753818007472,0.006359934570334569,0.31922404036090574,0.0011428674748859002,0.0010309753818007472,0.003267282634704105,0.0017871339464818892,0.006024106378591854,0.0010309753818007472,0.06453964559112402,0.0011428674748859002,0.003924227331687957,0.0027142870764053084,0.14406783975096749,0.001994854423951531,0.0011428674748859002,0.0027142870764053084,0.015791053309994862,0.0029350237692443715,0.0027142870764053084,0.0008763303125437494,0.0028279508806974274,0.002712337100293727,-0.010517666254453384,0.0008763303125437494,0.0010309753818007472,0.002309691710277395,0.0010309753818007472,0.0010309753818007472,0.0011428674748859002,0.05812797031580608,0.0027142870764053084,0.1369890125123957,0.01632964592497199,0.0011428674748859002,0.0732621275802976,0.0008763303125437494,0.0018691561398082035,0.007467476966251274,0.0394249588752118,0.0010309753818007472,0.04021413034643029,0.07035751417422287,0.001781816653803392,0.1430689818149362,0.002266252706528138,0.06434518245161258,0.0033003123751597085,0.0027165982848623704,0.0016833547704260265,0.0010309753818007472,0.0010246646072533672,0.009491865633477592,0.008417864760941307,0.0027142870764053084,0.19944834289987567,0.0010349634561519494,0.0026882108281397477,0.001048790248454723,0.008281989717854321,0.0010309753818007472,0.00395709106529385,0.0394249588752118,0.011020725157602773,0.0244196204895496,0.0027142870764053084,0.0027142870764053084,0.0011428674748859002,0.0004189098513467382,0.0010309753818007472,0.0010309753818007472,0.0050088162656865,0.18288794562223054,0.0010309753818007472,0.005496968329799179,0.0011428674748859002,0.0027142870764053084,0.0027142870764053084,0.07156936219842147,0.0011428674748859002,0.0011428674748859002,0.0027142870764053084,0.0010309753818007472,0.0027142870764053084,0.005189114752240154,0.0010309753818007472,0.002309691710277395,0.07156043745854335,0.0011428674748859002,0.0009921825077424673,0.01380450500462227,0.0010309753818007472,0.0027142870764053084,0.0028279508806974274,0.002309691710277395,0.002309691710277395,0.058496836146816555,0.5040614589636226,0.0010309753818007472,0.0010309753818007472,0.011139639437614424,0.0035857630986732003,0.0011428674748859002,0.04049577968656626,0.14157473373640517,0.0011428674748859002,0.0019759460042756416,0.0010309753818007472,0.00274710584036042,0.00018518736399675273,0.03308957782389499,0.0008763303125437494,0.06424185897667734,0.0011428674748859002,-0.000488201536499866,0.004850376829646064,0.42202377908657474,0.0027385810675158995,0.0010309753818007472,0.0394249588752118,0.0030093851577264186,0.0011428674748859002,0.0008763303125437494,0.21155365202009857,0.0010309753818007472,0.10238530178084015,0.0010388353987488275,0.0011428674748859002,0.0008763303125437494,-0.000183474350994417,0.0010309753818007472,0.0010542664823656178,0.002741771355936118,0.0010309753818007472,0.0010309753818007472
chr10:97640685:97640686:NM_018425:PI4K2A,0.26000088068255955,1.3831062987893503,0.3011467839447484,0.483633266419093,0.29571162874352996,1.3848325726870332,0.4430026851446107,0.32176641551122914,0.2091822616345554,0.44674493016927075,0.29922918489871353,0.25710961810151645,0.2992236107585333,0.3065459231437181,0.4025705665778957,0.288320496790163,0.4423234094121323,0.22410165756766431,0.2130139447231903,0.2953480366794884,0.06465203297989358,0.4462453317386213,0.2863710061538291,0.29286073453614125,0.41065880435376734,0.30184897182626014,0.03534827103309651,0.287504392588599,0.29534919680643706,0.3218077408656396,0.47995429265034456,0.33426084698265585,0.30117973518995483,0.20377619995003615,0.44625917803972104,0.9652395774001368,0.29542773497868524,0.41065880435376734,0.5804867145038692,0.03891096660745702,0.03182335845151524,1.0811122856251423,0.29536328281646185,0.30702198331203034,0.8021970092092788,0.03935963093646258,0.2954003550049828,0.3217708326157546,0.04505606142283208,0.2941108323054644,0.020991551574542022,0.4382006352621072,0.29922918489871353,0.29579157755374347,0.030436968382630464,0.29535240616516834,0.8034984369919302,0.03164443082145278,0.07004305382677997,0.006073721422936218,0.13757157982561125,0.013367676419331176,0.2510620083762909,0.036704863006580546,0.26912081548831707,0.02985342618829573,0.03545484166179133,0.20709104204552015,0.2516351214601552,0.012279583167732755,0.005539184649600126,0.46933215901021275,0.4033661508575954,0.009745662797003285,0.29571162874352996,0.6923112144569616,0.3385073526585788,0.0211319350455218,0.41120284396523654,0.41065880435376734,0.02941950093492815,0.005539184649600126,0.43863086580539534,0.03213781292899663,0.2957295210019016,0.03164443082145278,0.23716195715606095,-0.057885511958379626,0.2953480366794884,0.25333868998983744,0.2944457730367584,0.2957291749995235,0.03182335845151524,0.04210677302017099,0.3540073536882893,0.19939026559052972,0.46532587958526606,0.8051283933044106,0.005563436125122945,0.03660452273209497,0.2953754155698126,0.294638247084384,0.4319018262882908,0.09592435509247799,0.03382626081669461,0.7660128590808417,0.43127919147780613,0.5177676329501673,0.019902458274318358,0.2953754155698126,0.4586525335802292,0.0625678810973275,0.029423235907308193,0.0057907094516638224,0.006752676811994207,0.2875605989478127,0.3270214448228927,0.03246191811276887,0.010634636211424575,0.12541403811973556,0.005795619981883771,0.030382021079530752,0.3026453168041798,0.41065880435376734,0.2946697809738257,0.7614917325107576,0.0051226741752974925,0.03139308955435481,0.03608352845878798,0.28732349015329356,0.47498528784708116,0.03139308955435481,0.029496446821158262,0.006411479776602724,0.030249861710981013,0.47029519688329186,0.47029519688329186,0.2368568256577954,0.015121589216462339,0.09540548219090655,0.3688087143829824,0.04145638378374575,0.030512487364178914,0.2973268709600309,0.30460923315664823,0.09005005076289602,0.006315943552005765,0.7586629780164867,0.2953480366794884,0.2574770240581187,0.04220892156409578,0.02952661247413549,0.07100937844099987,0.3255615958007267,0.011071477713832989,0.43169294658035823,0.23691361112167192,0.030689641801022294,0.4382006352621072,0.005381267769428433,0.41065880435376734,0.44000852033860816,0.29542889560129504,0.006668722131939364,0.29538821766702855,0.005135153148337013,0.35964279169278984,0.2904314184521605,0.03164443082145278,0.5602125027551759,0.2602828960232916,0.45763358905119755,0.29925296308231786,0.04220741762364477,0.42603986350115697,0.03181961104087572,0.4460391360440076,0.4025705665778957,0.007190062448066914,0.044902566769906394,0.03182335845151524,0.03139168982061652,0.4193050093645132,0.2874749516644621,0.4336123248834484,0.29542773497868524,0.005585520925489307,0.0061084426830493865,0.12997566838289537,0.2953480366794884,0.04673723925165588,0.005549742278884329,0.005357619716001238,0.2953480366794884,0.9750240707782598,0.7758809801191996,0.03167073240362821,0.23912824299522392,0.59294081523437,0.992382194020239,0.31744337320512506,0.29542773497868524,0.053342781707585996,0.5962443347669328,0.028415542475135447,0.029423235907308193,0.026663209994708295,0.04170934131327286,0.43935308778130855,0.7567150996342903,0.03696730341299373,0.25525489465828194,0.006101822217597752,0.4723530986011788,0.29579157755374347,0.02952661247413549,0.05270629088296025,0.030689641801022294,0.6159751595271072,0.9743406531020987,0.051073792443384725,0.48838849809638046,0.3615192134924944,0.7635339508078927,0.8079079101886706,0.005366085614081695,0.2876027791216777,0.021447604194994696,0.0951031357473866,0.432217555998461,0.40234901069555445,0.4625394387630247,0.042204814587259526,0.005819776131904042,0.051073792443384725,0.006021512539199969,-0.02597438497349097,0.011679055168372698,0.03520778272186062,0.03164443082145278,0.032007687854105585,0.032541199752929184,0.03271348726503945,0.30448416636010495,0.4027452410868686,0.09631899514884529,-0.08983049091014061,0.43921450241336607,0.03182335845151524,0.47499893181366326,0.051073792443384725,0.7630537842327475,0.01584992860446588,0.029530351823060186,0.03272535681078963,0.43224879224625,0.46907162541558994,0.03182335845151524,0.43847051771990714,0.8153146842745584,0.8153146842745584,0.25181181681575143,0.29999331341082053,0.4101533636679085,0.012856089208061083,0.03080226775842332,0.03296642103761363,0.47491142186469515,0.8562095209805338,0.763529470041309,0.4474146791257143,0.4787769635934226,0.0183568991674542,0.03398940833209621,0.008601981101312772,0.03624501281762921,0.29538821766702855,0.06792343916321475,0.9745307622399964,0.12384029873641977,0.4732002421507736,0.05989815915716892,0.472829695835669,0.029285622903519964,0.0345450174708819,0.028974787604549745,0.2995996059232297,0.2953480366794884,0.01055736860730605,0.008080276245949702,0.3160189017732015,0.013421086691260076,0.43821104881654577,0.28730857050718267,0.02851242013761296,0.0399636932649301,-0.030457612180973814,0.03182335845151524,0.09554822918894251,0.005538505828698692
chr10:101354032:101354033:NM_001256856:BTRC,0.3409705047746593,0.17495282945119292,0.9002156090783076,0.6915434046516685,0.0028723842559735258,0.17495591149097067,0.10366454096603855,0.2061611949231266,0.16531696740966362,0.16598911949546383,0.16427514499072965,0.14870331005208615,0.1483969925808635,0.9153030587802529,0.6925282310434497,0.4247665280912274,0.6916783423808833,0.31735161109032184,0.147794662469448,0.14778685020444912,0.007735375160326657,0.34099206909788904,0.14778685020444912,0.06094270564307519,0.6915434046516685,0.14778685020444912,0.6925450436572422,0.14778685020444912,0.14778685020444912,0.18708970701915106,0.15744973887784816,0.7440730986054842,0.34097994924713765,0.0028769739647790116,0.4247899823992886,0.7689970031368105,0.14778685020444912,0.6915434046516685,0.4134339081011652,0.7057081819418054,0.6915434046516685,0.6930733893782025,0.166650220018644,0.041068018341145485,0.4486425084895353,0.07516053724024152,0.14778685020444912,0.14778685020444912,0.7655243537827491,0.6915434046516685,0.0028842654930182343,0.6916660842722758,0.36550930801780673,0.14778685020444912,0.693026213669452,0.14778685020444912,0.7184389825769391,0.6919172304040234,0.42103272684417253,0.692586946161449,0.0028723842559735258,0.14778685020444912,0.003084263201279691,0.10158635741846053,0.3406914698294729,0.6915434046516685,0.0028723842559735258,0.00288382586396993,0.002873823059457714,0.3409705047746593,0.7454880019561664,0.45009933911715616,0.6930244938713909,0.0028733219901374285,0.0028723842559735258,0.0036281545293097295,0.42103272684417253,0.10601021452154624,0.6915434046516685,0.6915464455615882,0.0028797345679892616,0.06999378569041007,0.6928860396737953,0.7128416976566228,0.05169227591420536,0.6926681415357059,0.0028723842559735258,0.09491563540759584,0.14778685020444912,0.10340456835420245,0.14948265488722207,0.10366454096603855,0.0028723842559735258,0.6916660842722758,0.0028723842559735258,0.6915422664149284,0.152559767140753,0.42103615323579435,0.15509498096750113,0.0033793337053065198,0.14778685020444912,0.10366454096603855,0.15394232911546774,0.0028891532334582304,0.7007415746295343,0.4487861668976239,0.006713909572487381,0.7643373981750118,0.002944730907678883,0.14778685020444912,0.6915434046516685,0.00774944760631005,0.6915434046516685,0.6915434046516685,0.6969898519848787,0.1536262411646662,0.9002240720554464,0.7567067326569196,0.6915690673033379,0.0022717036039868743,0.6915434046516685,0.693026213669452,0.2250896179209478,0.6915434046516685,0.3409705047746593,0.5968866912919771,0.0028723842559735258,0.6925282310434497,0.17694983065190123,0.0028723842559735258,0.07439001878459114,0.6915434046516685,0.20476355825218362,0.002899276682490265,0.692706196314349,0.694487064569737,0.694487064569737,0.6933893130751618,0.01929084194586081,0.6915434046516685,0.1047894380880788,0.6919945293228007,0.6949671935992718,0.06905285637983102,0.41351264532524024,0.14778685020444912,0.14778685020444912,0.44573783975670794,0.14778685020444912,0.018527848203857084,0.6915434046516685,0.0032561388416354198,0.17798373879216278,0.0029174978732851853,0.004150928032355394,0.00833399273468291,0.004255691765065461,0.0028765794693299263,0.6915601828396403,0.0028723842559735258,0.6915434046516685,0.0028723842559735258,0.14778685020444912,0.9002156090783076,0.14778685020444912,0.6915945150913776,0.6955486081925742,0.9023842218077361,0.6939187407694282,0.9002156090783076,0.14778685020444912,0.1801788899239274,0.2344379296705354,0.6915434046516685,0.04769756968049518,0.6925282310434497,0.17476463885596155,0.6915434046516685,0.002917255761837101,0.7034844897899849,0.6915416862181285,0.6925282310434497,0.7224024354081675,0.17796591870588813,0.7110435958240909,0.14778685020444912,0.6915918040280392,0.6923664721861462,0.15476359555718255,0.14778685020444912,0.10677901506123817,0.003157088942585734,0.6915434046516685,0.14778685020444912,0.6919004402174467,0.40615505425616993,0.6915434046516685,0.0028723842559735258,0.003602187328658718,0.7171031332095948,0.11150575576387849,0.14778685020444912,0.0029041789771367954,1.5055838554956598,0.35453982762599895,0.6915434046516685,0.6982578713674653,0.2605381750306108,0.059204011081607305,0.4257701526790326,0.06037314000712854,0.0028723842559735258,0.006909126957399564,0.6929618509584343,0.14778685020444912,0.6915434046516685,0.10890860724730722,0.0028765794693299263,0.9436036168694815,0.9094857015115245,0.008308646403502984,0.20793208459536902,0.10368087853833688,0.0028723842559735258,0.45544565004822546,0.6915434046516685,0.6915434046516685,0.35453982762599895,0.10366454096603855,0.7106628110038754,0.6915434046516685,0.8885292380119761,0.6915434046516685,0.13070970030160095,0.0028786429836683836,0.3409705047746593,0.6915559927683714,0.6915434046516685,0.0028753132184214103,0.6920400811130996,0.693026213669452,0.7097620211248443,0.6915434046516685,0.41237002522402677,0.6919004402174467,0.6915447647958123,0.6922611441336304,0.14778685020444912,0.6915434046516685,0.9386574565436905,0.0028786429836683836,0.0583169810478526,0.0028744710464720102,0.6925514085780913,0.6980493753246378,0.7087814592503978,0.3625388603168967,0.6915434046516685,0.6941569668444512,0.0600430169414887,0.0600430169414887,0.0028723842559735258,0.21312472107695524,0.0028723842559735258,0.0028723842559735258,0.005031736205765608,0.10366454096603855,0.6930244007437671,0.37243841182366255,0.9012305171463882,0.9075466954462441,0.36987964105948534,0.14805960946121297,0.6934983147037892,0.6971084051522637,0.08302053381089153,0.14778685020444912,0.10151138599722329,0.9068397755778291,0.14778685020444912,0.060867129557604926,0.42514028821421584,0.6940500760341066,0.6915434046516685,0.34982757721105545,0.0028723842559735258,0.3409705047746593,0.14778685020444912,0.005361598457191946,0.10366454096603855,0.19715677338935209,0.1958602587408782,0.6940375531880405,0.3409705047746593,0.7174656650121347,0.0037807697526573425,0.0028723842559735258,0.6915434046516685,0.693877296799503,0.0028723842559735258
chr10:103193306:103193307:NM_012229:NT5C2,0.30212579390812155,0.32270742061203417,0.2636352457854971,0.15985381841082674,0.022991816900089945,0.5107443986579608,0.04373298939872014,0.08237886475945747,0.2066812671766527,0.23918213673985764,0.30303144097412005,0.022711908067231945,0.05695528781049042,0.2722029225379756,0.07263728305572668,0.04785467680057931,0.16321792101277227,0.37410496892280837,0.021974267123737068,0.02223937563554612,0.04398863036430925,0.32420052161866497,0.022699015874101003,0.15967152843496835,0.15811290989572513,0.26271743061275155,0.07263728305572668,0.045844864273510366,0.02223937563554612,0.29013784192130787,0.1406933611961758,0.22189854442531615,0.2629222523518141,0.03278269612413218,0.3361895073551422,0.4569615120024073,0.025043357881698036,0.15811290989572513,0.02053269253124293,0.033396793341848086,0.15813275464853993,0.15813275464853993,0.36300580075253125,0.13728228120783284,0.28125460689320503,0.0006408851995747256,0.025043357881698036,0.07174015161301309,0.036138883190236754,0.4316095562693001,0.14323361977269294,0.15989277519083353,0.30303144097412005,0.26271743061275155,0.07265721732451116,0.2599160866676941,0.11917477767644635,-3.511217429141844e-06,0.5157105530560594,0.42804559416597165,0.15065483186842277,0.0231001791180106,0.06177766237529625,0.264222589674475,0.3078241948412279,0.15803463619184782,-3.511217429141844e-06,0.03274080998274617,0.06177766237529625,0.05316483195049773,0.029260390739240916,0.28184233775705125,0.15818367853710522,0.03239008581340869,0.022991816900089945,0.43211280646215716,0.5157105530560594,0.0004589575849494598,0.03534764597527498,0.1581638321759064,0.42801816210172894,0.05144978988004896,0.15811290989572513,0.165166714249522,0.034065720516740255,0.07265721732451116,0.15811290989572513,0.05062277410656184,0.025043357881698036,0.035707262622324765,0.2400629769380775,0.027988822191488544,0.00784028380833035,0.07263728305572668,0.07264245105116277,0.4280486350524195,0.10344672895929556,0.40505590245202766,-2.2027391358037107e-05,0.05553599918849278,0.2628834250319742,0.23605145083897178,0.11851168310988017,0.003228954236761089,0.08138488321358514,0.06300756888134167,0.11127166542620387,0.4652546883358555,0.005647912791129472,0.025043357881698036,0.15811290989572513,0.37453358356361083,0.18160952972462896,0.15811290989572513,0.0729082375989191,0.11817116153308649,0.13809818767865303,0.4547161423242816,0.07265721732451116,0.34906023541705533,0.15811290989572513,0.07265342699671393,0.24494463670073677,0.15811290989572513,0.29526886805576735,0.31018332789093717,0.005736623219681214,-2.2027391358037107e-05,0.17061294850901526,0.0002632223259770583,0.22352973837719536,0.15811290989572513,0.04193929926588319,0.06339570917614848,0.15813275464853993,0.1658003929091685,0.1658003929091685,0.15801906355045597,0.11054392828887616,0.07265721732451116,0.43400538458657567,0.43203323243226843,0.14333928385298889,0.41529995986668156,0.034065720516740255,0.022836603004423972,0.027957081507964887,0.26968312975994335,0.02325658846629905,0.2845973791100258,-2.2027391358037107e-05,0.07265721732451116,0.023015755150644468,0.13038126956093632,0.009133809597898002,0.12198620661356077,0.0983052508082297,0.030732235428089588,0.15989277519083353,0.15811290989572513,0.15811290989572513,0.11203119904971645,0.025043357881698036,-1.5187683450240685e-05,0.025043357881698036,0.07263728305572668,0.20342250555275862,0.4040292627823686,0.07264245105116277,0.0002632223259770583,0.023092407148829486,0.33305014913474573,0.3293999589308348,0.07263728305572668,0.11226213360510501,0.42804559416597165,0.48308420785503947,0.15811290989572513,-0.0008966155003941045,0.5659110230261697,0.08065821791855733,0.07265721732451116,0.16991856018217738,-0.00043862674405634183,0.43241781678759894,0.025043357881698036,0.0728639818381017,0.08271463261784129,0.012524383098267755,0.025043357881698036,0.28369516182935356,0.07294453777186843,0.022699015874101003,0.0032776058845658818,0.2848701980125968,0.034065720516740255,0.18160952972462896,0.00017982998907609127,0.4516206819418145,0.0800016974819138,0.028478627927396916,0.025043357881698036,0.03070591015464816,0.5190796533922375,0.07770270850632013,0.07263728305572668,0.1450767114624023,0.061732749380252694,0.0059754291726055175,0.5098346715719906,0.014484895093448052,0.14268628698849328,0.0629325009768898,0.16078631472422023,0.025043357881698036,0.07263728305572668,0.2971387778525922,0.030732235428089588,0.1727912313886681,0.2018840988881424,0.05650227749149181,0.2746100673193595,0.26003600630060947,0.26315471670651064,0.3100694457474302,0.1581638321759064,0.09675944263740506,0.07770270850632013,0.0005571413839663697,0.12571029493935348,-3.511217429141844e-06,0.8203135379774927,0.15818367853710522,0.008110510942760024,0.007503888577817447,0.04554547373436382,0.2410763052550363,0.0027308561132613485,0.002490853433697926,0.07265721732451116,0.07263728305572668,0.07265721732451116,0.1614886450807231,0.015590253254882724,0.1580939451514941,0.0027494186040833424,0.0726434920460518,0.025043357881698036,0.1614886450807231,0.0755080391744134,0.0018281890928658617,0.006371342516939327,0.23069567787715806,0.07265721732451116,0.16244381846234995,0.035015607032020085,0.32719931600333974,0.15813275464853993,0.484409124416548,-0.007887910020918959,-0.007887910020918959,0.1544390688921145,0.5852340254549513,0.15811290989572513,0.024777863801640432,0.03098980801870499,0.16146872645029037,0.07282397307704047,0.6763555186670049,0.16175914094631483,0.14060770413523682,0.2924433916238859,0.2631665307753548,0.08086561818700386,0.008194559627831,0.24527210033830282,0.025043357881698036,0.4494296094671506,0.16520991584194727,0.186715321949396,0.2264938351440929,0.4393053639007781,0.16105731154795055,-2.2027391358037107e-05,0.07770270850632013,0.048939151362182826,0.26609279564681504,0.025043357881698036,0.008620219759789743,0.5343211234300719,0.23145800024871555,-0.008074491320194777,0.07605020810628359,0.00602885226422889,0.05602493880603471,0.13392147334252175,0.06177766237529625,0.1614886450807231,0.17561365109914462,0.00011286036177401981
chr10:110005967:110005968:NM_019903:ADD3,0.11561891679570363,0.06156777221596671,0.043935841872591364,0.39243927363178815,0.04859275483778985,0.20166872423721338,0.00749849268710201,0.06742546386661913,0.07047783921477943,0.010237124496356942,0.08136648571577004,0.05922458829871263,0.32318359196431184,0.10453044986443377,0.47549255658391587,0.06741386497521545,0.40226977596910346,0.0882278791131868,0.04860954431995329,0.005498709481617459,0.01833081507669171,0.29073404287249616,0.05061031763442775,0.02806269598404737,0.3645187867313052,0.005498709481617459,0.47549255658391587,0.29488202180788947,0.005498709481617459,0.05637016102324499,0.1149200398026784,0.11907338007034285,0.2624172048309084,0.014170303867544032,0.2944031840326151,0.07627547696171122,0.005489076580425134,0.3645187867313052,0.013262032459451789,0.2110461177771305,0.3645187867313052,0.47552494247143207,0.01721352905159762,0.05730882491508521,0.02042125083631885,0.009150646653101557,0.005489076580425134,0.008319203367079642,0.08279255915596684,-0.029031861368227052,0.13382232053693238,0.47549255658391587,0.0940470115169415,0.005561904009060092,0.47549255658391587,0.005498709481617459,0.48337858945615275,0.47549255658391587,0.005880808531018578,0.4750691537905775,0.11498970994727281,0.12708776769330127,-0.001773643326384744,0.01929805817296454,0.14006677330045175,0.005574449783988522,0.005519858535087685,0.014080173070915858,0.007240053838293681,0.01875225152415322,0.005491755482809724,0.005489076580425134,0.47549255658391587,0.006671654906472091,0.03542915682956718,0.13339932394740192,0.005880808531018578,0.006803901090130182,0.3645187867313052,0.3645187867313052,0.005519858535087685,0.09281460860341217,-0.0169265974493423,0.2520754071051771,0.005698608556990892,0.47549255658391587,0.005505479441885397,0.328313863764509,0.005489076580425134,0.030305458755968573,0.009065734253870916,0.0074700582199760945,0.20424304222118606,0.005519858535087685,-0.01852366898081237,0.37473459744088017,0.17475861096317885,0.32368346959520844,0.005767937879582075,0.13940057401269068,0.005766632479904499,0.010939781737893117,0.1090395748001477,-0.0015715604930853222,0.47549255658391587,0.21775543848772005,0.11559348765582567,0.28488572146271113,0.015241677908314488,0.005498709481617459,0.04230394941881313,0.017893834646812268,0.3645187867313052,0.47549255658391587,0.0056422978743117524,0.1088752253502191,0.13577638023454774,0.47549255658391587,-0.0169265974493423,0.38297848051509714,0.3645187867313052,0.47549255658391587,0.0627360144240646,0.364401469914746,0.018518629185883484,0.07534579444577427,0.005519858535087685,0.47549255658391587,0.24516054408085985,0.005489076580425134,0.3649424541301371,0.3645187867313052,0.3163974937488167,0.15029104596914422,0.4750691537905775,0.36461933735747903,0.36461933735747903,-0.011600457381277574,0.006540507892288494,0.005519858535087685,-0.02871151618553247,0.16618708017296246,0.00712051793912738,0.06177495553456569,0.024590400691355374,0.008330854494742634,0.005489076580425134,0.0684505147356988,0.005498709481617459,0.1372537876123336,0.3646581826082322,0.3645187867313052,0.04835175457497137,0.017152456509743064,0.007352404244165389,0.05696383417387407,0.019480796517788584,0.03788446759195907,0.47549255658391587,0.005489076580425134,0.3645187867313052,0.005489076580425134,0.005489076580425134,0.2041204374300013,0.005489076580425134,0.3645187867313052,0.47628816876343355,0.1372777475162396,0.47549255658391587,0.005529491471540582,0.1111722048391065,0.0744092048221141,0.10960078821290287,0.4750691537905775,-0.003942620265565272,0.3645187867313052,0.03574765769624849,0.3645187867313052,0.06359355291808955,0.36547558585932716,0.005729475953758889,0.47549255658391587,0.7422118804197332,0.012046491869395604,0.3646786020704099,0.005489076580425134,-0.0169265974493423,0.009423711513084576,0.010925423523588829,0.005489076580425134,0.13705772863080307,0.36436267582670145,0.005519858535087685,0.005489076580425134,0.36487405919487054,0.0166859912701382,0.770850354514645,0.00946345974296986,0.14099550205497313,0.46958478828187783,0.17970650159541302,0.005489076580425134,0.20424406811159335,0.055819360921726235,0.010859684303858141,0.3645187867313052,0.4628669508429757,0.3134924440900601,0.005498709481617459,0.3490679766951858,0.45921037064705333,-0.003470854014499536,0.1765893938463587,-0.016271613598676182,0.005655096505230606,-0.01695080001845531,0.016794615273240943,0.03788446759195907,0.2586572911357315,0.469064406888414,0.3247372776732757,0.005693863299809698,0.03574887864232651,0.05005587553303509,0.09058565827986587,0.47549255658391587,0.3648181465681105,0.01169522061262468,0.005489076580425134,0.5439646562805693,0.005489076580425134,0.3645187867313052,0.47549255658391587,0.39044790520238276,0.1799414478000012,0.005489076580425134,0.5080505278682436,0.00549883192135342,0.18287489744318847,0.47549255658391587,0.3645187867313052,0.4619525825839933,0.3645187867313052,0.017203367981738882,0.36436267582670145,-0.0169265974493423,0.44704407677007185,0.005489076580425134,0.3645187867313052,0.4836331462582285,0.21871465076870794,0.37488324713551746,0.05090117856512133,0.47549255658391587,0.4613222187385671,0.4163492413209816,0.005961849407972175,0.3645187867313052,0.48274470820680226,0.009793885439431826,0.009793885439431826,0.0008656907096486754,0.035266300902286496,0.005489076580425134,0.005489076580425134,0.115511805236582,0.014968484034617702,0.47549255658391587,0.025304374372649818,-0.016918891577903106,0.2206366529018483,-0.0015381000997717886,0.005704997702715764,0.47576898931777645,0.20451757496660927,0.1063390873190101,0.005489076580425134,0.3575066789427008,0.48337858945615275,0.01398845542222188,0.3685525212217578,0.2000043046596945,-0.014919019655780352,0.005489076580425134,-0.00996188156929903,0.05549390548437688,-0.0013379847229204045,0.005498709481617459,0.02806269598404737,0.006119621106273676,0.00914889034008276,0.05548260903420743,0.3645187867313052,0.36468108073159305,-0.02874246572792974,0.16757328513749614,0.00716623067002059,0.3645187867313052,0.3679209583677227,0.005489076580425134
chr10:110497866:110497867:NM_004419:DUSP5,0.38613665663152985,-0.030292208195257686,0.19539145207938513,0.011561055230783768,0.14825626767764677,0.17397703295064731,-0.0023470124219220345,0.43990828596742865,-0.026849379572775223,0.07532934961502213,0.2212927332969511,0.39536181860097375,0.6149394464339477,0.3816818045228134,-0.005685471958000954,0.3146664903909423,0.016870026186965092,-0.012058160268608398,0.15684603280898723,0.01341348389809327,-0.0047955421759707795,0.9331690517527376,0.0066884740791512964,0.2039373716620521,0.07871281966973975,0.14341648529144835,0.16038480116873272,0.5373401284367239,0.14105711602855386,0.11358270084777977,0.45421188391317147,0.47562516100650976,0.4313722694066898,-0.10440456536079801,0.8391397066454984,0.10450185338112039,0.13139570876938578,-0.005551497404209904,0.23115575467827565,0.24903025370412535,0.05496367740404756,0.24669611220190973,0.2607357235668304,-0.004835699248450509,0.00893107110030611,0.01737765279941983,0.06397246392907296,0.03710824467930218,-0.004547113382952217,0.07539969650224565,0.3121822674678486,-0.005558116251614731,0.08518491147276908,0.13413538941324654,0.16827777717908843,0.1954396438405055,0.549118842626792,0.1601940983827284,0.024214440091811174,0.4279270484993863,0.016694479244795057,0.13780092794442034,-0.1057999507026991,0.06236834017455006,0.4654537026957768,0.05497147300576122,-0.005777426163261712,-0.03410270792423764,-0.10605948157714207,-0.10200471109475884,-0.005034056889288263,0.11056606719144102,0.08557748759789646,0.30329242762414627,0.07129146831839478,0.49266903592581,0.024214440091811174,-0.005495236265479875,0.4182485805244582,0.07871281966973975,0.0785814939841844,-0.0023587314406748883,0.003179974397014007,0.11388562222714194,0.19436595262100032,0.16836327218874203,-0.005777426163261712,0.3784709887352933,0.05585995692417178,0.1653870906027295,0.1310159160976231,0.0785928436259189,-0.0036538221940192184,0.04718808521978929,-0.09826850006729249,0.08354280140643616,0.02573061608573257,0.1335817808481624,-0.005593262323745463,0.09938052757021398,0.14841029487261537,-0.021389264080393766,0.0017050988177308435,-0.005685471958000954,0.5430055086783012,0.1396948755273807,0.005293925853973813,0.22458001379587417,0.07874093003176957,0.13116920646558672,0.022310275323079165,-0.0029751576696194215,0.055004905469242305,-0.00546614263939782,0.005306077443342105,0.0017050988177308435,0.33987747791149137,0.055004905469242305,0.00108342655163296,0.00038924054191036284,-0.005558116251614731,0.08557748759789646,0.19940259933007887,-0.0057395596518197145,-0.030640196903448325,0.016811518294263528,0.0008731114466842271,0.1601940983827284,0.38120008148355256,0.05625598173816315,0.08049559050835886,0.07882347670868639,0.05317638998792196,0.025616702115211387,0.38662501407882877,-0.005685471958000954,-0.005685471958000954,0.0629677560183255,0.0610928121211024,-0.005558116251614731,0.3315528233464725,0.01801202148829062,0.0033866155140279686,0.0498548010821217,0.18905892201941898,-0.005777426163261712,0.05546596337270748,0.33272830761607564,-0.005777426163261712,0.2286975884042387,0.04719000101824611,0.16046806970922323,0.03083206455823828,0.02627639830265316,0.2900210966872677,0.0017052093482931019,0.07613003307567373,-0.005520257656970173,0.0474163710903131,-0.005777426163261712,-0.005685471958000954,0.0016698594909352327,0.13138721534966658,0.386574743803401,0.055820027015569096,0.047435842726972655,0.052369118622467514,0.8997421051469827,0.05496367740404756,0.07390238218082046,0.08477402492320951,-0.03850064639855444,0.04992141079079726,0.16046806970922323,0.017652523298554157,0.16046806970922323,0.04718141412210164,-0.005684487070753197,0.02722090860417231,0.14992251126164513,0.021037840463859814,0.05496367740404756,0.6113521854634444,0.04269795138973931,0.006095756481947601,0.07773676518502559,-0.00546614263939782,0.003236187120507439,0.0949366773052489,0.06371721470769298,-0.0029752134284960485,0.0785814939841844,0.0474163710903131,0.13375679081003466,0.19432071082549612,0.25042155424770285,0.04815522488087787,0.04470990533649255,0.011423256272357185,0.44728164441306795,0.29951120200800624,0.13412713717169322,0.0027776483217197834,0.024133827213175474,0.037725755821521934,0.0789548462451441,0.007704380476186268,0.05284955928220236,0.001345792593466122,0.17549935622716628,0.08742860437023847,-0.003978349235745693,0.025619687017987003,0.07876565331784524,0.13139570876938578,0.04718808521978929,0.004199701026307179,-0.005520257656970173,0.09222001792519874,0.5525647391333441,-0.06315511693252396,0.1773393966913701,0.013136218456644144,0.18348884407454802,0.21639492714196368,-0.005558116251614731,0.05572368768372876,0.03771850483158978,0.0691266125395108,0.709538741430614,-0.005685471958000954,0.08464719624476652,-0.005685471958000954,0.053295929196155556,-0.005268524494517757,-0.005546335223636456,0.0570456332950553,-0.005656640310281236,-0.005360422099785378,0.16827777717908843,0.057354626157088584,0.14123200093296195,0.054966601220393596,0.29412818086482484,0.06290255748981022,0.00108342655163296,0.050122030558124475,0.13121235064364678,0.0857151101078652,0.5864611133482693,-0.06546635820892488,0.029518681830940308,-0.00565204964467414,0.0472988864447651,-0.09711674214347443,0.3821975106181761,0.11362635464479531,0.057475095303204216,-0.09619607724332924,0.06319321152925317,0.06319321152925317,-0.004669437946194233,0.3583396113934079,-0.00546614263939782,0.055486418194420684,0.08219490730386092,0.052637828130279674,0.17118709575843588,0.4463880713266012,0.013423709732024558,0.10164424965491947,0.1618441769423552,-0.0501071732142212,0.08388884057354551,0.29079471036137494,0.04718936522467598,0.06371721470769298,0.04432313738020799,0.4494596316738921,-0.005716668844504502,0.08551272731544313,0.34271969289121423,0.07040356183750773,-0.003564712510402801,0.038912414836334674,0.022034048767301084,0.07285016668833061,0.1338665183349308,-0.029400603323462615,-0.11529281897338017,0.142610301859046,0.010010919694028786,0.05754411443262086,0.036855482665851036,0.08118805306098276,0.10159444054360378,0.006406268595388287,0.05496367740404756,0.13593522452810086,-0.005777426163261712
chr10:110919542:110919543:NM_007373:SHOC2,0.3865785029368278,0.4847530694542474,0.001845524274618482,0.0024383961630350393,0.10812784901436279,0.484832185381212,0.0017343264171379436,0.3865785029368278,0.4742770831784888,0.006172892256958273,0.0043986991716854495,0.5172905937294383,0.26537960647488323,0.3867118253208432,0.22368822005006356,0.3866072957471645,0.517298458637426,0.30489654122838383,0.005002459383716962,0.0017343264171379436,0.22388702883414463,0.40039983899544346,0.38806905547483145,0.9258734432751317,0.5114376282295703,0.001845524274618482,0.22368822005006356,0.38909853585160187,0.001845524274618482,0.004089350268521086,0.028054681932899395,0.16406682951823692,0.2281538192275992,0.26866484119703005,0.38987552154777505,0.15969761782210506,0.004966732276712071,0.5114376282295703,0.10920146233721806,0.25799470997578006,0.2169220674759974,0.21450318016201975,0.22739346408510297,0.38945734843451907,0.7182721743963927,0.19467062981522593,0.004966732276712071,0.3865186007650466,0.0076697306256845454,0.0024383961630350393,0.0052947406233315175,0.3885435026550148,0.0033145056598797296,0.007242427483210578,0.21676848713485958,0.0017343264171379436,0.1588357177631352,0.0017343264171379436,0.1588609120633202,0.2169220674759974,0.005572355242326965,0.005143111111946486,0.12924595820620338,0.006472663893702935,0.38911199387631,0.16807557287619634,0.1404604156007644,0.2684921221296983,0.2548216848744053,0.0017343264171379436,0.007355353383834973,0.2649328946153836,0.2169220674759974,0.002860004846929276,0.10836050029364541,0.42412539463886684,0.1588609120633202,0.2246759469156407,0.22211280096571928,0.5114376282295703,0.22388702883414463,0.33430820254490284,0.1902049081834496,0.8583756813841228,0.10918725095340065,0.2169220674759974,0.18885391755796088,0.36233223631786676,0.0017343264171379436,0.7942549206083388,0.1416146936098851,0.10918725095340065,0.0017343264171379436,0.1404704685073731,0.14249837976931407,0.21683671069187815,0.29529219423118297,0.22172651506733013,0.5114376282295703,0.25738479004223047,0.004966732276712071,0.1404604156007644,0.02426862012575942,0.14671121997666958,0.8390724083152961,0.7157629157828523,0.024769912637425617,0.21558083125282845,0.22412780626690887,0.004966732276712071,0.14129856049978484,0.0019747985287548175,0.21929570152914557,0.19033122820326853,0.38985372637807914,0.024343576179412796,0.9528456159278663,0.1420507854298279,0.22368822005006356,0.322839782450501,0.1902049081834496,0.2169220674759974,0.0062663667178659566,0.18885391755796088,0.0017343264171379436,0.035892027581607366,0.0017360614986778877,0.0017343264171379436,0.3323917983153478,0.2545067937670338,0.39811590417702336,0.2169220674759974,0.3563632339810715,0.254445721911767,0.2169220674759974,0.5131194736705776,0.5131194736705776,0.8344489544651715,0.21663168722588172,0.0017343264171379436,0.2269832385709974,0.21596033476974033,0.3887310539966584,0.29202623116077264,0.1098468421140979,0.10812784901436279,0.001845524274618482,0.2113317291230719,0.004375707160339859,0.8485171276062051,0.2238095325406625,0.0024383961630350393,0.001769808679917384,0.22409855771445897,0.0017507893368814975,0.024064625936482398,0.1420507854298279,0.0017343264171379436,0.3886732702115919,0.2189696352526791,0.18885391755796088,0.1689404913392878,0.007242427483210578,0.153744531160926,0.004966732276712071,0.22370387500426636,0.22427852801223036,0.39769717600828747,0.21447932244767604,0.0024383961630350393,0.3865785029368278,0.2586155691084355,0.30813704554763005,0.18885391755796088,0.20356775724429355,0.0024383961630350393,0.30050025694328814,0.1902049081834496,0.22475552572551782,0.14406594069280737,0.2245643943758569,0.21447932244767604,0.462970069345307,0.005134255387165387,0.6621758243391167,0.004966732276712071,0.2169220674759974,0.38978243328436846,0.027560294834230836,0.004966732276712071,0.0020760543984854607,0.0017343264171379436,0.22368822005006356,0.0017343264171379436,0.4681873170369832,0.3886241823554567,0.21447932244767604,0.22437426957723078,0.22966361984093342,0.16255128810312558,0.2780565055400166,0.004966732276712071,0.22388702883414463,0.16100424517687817,0.0031757163201009964,0.0024383961630350393,0.21223171178999742,0.33514287542089094,0.1890307275132298,0.14574923036698006,0.3954781947531413,0.13380637195888134,0.4405310811150172,0.2113035225774796,0.004966732276712071,0.22368822005006356,0.0019747985287548175,0.0017343264171379436,0.19728353384426478,0.44593959894642043,0.300857981333094,0.26703755514729766,0.10887612990506373,0.0032585435640724025,0.29618770674914796,0.3885435026550148,0.0017343264171379436,0.0031920213243419315,0.0018512883834796434,0.5142652906568226,0.19033122820326853,0.22001715672472644,0.2169220674759974,0.5541655633884622,0.256692792316757,0.0017343264171379436,0.3960361357898956,0.001750635602240036,0.25438863797426997,0.22368822005006356,0.2169220674759974,0.21461542023652924,0.21819157602099568,0.3886221397203513,0.14129856049978484,0.22340085910621432,0.2151389476023095,0.004966732276712071,0.2169220674759974,0.20981724100205668,0.2583594991909901,0.0024383961630350393,0.0017469519818334445,0.22368822005006356,0.14360616962319367,0.5180762334383495,0.265674944713766,0.2169220674759974,0.8435247616496059,0.18875822899580463,0.18875822899580463,0.13352651586069914,0.6616825664502718,0.18885391755796088,0.0017343264171379436,0.0017343264171379436,0.14033221550739367,0.21677913468330795,1.6968405165509746,0.1902049081834496,0.2819390015934522,0.013021031814668182,0.007512248047287395,0.21447932244767604,0.21753033816096146,0.30527086622891697,0.004966732276712071,0.21171047076409394,0.4383418270677612,0.21902560824917833,0.1964101277819133,0.4416385730206636,0.22360125473173043,0.1404604156007644,0.003205137569885441,0.0033344643711867294,0.1404604156007644,0.004966732276712071,0.6971491369115559,0.14070317113479242,0.004972723227507858,0.2453537620284031,0.21486905356221675,0.00507941761426195,0.008522235969626923,0.2567209477219842,0.02108017449007349,0.2169220674759974,0.22478560071559633,0.0016330760778602293
chr10:119104064:119104065:NM_001303111:FAM45A,-0.007062270601796761,0.31294590468721645,0.2114523840699006,-0.00709466750445395,-0.007252282010633437,0.19640559695384727,-0.0021476637057472187,-0.04093945674982448,-0.07177543311638378,-0.00569134267266469,0.2606823989338334,0.053770039211841175,0.15468007660941274,-0.003162430672715766,0.4693129413666836,0.08773540795279461,0.7075085520226434,0.3552265991867519,0.15896215571755953,0.15886050938178736,0.07244461031716917,0.2777309618125899,-0.007371514755320913,0.17047745453736804,0.4694431913909774,-0.007193135028968289,0.47256941567270616,-0.0071204761726409715,0.15886050938178736,0.13888747300585175,0.24671704543026035,0.7225615903197851,0.20813944745180543,-0.06802847020773639,0.38973160317480576,0.5082023979296971,-0.0409559318409294,0.47262387422662583,-0.010096361526934466,0.05248243837209984,0.47262387422662583,0.805130940342262,0.08084990294960204,0.07261095577561957,0.24533541727341013,0.07624558931386163,-0.0409559318409294,-0.007252282010633437,-0.0024402584068031197,-0.006206781590006566,0.34964640812048864,0.47262387422662583,0.2574073573485404,0.06486614023965506,0.47309410976228816,0.15886050938178736,0.57765441550183,0.3068943879739053,0.239285073084693,0.47309410976228816,0.349738073436792,-0.007371514755320913,0.04963969001125379,-0.08409894300881317,-0.009400821138653176,-0.007371514755320913,-0.00639042390702968,-0.08381650626382361,0.00975473118865225,0.07937880069908967,-0.007185845089715953,0.35674001336314065,0.4730146740000918,0.30639895522082533,-0.0071631709260464305,0.04769223144595329,0.239285073084693,0.15888193445471074,0.05984803673488741,0.4694431913909774,0.30669667231109987,0.158784645772538,0.3071581970539246,0.4727767417520309,-0.011128824063393578,0.4742713775430946,0.359225560871639,0.33962727402714443,-0.007397861064015687,0.05349717813034949,0.15502549659883824,-0.0072867120293906296,0.05497575084749384,-0.00639042390702968,0.4928285955734971,0.05374127932798148,0.30797310059423255,0.5352101680025396,0.1587969615828304,0.041809905716253426,-0.0409559318409294,0.0793860285564631,0.24878860225720417,-0.006233323542965796,0.473833276344861,0.4879677298367533,0.40157711601132257,0.6011371560715417,0.053463711653093104,-0.0409559318409294,0.010304105266513458,0.12471436667930347,0.47262387422662583,0.4668391983950486,0.4729797255857193,0.35371370221731546,0.4697116209759137,0.472703207709976,-0.0061131987824250555,0.0779377111697178,0.47262387422662583,0.47309410976228816,0.08946561237788486,0.47262387422662583,0.0793860285564631,0.5925829308555433,0.07251748985576456,0.3068891826469162,0.29696307894693363,-0.007371514755320913,0.24203638460592478,0.47262387422662583,0.2737857864584442,-0.007397861064015687,0.3072088726807013,-0.006270331282938996,-0.006270331282938996,0.4726304139309706,0.37850128373401853,0.05248643394261995,0.5296865302013842,0.3971713169560615,0.05334853102216208,0.10690040593007857,-0.007186193281296688,-0.007371514755320913,-0.007397861064015687,0.22754133410889243,-0.007371514755320913,0.1047927979097421,0.472703207709976,0.053570617190075165,0.3114495256669476,0.08973588081961048,0.07568707185467258,0.0727476097269904,0.052322258797066895,-0.007371514755320913,0.472703207709976,0.4693129413666836,0.359225560871639,0.0727476097269904,-0.0409559318409294,0.16201316156039364,-0.007397861064015687,0.472703207709976,0.05361954703114216,0.054081810243882006,0.47262387422662583,0.5014673851082719,0.05229171486398679,0.1896768890020129,0.27808136193216637,0.30696033718699395,0.3285159980529342,0.0534129860729359,0.06980555174606311,0.47262387422662583,0.10334219595407124,0.05460602207199061,0.05500286504230062,0.47665110795101817,0.07048460452475756,0.0013091704659303621,0.47617037094275794,-0.04107578962042775,0.47657135767272385,0.01162772187112418,0.0409154701612007,-0.04107578962042775,0.12317725814530261,0.3051345167312706,0.05324255658462784,-0.007397861064015687,0.4725856631073007,0.02830669146755474,0.4008846441213493,0.06265005192143547,-0.0384115361105096,0.5831066845528341,0.20943333953656754,-0.04107578962042775,-0.007214542627821174,0.3952512172941064,0.08735745859768249,0.3068943879739053,0.4730073821221332,0.25638041560139546,-0.005082349738780134,0.2895458223531006,0.08718935984610698,0.6005318657734118,0.04170963703969757,0.07809963268408356,0.06486614023965506,0.4724901115507102,0.12474177735146177,-0.007371514755320913,0.02440083156408121,0.5824536403090975,0.047835811688688695,0.33113120052537476,-0.006196391945485602,0.05247264113650221,0.4280546747790634,0.47262387422662583,0.5732175173668814,0.08735745859768249,0.24907426906848848,0.008524592640536205,0.05215894687638073,0.6118509110185696,0.4693129413666836,-0.0055734760910027825,0.04365274313015205,-0.007256673078410131,0.618040178744473,-0.007371514755320913,-0.007394969491872627,0.4724901115507102,0.47309410976228816,0.472703207709976,0.4730146740000918,-0.00990037551265191,0.0534001304911314,-0.0072516716925495606,0.5338892005425501,-0.0409559318409294,0.4730146740000918,0.5180587296143979,0.04321186855949083,0.4982313661330082,0.12752197641278518,0.47309410976228816,0.33476205331809034,0.0011808235306400294,0.42049222862537294,0.47309410976228816,0.468391337309503,0.1618059587649595,0.1618059587649595,0.496029233820256,0.3316862775646612,0.30483646013398247,-0.04107578962042775,-0.007124659616495971,-0.006164801112736096,0.4730711991234382,0.3442720834148866,0.5624368399128016,0.04179087482354077,0.04672421130152726,0.18378858006290874,0.38415453216315754,0.13817630553528298,0.0026593185730785507,0.06486614023965506,0.5379774199423859,0.13921290906291653,0.11118215336842996,0.12103877636316937,0.1360201982852579,0.10740911591640201,-0.006270331282938996,0.08735745859768249,-0.007225925022213253,0.052426165769648564,-0.0409559318409294,0.043806424744276734,-0.004708862754955148,0.2492640429284343,-0.007238163477388787,0.4730146740000918,-0.007397861064015687,0.2075949093116526,0.041861658058135964,0.3049857380182511,0.4729568704475465,0.04223598522938324,-0.007371514755320913
chr10:124942122:124942123:NM_017580:ZRANB1,0.06873561620772983,0.34816071689239897,0.11038228089878227,0.16250730988106887,0.05864674168021691,0.5193219638937395,0.00936011790528618,0.037282965031528226,0.40426072360665743,0.24133784658040988,0.16685179126234045,0.09448745797669622,0.09035736256776411,0.16620990993770002,0.16247102807422048,0.09027661868739123,0.16262310672728675,0.6919793823836193,0.06299074115949313,0.017431304268188647,0.001856337087236648,0.10422315162379764,0.037232713417549246,0.10194179492673983,0.16247102807422048,0.11308246806686084,0.16247102807422048,0.03809581415514801,0.11298382452877986,0.07238182456877076,0.2171184213048942,0.23061261520341636,0.14701187312606495,0.18124689972532965,0.10481757647548051,0.08861608850206476,0.0016779387140125612,0.34437390075683527,0.03719337095716338,0.22162213124207686,0.34437390075683527,0.3446003625726058,0.1456363240584881,0.016018139971157697,0.49859338600714526,0.0908672778366709,0.0016779387140125612,0.023620804550622376,0.06332746415968857,0.06833998811937275,0.15823354073910095,0.34437390075683527,0.27667305788536123,0.001685912678793533,0.34464488979330604,0.02151945190850399,0.1895097330509285,0.0016779387140125612,0.1150784435350169,0.3444621935504535,0.17975437475230455,0.21812462912809075,0.05439992025968901,0.012805218078553227,0.09842523193762942,0.09320487593654214,0.16247102807422048,0.13171116541396635,0.05668041551018538,0.0031858140769541188,0.050728616074567384,0.0017602194364280122,0.09162461164414654,0.022884000912944097,0.05857393346475534,0.11968044649196863,0.1150784435350169,0.0016790153101100547,0.0936377357985756,0.16247102807422048,0.16247463590177358,0.04915904372612431,0.09170319768404595,0.23574307221873908,0.02685674994050563,0.3793879164662796,0.16247102807422048,0.2766895115612996,0.0016779387140125612,0.09275213546297367,0.0016779387140125612,0.03568941728254302,0.0016779387140125612,0.09324812997341769,0.14836169381537329,0.09162461164414654,0.2166964102055614,0.2776449974858172,0.0957314755286523,0.21633975174125036,0.001685912678793533,0.0031858140769541188,0.15946856279502458,0.003589272704127844,0.3451014061358438,0.2617497620852286,0.001784600348261417,0.10887452785856289,0.09235952275034304,0.09162461164414654,0.34437390075683527,0.0016779387140125612,0.3443838335441356,0.34437390075683527,0.09164068848903312,-0.0017417081742116536,0.12165885954048272,0.09162461164414654,0.09592567890392861,0.1693181457657899,0.16247102807422048,0.3449125070377018,0.3192769024633014,0.16247102807422048,0.0031858140769541188,0.38575926832832474,0.001784600348261417,0.0016779387140125612,0.28968861052702194,0.0016779387140125612,0.1233247386547826,0.3443838335441356,0.2582152304562296,0.0018304056622963638,0.34437390075683527,0.16247102807422048,0.16247102807422048,0.2553582709300218,0.015865193407504086,0.0016779387140125612,0.12380023458995326,0.09320487593654214,0.09162461164414654,0.003446650759636183,0.03595435933692323,0.039739978978104995,0.001685912678793533,0.26516338722486543,0.0017129154891404874,0.14661847667998393,0.16247102807422048,0.09162461164414654,0.11342788000959114,0.02131922319429519,0.00633939151332788,0.009707239723048655,0.09162461164414654,0.0016779387140125612,0.34437390075683527,0.09162461164414654,0.16247102807422048,0.001784600348261417,0.001685912678793533,0.0020150475548667834,0.0016779387140125612,0.0016779387140125612,0.09491280870270968,0.09180077075301096,0.34437390075683527,0.04813784433753798,0.021475295177833642,0.11291619580857976,-0.003520095597290329,0.0016779387140125612,0.3239641049076589,0.34437390075683527,0.045934130381822535,0.34437390075683527,0.10465415574245374,0.09202386268525797,0.09162461164414654,0.09168128633880612,0.16993363516032417,0.04711162715089745,0.3443926841537065,0.0016779387140125612,0.16247102807422048,0.0903882036984417,0.10327553366758724,0.0016779387140125612,0.0016779387140125612,0.16247102807422048,0.16247102807422048,0.0016779387140125612,0.10201982629026607,0.04998854278094275,0.09163352361080995,0.09162461164414654,0.1461365613717865,0.16827916408146204,0.26797530270429376,0.0016779387140125612,0.0016955411208183224,0.05132096499056127,0.0016738924674530309,0.16247102807422048,0.5106203792628699,0.0735137491304177,0.001742296232789875,0.21020209641686705,0.03834291437619905,0.15998508367988917,0.0018734711815684424,0.16270532769925977,0.001685912678793533,0.09162461164414654,0.0016779387140125612,0.0016779387140125612,0.16486148810687584,0.09399016386087361,0.18148117980871417,0.09163352361080995,0.0016779387140125612,0.02151945190850399,0.4069962091242671,0.34437390075683527,0.0016779387140125612,0.0016738924674530309,0.0016779387140125612,0.04264079092084583,0.0016779387140125612,0.3443838335441356,0.0016779387140125612,0.003594849538955114,0.36956119250004404,0.021511242722331014,0.09162461164414654,0.0017209958232445033,0.1350218126763208,0.0016779387140125612,0.34443495788678896,0.09607460755754837,0.16247102807422048,0.03741883892647396,0.16247102807422048,0.09162461164414654,0.15135924291392722,0.001685912678793533,0.09162461164414654,0.4952979227826082,0.15175206340216466,0.0017129154891404874,0.027208074788652087,0.09162461164414654,0.20534725353978062,0.016183540226830107,0.0045467625289006275,0.09162461164414654,0.16250730988106887,0.07997857288469351,0.07997857288469351,0.14458360964734668,0.20939992933164675,0.09162461164414654,0.0016779387140125612,0.0016779387140125612,0.09171243971488824,0.10139197120845911,0.373175570996007,0.15855888027366766,0.05435464929272224,0.001685912678793533,0.04259479897790039,0.09162461164414654,0.002260220700858351,0.006214802862024915,0.0016779387140125612,0.1133691885734801,0.09168918672611387,0.013139027693096217,0.15288846780857718,0.03877571697655435,0.04817670174453989,0.0016779387140125612,0.001675398888259516,0.0017129154891404874,0.09324244263782355,0.001685912678793533,0.09312985912201166,0.0016779387140125612,0.07308283461026105,0.0025353719608582626,0.09183618977140157,-0.012912931728252086,0.297022181966457,0.21633975174125036,0.14828755895927492,0.1625496300861719,0.16247102807422048,0.00184792822486049
chr10:125896538:125896539:NM_145235:FANK1,-0.022872506309221285,0.33244819845960566,0.37364017166844743,1.1073610197214927,0.003310836572337234,0.3341035345867658,0.32834121602613,-0.06594688123721372,-0.06181232531513896,0.0235840130983673,-0.012188426186639512,0.0033627690006513347,-0.06631172321763432,-0.01693534686398282,0.26093724730280315,0.003310836572337234,0.26086253701430784,0.45159042772628577,-0.06579350126632491,-0.03074033071449296,0.3989961370508098,-0.026233602232429865,0.004207667258218386,0.051060101070689284,0.2610099737469661,-0.03074033071449296,0.2608533637735463,-0.06592323507728648,-0.03074033071449296,0.05892271413355217,0.11247326395459585,0.24905875148328327,0.023889822966498397,0.006920578375686822,-0.06601199989101546,0.33179889181426,-0.030997719802627083,1.1073610197214927,0.4543600752331233,0.02697999069436571,1.1073610197214927,0.2607900737765139,-0.015057889903470676,0.017853332939022,0.02587102901590816,0.31639622292710584,-0.030639790846821092,0.016756755321677943,0.3804672163794467,0.003286471928859211,0.0032969617415068986,1.1073610197214927,-0.012188426186639512,-0.030639790846821092,1.107411552653152,-0.06631172321763432,0.2655191170096064,0.26093724730280315,0.026073693002440834,0.2607809080353848,0.0032969617415068986,0.003263735684927306,0.26587582593713843,0.007509129354876857,0.39023343715928643,0.26086253701430784,0.2607900737765139,0.39491889531989166,0.0035374930562686764,0.005715590295700582,-0.0659841123689191,-0.02509215453750241,1.1097021217521488,0.003261991130534627,0.003310836572337234,0.003341366995945269,0.026073693002440834,0.0033544076594579017,0.3902716141163645,0.26086253701430784,0.2607900737765139,0.005232959214871227,1.1073610197214927,1.1097370431565325,0.08912150907275092,0.2608533637735463,0.2607900737765139,0.2154057868641604,-0.06594688123721372,0.39021032144613965,0.05126244970233791,0.052220907744342765,0.0080021232994167,0.2607900737765139,0.2607900737765139,0.3900786553523151,0.05599578661871821,0.9975953685636711,0.038236924810942596,-0.06532246428060653,-0.030997719802627083,0.003310836572337234,0.10128099690264711,0.49924903140667454,0.2608586188998916,0.11580483738660283,0.04531992250313892,0.9976228052357716,0.26233099833307527,-0.030639790846821092,0.2607900737765139,0.4006628971225503,1.1073610197214927,0.3900786553523151,1.1073561331223962,0.10065873629980669,-0.060922005281377166,1.1073610197214927,0.3900786553523151,0.007795887471579003,0.26093724730280315,0.26086253701430784,0.02324135391198409,0.2607900737765139,0.39630168994325793,0.1739958750964497,0.003261991130534627,0.26086253701430784,0.5205880672088221,-0.03112574846557912,0.1544030446663754,1.1073610197214927,0.01253633302405208,0.003176923696055333,0.2607900737765139,0.31154460737628537,0.31154460737628537,1.1928274290146978,0.3632346524204718,1.1073610197214927,1.1097370431565325,0.26600862110050494,1.1169010460399753,0.4194323809164542,0.4543270160010435,0.003261991130534627,-0.03100190676588936,0.5707369202242951,0.03631480962321776,-0.006915473610466388,0.26086253701430784,1.1073610197214927,0.3949083451252092,0.021330434162146087,0.05089268618767171,0.09850008033398933,0.007977376796845317,0.04472207145201708,1.1073610197214927,1.1024136284038955,0.26086253701430784,0.04114842474159327,-0.030639790846821092,0.003261991130534627,-0.06594688123721372,0.003238826445976152,0.26086253701430784,0.13851216224701862,1.1852157606497546,-0.07092903721728612,-0.061739401600317656,0.3360202237810506,0.01736189289843445,0.0032376985076213102,0.08960680398622725,1.1073610197214927,0.017302219985748223,1.1073610197214927,0.24580840741575932,0.2660477874667725,0.39008745061048977,1.1073610197214927,1.1164311335176584,-0.06096909635354787,1.1074298265342752,-0.030639790846821092,1.1119397028280087,0.2659437656846111,0.06347623148000947,-0.030639790846821092,0.39881691173512834,-0.07486636198850935,0.003261991130534627,-0.030997719802627083,0.25969413200392977,0.49769413554948977,1.1073610197214927,0.00290649182096462,0.40172383128249445,0.26086218674771744,0.003014340367036742,-0.030997719802627083,0.5040396868919814,0.44967559280306235,0.056364946603549876,0.26086253701430784,0.37592749244420687,0.15082844871092735,0.36325592376658455,0.022886927989496576,0.34294297140411073,0.2861985722734233,0.05107627045353953,1.1073610197214927,-0.030997719802627083,0.26086253701430784,0.014471707426712648,0.04472207145201708,1.253323735569942,1.1074562368039853,0.0562109773926995,-0.0264715737940097,0.003286471928859211,0.00328215379296665,0.1158551595857375,1.1073610197214927,0.0032376985076213102,0.00522575692197744,0.2607900737765139,0.0945237067280551,0.3900158365586383,1.162454593567868,0.26086253701430784,0.2608987229918012,0.10848229074617347,0.003261991130534627,0.2609684731902432,0.003987636079883998,0.05288611380611282,1.1073610197214927,0.26093724730280315,1.1073610197214927,0.26086253701430784,0.49755619933844863,0.3900158365586383,0.3280563613594286,1.117999476254173,-0.030639790846821092,0.26086253701430784,0.36839312720285544,0.04499996816148472,0.19599183842163992,0.0510659827853102,0.26086253701430784,1.1078660536683578,0.09302224745346482,0.3774819836367463,0.26086253701430784,1.1097403505401358,0.39002563908726373,0.39002563908726373,0.2610842875074668,0.09549923473130127,0.3900930732402301,-0.06594688123721372,0.04472207145201708,0.2607900737765139,1.1173362488388927,1.2802932502084243,0.14446262866587095,0.025642567383199175,0.11923480602634229,0.003261991130534627,1.1754351281427906,0.3900158365586383,0.019162998553122583,-0.030997719802627083,1.1193160208652944,1.1073768279704916,0.0032602262104959798,0.26207961300054516,1.1121301657729226,1.10978153598567,0.003261991130534627,0.00522575692197744,-0.06594688123721372,-0.0662797431705345,-0.030997719802627083,0.07207608400555873,0.0032376985076213102,-0.06579033758667671,0.5816539116956003,0.008029692607413583,0.024367611937861057,0.14103854281292616,0.006243652856656002,0.003261991130534627,1.1073610197214927,0.3900158365586383,0.003261991130534627
chr10:132537848:132537849:NM_005539:INPP5A,0.31303912639069204,0.0214068689995095,0.2516210980376102,0.12279911714406663,0.2495826724090548,0.4434268150169819,0.10393631473759374,0.2426314694514867,0.004503627192289084,0.09372427041609217,0.2966774692001082,0.05874919673262197,0.31398843176604074,0.3130641876592609,-0.23544417976867454,0.18686105857394772,0.13183605039056542,0.07965067333543249,0.26965033927280235,0.2518015444799234,0.03857253194594634,0.5849198184575275,0.18686105857394772,-0.027687668728377524,0.122775715209747,0.2518015444799234,-0.23544128911729428,0.2426314694514867,0.2518015444799234,0.24468203910975844,0.271023851181488,-0.2520322231606626,0.2516318737029463,-0.03637491143752286,0.313211914076583,-0.26146297367383853,0.012994719065838545,0.11894538695600751,0.026152379058644426,0.004325278055394566,-0.23544417976867454,-0.22415392354374625,0.33682733070101556,0.052602899092126065,0.27509174556229293,0.14844733611489455,0.057008045972447075,0.24351315367848086,0.017164846175362958,0.14887222793010915,0.02531163239960199,0.11887310374705379,0.36062383915553525,0.058860504204849784,-0.18408456692270717,0.18480011519298575,-0.2519713222982753,-0.23544417976867454,0.43869023723800116,-0.2490005329537452,0.2067977344834888,0.06162081472946773,0.007613449875711498,0.04952014337047683,0.24980155133117263,0.0058405017933738645,-0.23544417976867454,-0.01931288041081175,0.006143608912579868,0.014028366184764995,0.01490828747915568,0.2516210980376102,0.005597611918014833,0.00770706410906602,0.31111843182637244,0.15917055782593711,0.43868359427949055,0.061583370505548685,0.15009165387314202,0.006967254315982108,-0.23542992718760136,0.005403141185144733,0.06938707186694643,-0.5188411567330803,0.005419824341820978,-0.11011635639964953,0.005403141185144733,0.15692323536215086,0.012994719065838545,-0.12974996954340273,0.08397160738549375,0.005403141185144733,0.007704734496502663,0.005403141185144733,0.08702946678134105,0.17433906344224329,0.05805375871093371,-0.2520388801934448,0.02307644344680193,0.007635172261460932,0.058860504204849784,0.014028366184764995,0.2587468409646273,0.013908440656334176,-0.24636653033921357,0.2931206128908185,0.257066202282746,-0.25203955559385227,0.15544032441433844,0.057008045972447075,-0.2614636327947377,0.044066604620424665,-0.2115574722716576,0.012578367460836126,0.005196667683846079,0.18863677972206253,-0.239449887527095,-0.2614515184679323,-0.2614387978012497,-0.03515126477682651,0.005403141185144733,-0.15835623288829026,0.2194975139752729,0.16915412662531587,0.014028366184764995,0.29313763630249146,0.016750666801840453,-0.23544417976867454,0.2646959949778499,0.09963264061871324,0.13066502197450006,-0.23544417976867454,0.20795856603885507,0.04919763707008956,-0.2241314842333084,0.016049399407895126,0.016049399407895126,0.0053985670738553315,0.12106812112462578,0.005518936411401554,0.03326476305667255,-0.2614481898860614,0.005403141185144733,0.03006968212490646,0.005419824341820978,0.18496284818382142,0.012994719065838545,0.05544650744176757,0.005403141185144733,0.15807609620743956,-0.26146177835286655,-0.23544128911729428,0.05085885798415912,0.2448821797484046,0.11223049156669868,0.09277102087159317,-0.235503020096184,0.026135388290124184,0.11887310374705379,-0.23544417976867454,-0.06853637494454475,0.1401682287094642,0.057008045972447075,-0.25220873663729954,0.005403141185144733,-0.22864388872572405,-0.1985124924000657,0.26062623747990865,-0.23541493546499698,0.05702600345179282,0.057266230674228924,0.08280555032809844,0.03279525431850966,-0.23544417976867454,-0.03293204622165922,-0.23544128911729428,0.026657127685118853,-0.23544401218035044,0.045491633670253606,0.3268965757129832,0.013200065384669779,-0.23544417976867454,-0.551855837809321,0.050878963917618314,0.06911845981305842,0.012994719065838545,0.005415792635108052,0.005403141185144733,0.16140028549408653,0.005196667683846079,0.02718686147677235,-0.23544417976867454,0.005403141185144733,0.057008045972447075,0.28269476300348795,0.11253630783651491,-0.23544619692582183,0.03918268572731132,0.13447143451633445,-0.255134111592616,-0.26510221160682373,0.057008045972447075,0.013313886503643624,0.2375882651629267,0.030139039348818064,-0.23544417976867454,0.005403141185144733,0.19776918144930797,0.14411994897056682,0.24017224829288553,0.17244497516811494,0.0031342749142375115,0.16966616060458856,0.16571115171094594,0.057008045972447075,-0.23542992718760136,0.013324704638255414,0.026135388290124184,0.1471806181508833,0.05426555141068368,0.14945046237733595,0.25250266768330354,0.24959715549386802,0.24060721809513658,0.272137643761436,0.005403141185144733,0.04900890292058746,0.009379173658318196,0.007544593115024256,0.3111000954882466,0.005403141185144733,0.05219500789303865,0.005403141185144733,-0.061844279193067175,0.008824907178766217,0.24263698611265025,0.1280984741834628,0.006202184107060249,0.007945966144060512,-0.23544417976867454,0.24079761316436105,-0.26146171091916703,-0.21154364084319335,0.005403141185144733,0.05278936174799742,0.16573735819358484,-0.21651796289873998,0.012994719065838545,-0.2614320226750413,-0.23927322731747241,0.008490874786536429,0.12886650014605003,0.005403141185144733,-0.2430547371414973,-0.2616803491653224,0.2840787639720689,0.2495855800823963,-0.2614515184679323,0.028743657910320408,0.0054286093001941205,0.0054286093001941205,0.08784437694641462,0.09083018437165169,0.122775715209747,0.005196667683846079,0.020716730974017772,0.17081541906698738,-0.2174076139938632,0.09753001265134914,-0.25210616498756355,0.05124523342070203,0.057008045972447075,0.014947690361153787,-0.2115511970455986,0.016818869841478623,0.025743772713557045,0.057008045972447075,-0.016931488181138876,0.07352559658722896,0.23057161326899728,0.13133391565420652,0.1100868353192741,0.16570652187768373,0.005403141185144733,0.027088677780287118,0.05085354926257796,0.059970235710662845,0.058860504204849784,0.05424075307109916,0.16157692582598432,0.1007006522587508,0.13300839659990907,0.05700904446570537,0.26471263416648155,0.30320995628655734,0.05743672923167137,0.0053912504477883205,-0.23665614010537245,0.09047143674562064,0.005403141185144733
chr11:1571920:1571921:NM_004420:DUSP8,0.7439999386710678,0.5402220891218712,0.68037129444136,0.27472819329403475,0.0034781959127775097,0.4591536561247785,0.0034781959127775097,0.05143507617250162,0.4591536561247785,0.14886481960189196,0.037915277239355755,0.23421132403374564,0.20066053792496963,0.7523001732598509,0.2747282882665065,0.0034781959127775097,0.1297582069077754,0.7769121445667553,0.5539933809070033,0.11846187892577886,0.00530956827438539,0.012743638917939032,0.01137714496295289,0.4186573576526956,0.0034781959127775097,0.5636565393274211,0.12374645641693177,0.060212312386402206,0.11846187892577886,0.5245096409107092,0.41189003816100955,0.6975502516784529,0.68037129444136,0.45896219765687873,0.05291720134435113,0.8334317778209135,0.0034781959127775097,0.10376110955342788,0.0034781959127775097,0.004464128306053722,0.0034781959127775097,0.28432657119215143,0.14886481960189196,0.0034897229826746923,0.6188337671433167,0.5255045409614699,0.0034781959127775097,0.4131165295323557,0.022152141694437827,0.40772712495779856,0.004881597135599436,0.0034781959127775097,0.037943595062111535,0.0034781959127775097,0.026038608428034155,0.0034781959127775097,0.14561141415429818,0.12374645641693177,0.04318080262564919,0.25722525523373807,0.004881597135599436,0.0034781959127775097,0.034773169517165886,0.4371097260782262,0.6280238065401004,0.40772712495779856,0.11846187892577886,0.45896219765687873,0.034672666256638535,0.00350590769342915,-0.0013781111805996338,0.5636565393274211,0.14022807037264323,0.14931697341265998,0.0034781959127775097,0.14285374571741605,0.04318080262564919,0.03418229190838096,0.5905009834976667,0.0034781959127775097,0.19470802087868289,0.0034781959127775097,0.007959559071997191,0.19676473498500419,0.0038657603841151245,0.15299565144202193,0.10876624824494818,0.04679953070007592,0.0034781959127775097,0.6242686044676446,0.00350007925267648,0.0034781959127775097,0.003459652781077599,0.0034781959127775097,0.034672666256638535,0.7488139112053152,0.4529926983168002,0.6975425826131623,0.013402338865140612,0.038401244356382536,0.0034781959127775097,0.0035103280518080093,0.00438674755322746,0.004823852363957576,0.0010272701815319807,0.4131165295323557,0.0772079537919568,0.5989455048206596,0.6839545374134777,0.0034781959127775097,0.0034781959127775097,0.0034372215916523285,0.5236272309302837,0.0034697840079911113,0.05580392441189813,0.062397366788052494,0.6485902078310957,0.11846187892577886,0.038709170157175316,0.5859607294774821,0.0034781959127775097,0.37294877058258197,0.6448181075511575,0.0034781959127775097,0.0035103280518080093,0.04224374508641954,0.0038314827134423024,0.13995549698919485,0.4095460004335023,0.45160462575385507,0.5293138251818241,0.04318080262564919,0.42695132691797544,0.40773233955678034,0.252402479095057,0.0034781959127775097,0.0034781959127775097,0.0034824880998279018,0.06086932221075603,0.021595102380791514,0.00496884086935423,0.21336864667371364,0.0609112405325474,0.004747092268716752,0.0038657603841151245,0.0034781959127775097,0.0034781959127775097,0.7895595692980517,0.0034781959127775097,0.003499839265419691,0.11846674476443186,0.1999274108713774,0.540274189686303,0.03564276651391046,0.04890805599409545,0.04370735508747403,0.41463388086364444,0.060540004875712206,0.10376110955342788,0.007890848192104727,0.10376110955342788,0.0618044299097269,0.0034781959127775097,0.11662951323197307,0.0034781959127775097,0.04325544859551875,0.20861245328280276,0.4954323850000026,0.021665665384640126,0.40772712495779856,0.05146900684873612,0.0809357859793772,0.005655672051530669,0.12439223085526874,0.5611882048176492,0.021595102380791514,0.004739356704191927,0.10376110955342788,0.003499839265419691,0.4461247784786939,0.003593144135278864,0.0034781959127775097,0.16937677749274607,0.0037572132287137794,0.04897344913270393,0.0034781959127775097,0.02439700513231466,0.016326796260144688,0.48870464825698245,0.0034781959127775097,0.0034372215916523285,0.12380077898791408,0.0034781959127775097,0.0034781959127775097,0.5711546785024475,0.0038657603841151245,0.0378931022161674,0.022200192199529206,0.07156249815278412,0.01761016007260982,0.05143507617250162,0.0034781959127775097,0.003376592637538256,0.07796075597794988,0.4944540836299656,0.0034781959127775097,0.0034824880998279018,0.42692910255613503,0.4264509909288563,0.6361696502000307,0.5213880181764271,0.036126334564956064,0.45897395032416066,0.10889130934549582,0.0034781959127775097,0.007876614331490422,0.0034713035329259623,0.060540004875712206,0.10604777566620027,0.4110964919398534,0.0043000374509082895,0.0034781959127775097,0.68037129444136,0.0034781959127775097,0.45727993433362474,0.0034824880998279018,0.0034781959127775097,0.06939981251676688,0.01020721326382909,0.13228640038248096,0.0034781959127775097,0.0034781959127775097,0.00513608433396448,0.17439614494568606,0.038401244356382536,0.40772712495779856,0.06784091456475391,0.0034781959127775097,0.0034815277475622186,0.1453799658135279,0.5914197399398728,0.06643984124817401,0.5636565393274211,0.0038373769293825744,-0.0013781111805996338,0.038727954321024466,0.10680747975635871,0.0034781959127775097,0.11846187892577886,0.8746912649068014,0.003953707566129366,0.5905009834976667,0.0034781959127775097,0.18176643914321333,0.6327406071720418,0.09818261998017341,0.0034781959127775097,0.0034781959127775097,0.20295728633360766,0.0034781959127775097,0.0034781959127775097,0.07431194265112445,0.45991062823740547,0.0034781959127775097,0.0034781959127775097,0.011330127282817515,0.0034781959127775097,0.08762663056796902,0.11561021895982529,0.5084331235819184,0.038401244356382536,0.03787511280422062,0.45896219765687873,0.062073003677153016,0.4851989922704608,0.004730446232450308,0.0034781959127775097,0.5873535004636182,0.00625708669725672,0.0034781959127775097,0.5044039745374225,0.10242809976143466,0.10388560023680346,0.0034781959127775097,0.061995201927334265,0.40836349669579153,0.00350590769342915,0.0034781959127775097,0.4953973109392483,0.003479602446203961,0.053711064350383725,0.056268406762172984,0.41378856452995527,0.6361696502000307,0.009160602363778969,0.03801096784942112,0.02755892348096739,0.13995549698919485,0.10386025114537831,0.0034781959127775097
chr11:5689586:5689587:NM_001199573:TRIM22,0.26257210382373025,0.44979457624454006,0.2542870370874504,-0.0038542011002139775,-0.0030554061896646834,0.504693252941555,-0.003590800742271777,-0.003704744530221099,0.2697110641381656,0.2591101145752756,0.25427737647635706,-0.0038542011002139775,0.2537424197770103,0.17959636650962643,-0.0038542011002139775,0.17199866135777192,-0.0038542011002139775,0.29615354071909117,0.2537424197770103,0.2537528537453384,0.002131303465182491,0.30890854014046143,-0.0037458560281267983,-0.002808435093844819,0.1115618279463407,0.2537528537453384,-0.003849793428079659,0.2537528537453384,-0.0038443010391525922,0.25408387285168466,0.4748051088430294,0.9907458400096805,0.25428855965286945,0.00028292963380445457,0.3087455923203334,0.3078418287838537,-0.0038542011002139775,-0.0038542011002139775,0.34059182829531853,0.17711045421542035,-0.0038542011002139775,0.2537528537453384,0.25393556593021743,0.2537424197770103,0.25465303543635065,-0.0002846538820879957,-0.0035022403660053963,0.36902459299981094,-0.0038542011002139775,0.05639473677928092,0.44287480986195704,0.17184752933521424,0.25427737647635706,-0.0005064765064276555,-0.009839181452577783,-0.0038542011002139775,0.17184752933521424,-0.0038542011002139775,0.4469700955391184,-0.0038443010391525922,0.44287480986195704,0.4428370908690644,0.0557199620591744,0.8843696830642498,0.3383132439634272,-0.003902829008472067,-0.0038542011002139775,0.0002824959218265255,0.06969270371577568,0.3624995222304065,-0.0038542011002139775,0.2537424197770103,-0.0038542011002139775,-0.006193984333046271,-0.0038542011002139775,-0.003704744530221099,0.44700802969590236,0.38151930067186934,-0.0038300607180068447,-0.0038542011002139775,-0.0038542011002139775,-0.0038542011002139775,-0.0038542011002139775,0.2537528537453384,0.34575384896897265,-0.005384152933314748,-0.0038542011002139775,0.01515356302594216,-0.0038542011002139775,-0.003704744530221099,0.2537424197770103,-0.0032660563854972208,-0.0038542011002139775,-0.0038542011002139775,-0.003704744530221099,-0.00385532899252114,-0.0036067561980396567,0.19897076906496208,-0.0038300607180068447,-0.0036166556142798317,0.25393556593021743,0.3624995222304065,0.2540019337884813,0.1718606040840155,-0.009829378245114498,0.25899882402649166,0.25388912732384883,0.3386874376292279,-0.003704744530221099,-0.0038542011002139775,0.30765830571253505,0.0016916975997384037,0.17184752933521424,0.11179529209367048,-0.009789996506227194,0.25388912732384883,0.26261401867746953,0.8843897886266492,-0.003854492705045648,-0.0035733543236963206,-0.0038542011002139775,-0.009839181452577783,0.2591101145752756,0.17184752933521424,0.30793070492916125,0.2548465239071029,-0.0038443010391525922,-0.0038542011002139775,0.4436463973926177,0.2537424197770103,-0.004651450715818073,0.2537424197770103,0.44340979805655045,0.17199866135777192,-0.0038542011002139775,0.1718606040840155,0.1718606040840155,0.07091560701071872,-0.0038542011002139775,-0.0038542011002139775,0.17184752933521424,0.1719850786867528,-0.014454454618951021,0.007250550307314529,0.3750659186966018,-0.0038542011002139775,-0.0038542011002139775,0.25375872039070013,0.17184752933521424,0.7160515137078594,-0.0005137559715197443,-0.0038542011002139775,0.17199866135777192,0.33381552885082455,-0.0007482682946643449,0.4431040285095459,0.17184752933521424,0.4428370908690644,0.17184752933521424,-0.0038443010391525922,0.17184752933521424,-0.0037467845074633244,0.25842589824884,-0.0038542011002139775,-0.0038542011002139775,-0.0038443010391525922,0.17202902596600453,0.19068302111252136,-0.0038443010391525922,0.17184752933521424,0.17184752933521424,0.17201255995979126,0.007021546422375222,-0.0038542011002139775,-0.0022624476387720915,-0.0038542011002139775,0.003241018319638786,-0.0038542011002139775,0.17211447476649377,-0.0038443010391525922,-0.0038542011002139775,-0.0038542011002139775,-0.00350821057334251,-0.0038542011002139775,0.1718606040840155,-0.0038542011002139775,-0.0038542011002139775,-0.0021535903252642985,0.05468910037706033,-0.0038542011002139775,-0.0038542011002139775,-0.003849793428079659,-0.0038542011002139775,-0.0008595534375835517,-0.0037661263688961444,0.3747647020783667,0.17211447476649377,0.17227101611511883,0.1786260335871664,0.17184752933521424,0.1754370656662234,0.2537424197770103,-0.0038512162994040616,0.4435862900543117,0.11171341670103835,-0.0038542011002139775,0.0021666898801911,0.44358560392556967,-0.0038542011002139775,0.17239117188751382,0.014692280254044093,-0.003704744530221099,-0.003693845803741172,0.17188695274848664,0.2537424197770103,-0.0038542011002139775,-0.0038186806188867245,0.4428370908690644,-0.0038443010391525922,0.17184752933521424,0.1720413362287099,0.2537424197770103,0.008709062533298922,0.7158001636220088,0.25935129910626253,-0.0038542011002139775,-0.0038542011002139775,0.11171341670103835,0.2537369789971654,0.19502716580910098,-0.0038542011002139775,0.17210139500412286,-0.0038542011002139775,0.253920891073412,-0.003704744530221099,0.17201173450521737,0.715833476986159,0.2537424197770103,0.17199866135777192,-0.0038542011002139775,-0.0038542011002139775,0.2537424197770103,0.2537424197770103,0.3715877685673936,-0.0038529303041250906,-0.0038542011002139775,-0.0038542011002139775,-0.0038542011002139775,0.2537424197770103,0.4628360471851244,-0.003704744530221099,0.307381497569939,0.3053091314233223,-0.0038542011002139775,-0.00385327311811072,0.0006470417861192818,0.17553922077577755,-0.0038542011002139775,0.17184752933521424,0.36271272018883566,0.36271272018883566,0.23691620292151677,0.36296142228216166,-0.0038542011002139775,-0.0038542011002139775,0.4428370908690644,-0.0038443010391525922,-0.0038540779693957555,0.5720029323996734,0.2633750956536999,-0.0036166556142798317,0.2584364059949651,-0.0038542011002139775,0.8849886214766258,0.17198998134998786,0.0006052230405384912,-0.0038542011002139775,0.8066384473530629,-0.0038542011002139775,-0.003231358050740679,0.009865453039454228,0.3627049306985346,0.25377807419985343,-0.0038542011002139775,0.11171341670103835,0.253945997808664,0.2537424197770103,-0.0038542011002139775,-0.0029157187144581986,-0.0038542011002139775,0.2540832879560526,-0.0038542011002139775,-0.0038443010391525922,0.1718606040840155,-0.003854492705045648,-0.003704744530221099,0.05555577635981809,0.2537424197770103,-0.0038542011002139775,-0.0038542011002139775
chr11:10450320:10450321:NM_001172431:AMPD3,0.6530314240834467,0.43704085032555096,0.39710511972197526,0.05767846729882084,0.6387020325721942,0.4590973257589889,0.654346024533413,-0.02634080532627925,0.4551002858775942,0.4246112832753175,0.4098239098211373,0.07169338694519262,0.892523319388045,0.6544549759317129,0.003624857486685118,0.3890040208197426,0.23036307733967168,0.495035280526867,0.39107170671701375,0.39706752199307527,-0.02022409616069748,0.42614803378437627,0.010829462723788458,0.14309371446699476,0.1704276345438058,0.3875973050228091,0.1131845215790063,0.010351059824661557,0.39706752199307527,0.1299929131706564,0.5578168879620516,0.7423089034206556,0.3992972646690508,0.42474401499523584,0.42608794648853543,0.6371842549997064,-0.01909770236395647,0.05587690732740025,0.4278763325937207,-7.188690892923066e-05,0.05583632462261873,0.003624857486685118,-0.017345106814978,-0.01285456268847035,0.48046697655812504,0.030627486628758582,-0.01909770236395647,-0.025932040321722416,0.003588808389855508,0.3871821663323885,0.03199125430728167,0.05583632462261873,0.6769837350657741,-0.017418596960584176,0.16133589259865097,0.39704762841525143,0.005811724527169548,0.11323113590849584,0.4701192841690888,0.4269230172535608,0.005540324492240484,0.014515267833267786,0.20476705822353758,0.028491757971686266,0.6499254759848354,0.0047554308585582294,0.0036623441030554926,0.4242786694063616,0.21380195941062868,0.3969375918902509,0.003588808389855508,0.3970359228619246,0.3081200401710524,0.005540155602323821,0.38763461264584553,0.14875763657877628,0.4701192841690888,0.07627523497750663,-0.0053071555248085656,0.427061356529837,0.1131845215790063,0.003588808389855508,-0.024396149894000352,0.005235088753731243,0.42789293612334894,0.11323113590849584,0.003588808389855508,0.623828345027492,-0.0192495597387613,0.01151507094288759,0.3992617641156265,0.0037590512534906584,0.0033466798296815092,0.003588808389855508,0.637887647640635,0.010781220233793631,-0.01883041983443795,0.7261761241783622,0.012796562469588685,0.0035918171528416254,0.3973098885869702,0.3973872294789077,0.39180869085381803,0.16587818616417685,0.6008426711841668,0.6575344359180386,0.36415045217421066,0.6253161033255328,0.010295604735426817,-0.01910895346501415,0.11815673133367136,-0.01695219262540104,0.003624857486685118,0.12079473782934247,-0.02433780754787193,0.38846960360861,0.6462125145749746,0.064090963257397,0.003611588372710306,0.003451204252979956,0.11330951612991783,0.11323111259914989,0.7213700375072832,0.11327387801442407,0.3980575808524806,0.48187460680513655,0.0035594935899400937,0.11327387801442407,0.13052011918183057,0.39762698595890994,0.22425462422161227,0.003565760626198483,0.09857341315715537,0.004111165289578028,0.0036744758033861735,0.003612360789214758,0.003612360789214758,0.01439356644051415,0.24262936253614506,0.003588808389855508,0.38584202739345164,0.12076427021791616,0.023937609388407582,-0.002443935698449279,0.4372893820773041,-0.025751815347794804,0.010157583799538822,0.665998061986024,0.003796414484134508,0.43788812910433095,0.003624857486685118,0.003624857486685118,0.38431792130645437,0.0011580375203233684,0.18940735587124427,0.392122581675639,0.0051274318940362495,0.003644249934207644,0.05583632462261873,0.4270485894104469,0.11327387801442407,-0.043156595704725936,-0.018773698073409867,0.003624857486685118,-0.01909770236395647,0.003588808389855508,0.04727382682250292,0.6490426534381449,0.18083750917567737,0.08324791882410237,-0.019161963400133125,0.390230175064712,0.053952083631397335,0.05579542987590952,0.001238949639595005,0.0036984073255279803,0.075418205131077,0.11327387801442407,0.3407406377046538,0.038379610911897205,0.003680299673716414,0.003624857486685118,0.6995899686247312,-0.027737771167140907,0.003404715969227645,-0.0192495597387613,0.11297463003732347,0.09566557506441378,0.10274268470403644,-0.01909770236395647,-0.01695219262540104,0.0035722964031839055,0.0035918171528416254,-0.01909770236395647,-0.02481280681517295,0.43755670809472125,0.40482835603607537,0.38004616321514495,0.39015044449162106,0.42699682002810885,0.5973999041422338,-0.01909770236395647,0.1132978375130006,0.4695390021244903,0.11842682540234073,0.1131845215790063,0.2990726571939028,-0.004862828620852466,0.01967857013249727,0.6537408845490473,0.029909568166799877,0.13836137504225027,-0.017964667081173114,0.2322917879439568,0.3973215896697874,0.11323113590849584,-0.01685552440361429,0.003644249934207644,0.057896909631717175,0.005811724527169548,0.00019872540199741828,0.39908164121261924,0.6414372895277995,0.6537646483693749,0.45556079342893335,0.003624857486685118,0.003624857486685118,0.11861536886237345,0.05921979999422275,0.7304625309093353,0.0036623441030554926,0.426864460907953,0.003624857486685118,0.005697598680237281,0.004510128969721222,0.003587315962429838,0.40351294222299183,-0.025716120524321068,0.0044671740370045565,0.11325334408259435,0.11323113590849584,0.42698335674883053,0.5897858779609366,0.17297525997482738,0.003624857486685118,0.003624857486685118,0.22662406377945746,-0.017407247546696952,0.064090963257397,0.4287412571968531,0.011093494196161235,0.14010376314993592,0.689527820034211,0.18116404161343652,-0.00789293443457989,0.595810842363265,0.3988590206638722,0.47469565704394023,0.4864232025639821,-0.01924759259390657,-0.01924759259390657,0.1378244065256369,0.15395141271110258,0.003588808389855508,-0.0192495597387613,0.003363059538390556,0.004574015062103254,0.28906210583199876,0.20885942808716962,0.0841186072845615,0.0036799536387452647,0.39913125773138525,0.42705961233481193,0.05558587343186136,0.12611509449387615,0.4611732280992398,0.3973215896697874,0.011399599930773108,0.003997539203604766,0.030600337420536666,0.043831437913550486,0.8519524488141108,0.298916025579263,0.003588808389855508,0.1253743340398241,0.11321852748119093,-0.01768974446342078,0.3973098885869702,0.1356610084987598,0.06820022144581125,0.40891848488784915,0.005709233572786743,0.2690155374902747,-0.019810627308975537,0.42709649862407806,0.0041810556443243885,0.17062862233627146,0.5897858779609366,0.0036623441030554926,0.4269230172535608
chr11:10541227:10541228:NM_016422:RNF141,0.09269829569098367,0.11331794933027065,0.157875572699544,0.02573021568124141,-0.004391277811208599,0.03987950508543549,0.08433424685370339,0.12621898653480132,0.10961247456919183,0.02997839730765156,0.13109417009171762,-3.7290636972373004e-05,0.1486889545549408,0.1409618416474619,0.08722892336666027,0.3498662368252291,0.11386698580313764,0.1547255078469466,0.08453584414438105,-0.00445611047665434,-0.003966528658862267,0.2972263212099314,0.007767159063672008,0.08922031496417646,0.28458046450733154,-0.00445611047665434,0.0004630689060977078,0.007767159063672008,-0.00445611047665434,0.024624131106429803,0.02115607732715287,0.3284271296341531,0.1655319254796584,0.004544319982836775,0.30171628855732874,0.056931533832621076,0.08440666625604189,0.28451387500031394,0.09329567044075472,0.12231104714488768,0.08723087103397097,0.08722892336666027,0.10385597046671544,-0.005214731217864463,0.17846457917818437,0.09863356285225566,0.08440666625604189,0.08444308063217919,0.0020503815275213916,-0.00445611047665434,0.02031019993799614,0.08723087103397097,0.13118051979170278,0.10219576898611205,0.07235521189905479,0.08456282316524116,0.08727325281524703,0.08723979714619465,0.007034303269686251,0.0005977048324764395,0.018307357173957234,0.000779609430133249,0.07358990248369585,0.04524226042734639,0.2787693191115328,0.08722892336666027,0.2845084821838305,0.04025485836488625,0.07496672442731775,0.08968039700679085,0.00045512089829917446,0.09379536978835155,0.2851353393340116,0.0006450983896495316,0.07379433826752785,0.18730228052924103,0.007034303269686251,0.0023817067166500283,0.077169913866533,0.0877639776550132,0.0004630689060977078,0.00045512089829917446,0.0764230314433438,0.28710121454353493,0.09029980306707795,0.08724627091479065,0.00045512089829917446,0.1515033630965159,-0.004599131859377215,0.08786286242615537,-0.00123799055317049,0.09014408323345853,0.08722892336666027,0.00045512089829917446,0.07439486098053416,0.09059899451327184,0.2161262469096613,0.16179787907630036,0.010463261265089147,0.008134708147506553,0.10235762225182651,0.06593350637561249,0.19347873969070983,0.08730009837700288,0.08744080691673739,0.13128850243258927,0.18889857384053713,0.16120252996976087,0.0877377359645817,0.09363509277894158,0.06326162636021478,-0.004471031008354914,0.08722892336666027,0.28451867665939923,0.07697764665705151,0.19287234758096816,0.280842326370552,0.0872595569234649,0.06682548170254174,0.1083363583234422,0.28457469642245914,0.08060668366223836,0.13383791655973143,0.28451867665939923,0.08474422492819507,0.12284543871298265,0.0008414994819869043,0.28451867665939923,0.015677233478251715,0.009591829877436744,0.10478960909369675,0.075632325718715,0.2505978130191434,0.00878459711890485,0.08722892336666027,0.08722892336666027,0.08722892336666027,0.08436180292044701,-0.006849796372595154,0.00045512089829917446,0.0733184815528685,0.06326162636021478,0.29522506453198866,0.17431164616951994,0.09824910701195778,0.2948797719891971,0.00045512089829917446,0.5595322342227437,0.007217996927508213,-0.0012131855116780665,0.08722892336666027,0.08722892336666027,-0.00445611047665434,0.0027814644734606986,0.09589924139236021,0.36114979898562394,0.00045512089829917446,0.002795821357990308,0.08723087103397097,0.28466606700892977,0.28451867665939923,0.05925393143018884,-0.004599131859377215,0.08722892336666027,-0.004599131859377215,0.00045512089829917446,0.08027413266571917,0.14868536381173636,0.0872417449226147,0.09282467308520938,0.15772159143373388,0.07434856848311441,0.2494519847087841,0.00045872512656643105,0.11092750242492236,0.7857106557530296,0.16766075002947908,0.28451867665939923,-0.0024293471672623412,0.07704867724204255,0.09004273307109195,0.08722892336666027,0.0872200075101352,0.36340602315243525,0.7857323171815473,0.0928164526619226,0.28451867665939923,0.07794107044909046,0.10313823507028072,0.08440666625604189,-0.004471031008354914,0.11863246571673244,0.00045512089829917446,0.08440666625604189,0.0736533352967994,0.09378308390249594,0.08340588779783667,-0.005317882568174032,0.1631853496524158,0.0005977048324764395,0.19696227190548798,-0.004599131859377215,0.09282731421587022,-0.0006875899041244166,0.025334884759602605,0.0004630689060977078,0.0860112656124165,0.26023592391898165,0.00960890092049331,0.15310062888853776,0.09644238125509076,0.07429249298866616,0.10807292435851533,0.09508549160436973,0.08456282316524116,0.08723979714619465,0.004787209051957467,0.002795821357990308,0.08662544847041635,0.08727325281524703,0.17455960259294856,0.09379536978835155,0.153203430910927,0.07386503827820298,0.1204611356068551,0.08722892336666027,0.08722892336666027,0.02531712330009178,0.07425671639085865,0.010732193913667962,0.2845084821838305,0.08735449841952536,0.08722892336666027,0.07967251621184032,0.12129577711613455,0.00045512089829917446,0.088450415655096,0.12360326611514563,0.00045512089829917446,0.0976082977850567,0.08723979714619465,0.08737097052861524,0.08738184508536498,0.09369859629255903,0.08722892336666027,0.08722892336666027,0.08732949972044811,0.08440666625604189,0.0872595569234649,0.08726207510750233,0.1491599505485187,0.08447831217344262,0.019130525161328238,0.0872417449226147,0.07682761872926405,0.005296491684231977,-0.0030301825079155076,0.08737291734372686,0.08740152138030978,0.009292694542115482,0.009292694542115482,0.07425326344613953,0.20560168458340042,0.00045512089829917446,0.08440666625604189,0.006620183828234705,0.08722892336666027,0.07831650440114182,0.15269108713153795,0.0736757296504695,0.12077941485175236,0.2944488814057602,0.08589735535941173,0.09004467958140266,0.3010857005586375,0.12661167147805066,-0.00445611047665434,0.07000385852521204,0.0872738383715321,0.005200861966890444,0.09647632278996349,0.0680274370815704,0.09509441144507397,0.00045512089829917446,0.02536547982823656,0.007859498861936598,0.002929605993701234,0.10235762225182651,-0.008422307319429168,0.06425952875309612,0.3350355668509979,0.08983624600901868,0.07373472575250664,0.109848405093243,0.0005977048324764395,0.11158074200846192,0.08776758863275642,0.08738184508536498,0.2845084821838305,0.0005977048324764395
chr11:10652301:10652302:NM_001098579:MRVI1,0.4912883222316863,0.152791184907914,0.16017010628536743,0.02259003052635644,0.16017479986437855,0.2174964213442772,0.2771517039164696,0.21049681430420003,0.1547972160258151,0.16194580481787896,0.26943228861575425,0.1347251707341292,0.2674948451514426,0.2860572882128927,-0.000907364505209618,0.1953788277882862,0.02259003052635644,0.2714426688693601,-0.000858903664542443,0.160340793993477,0.3306946208164265,0.28146293170661824,-0.0008735618193491113,0.17530670035503082,-0.0007272457408480926,0.1603308525159985,-0.000907364505209618,0.16021652816089504,0.16033658149690405,0.04808531920451903,0.4417386679721623,0.2563891224838952,0.26161119842223723,0.20368844435093098,0.28153327125533184,0.18731666390350504,0.16017058859227506,-0.0007272457408480926,0.18751034431919167,0.07651362940942391,-0.0007272457408480926,-0.0007272457408480926,0.154581549275134,-0.005809848089631309,0.18232025258447615,0.16223861584774574,0.16012895628060597,-0.000907364505209618,-0.0009064732570888134,0.08205749510326887,0.13059288812093683,-0.0007272457408480926,0.25364803605891056,0.1601779072419513,0.045779935198317245,0.16017666268851904,0.004328013268710684,-0.000907364505209618,0.07931861279166169,-0.000907364505209618,0.2935541021003161,0.540220225942839,0.11532099138701613,0.02796741631214944,0.5589184288576952,0.020312829242289165,-0.000907364505209618,0.3307753274267848,0.11723015263623227,0.15555697137110247,-0.000907364505209618,0.16017631390197795,-0.0028489182248006006,0.0572047372854349,0.16017058859227506,0.5057212472585786,0.07931861279166169,0.1603308525159985,0.1688577852582272,-0.0007272457408480926,-0.0009463092547022933,0.13604408662226197,-0.0008026659245982115,0.3434647373943484,0.36557507361180774,0.0007449746338569208,-0.000907364505209618,0.21686459866563434,0.16017631390197795,0.024210677666315683,0.18807946202815984,0.36558036865097177,-0.0007272457408480926,-0.0007272457408480926,0.11552561888377072,0.00316224500947615,0.2717098288284697,0.09867681151338076,-0.021805583603958567,0.04609566588504982,0.1601779072419513,0.15528483800374682,0.15948759259825096,0.16034846753465315,0.10004579287959248,0.2839107280171423,0.15825417671521907,0.10246741329930836,0.16486039984549444,0.16017631390197795,0.06065411691023603,0.2830590830251537,-0.0007272457408480926,0.017905242076059036,0.058186983973873285,-0.003643530785023663,0.41733056852834827,-0.0007272457408480926,0.13607330529327205,0.019366433052121712,-0.000907364505209618,-0.000907364505209618,0.1562360369124815,-0.0007272457408480926,0.15512453231708256,0.11838439343148544,-0.000904193238840556,-0.000907364505209618,0.41400257246107763,0.16017218195507238,0.19011611511153959,-0.0007272457408480926,0.23511418052664618,-0.0008564850467924767,-0.0007661925753282284,-0.0006942324016252499,-0.0006942324016252499,0.000546934562400514,0.13487464838504531,-0.000907364505209618,0.1330838403156186,-0.0007630218444870107,0.2734332634563095,0.0038212730768329983,0.36760539576226464,-0.000907364505209618,0.16017631390197795,0.28775245110386766,0.16033658149690405,0.2831390783957532,-0.0007272457408480926,-0.000907364505209618,0.0025678285332670914,0.3279646966022542,0.04690645945706251,0.15826438092209583,0.00020658993041927642,-0.000907364505209618,-0.0029213862503593147,-0.0007661925753282284,-0.0007272457408480926,-0.09547324936311813,0.16017631390197795,0.022368850313905175,0.16017631390197795,-0.0007272457408480926,0.04111829567926911,0.36485165770209427,-0.0007661925753282284,-0.0008681123253926337,0.16017479986437855,0.37305293019818814,0.00390276679846574,-0.000907364505209618,0.1373637405806027,-0.0007272457408480926,0.0035069094240505194,-0.0007272457408480926,0.2679193149646401,0.19784326926025447,-0.0007331794684570236,-0.0007272457408480926,0.384451018325897,0.17574956012819143,0.16280406528296854,0.1601779072419513,-0.0009463092547022933,0.07188097674932525,0.00018584970351415153,0.16017631390197795,0.2831247151365775,0.4665011278493613,-0.0007272457408480926,0.16017631390197795,-0.0009081043306574665,0.3678895148510179,-0.002875821223567887,0.18049535418926782,-0.07912115948729093,0.027167969247029633,0.3701672207197681,0.16017631390197795,-0.0007223221071661623,0.07437605903082106,-0.0013019780746878484,-0.0007272457408480926,0.05790626621538508,0.2280882468653121,0.0006844216125155289,0.06421018088880048,0.16354417211854083,0.11552561888377072,0.21814459102504358,-0.00043665431512140973,0.16017631390197795,-0.000907364505209618,0.2832016920266711,-0.000907364505209618,0.21604758023764375,-0.00046536393621210426,0.04614981074302571,0.16057554322631235,0.4921641593822435,0.26038819879927994,0.05449167371313335,-0.0006942324016252499,-0.0007272457408480926,-0.0013019780746878484,0.054980013896297364,0.197521719275774,-0.0007272457408480926,0.16034846753465315,-0.0007272457408480926,0.160352906273742,0.027639742896133024,-0.000907364505209618,0.07522192416426693,0.196917356745757,0.027639742896133024,-0.0030626467586682415,-0.0007661925753282284,0.13622340061906196,-0.0007272457408480926,0.36788901756176734,-0.0007272457408480926,0.1360134398497042,0.1380950925022601,0.16017631390197795,-0.0007272457408480926,0.06550283698019671,0.04608434256862015,0.3656898816370648,-0.0009077251457557112,-0.000907364505209618,0.1067620635293996,0.08384495472984299,0.33202865043519386,-0.0007272457408480926,0.21477659225114304,0.08211477942516793,0.08211477942516793,0.11552951686204099,0.32987638290590005,-0.0009463092547022933,0.16017058859227506,-0.004911528494451978,0.024020364555841278,0.1704001054862081,0.3769290271388011,0.1507766399676458,0.20670089763708638,0.18739949368543812,-0.0015276378859218065,-0.0007331794684570236,0.251646842486245,0.004090413376445723,0.16017631390197795,0.13937532761903704,-0.09143590432521054,0.018291224492017866,0.1620931693179713,0.42769056707413333,0.1609032640978102,-0.0007272457408480926,0.15972111230540276,0.04885932636940432,0.15592651209139197,0.1601779072419513,0.1698310938924214,0.3484992158452323,0.3120380298729715,0.061377883843081515,-0.000853763354192405,0.1601779072419513,0.20054782941973498,-0.0009081043306574665,0.11721632478766286,-0.0007272457408480926,-0.000907364505209618,-0.000904193238840556
chr11:12377478:12377479:NM_018222:PARVA,0.008700098571341228,0.1563097725811533,0.13232871023820447,0.15334517593416835,0.0036601018142173314,0.16887755306425764,0.370877914721694,0.0075332918361586815,0.008375015271403455,-0.004797784103433636,0.007475375555753089,0.04509565552971245,0.004177036386398908,0.010004207900178377,0.3017708909784847,0.0011636838828787688,0.3032338627595121,0.22587152961429063,0.17129184683620358,0.014207392809808414,0.03116049874520717,0.031920784414037146,0.0016586904686866355,0.378464397171745,0.3017708909784847,0.0070487339381349046,0.3017708909784847,0.014613495227905879,0.01417654263634796,0.28962707732557225,0.0884730502135593,0.8143960941854133,-0.012296034461869207,0.0031467287883158584,0.36086968439827427,0.2928266493896586,0.0014839891526357285,0.0013976616425371846,-0.0059544774445702275,0.030744741333824807,0.3017708909784847,0.7242115199972018,0.00705067486508032,0.2787923078577168,0.03635318145385662,0.30033524910473886,0.0014839891526357285,0.30234560115027326,0.0013975874765478624,0.1256420917293211,0.07986126923817478,0.8146002776453615,0.3076285713461283,0.01417654263634796,0.8117964070997381,0.0014839891526357285,0.8117261300425823,0.8117964070997381,0.19007354278029515,0.3017708909784847,0.006666592465803742,-0.009937455493361919,0.11916794268619806,0.36857213061269456,0.019486429217523915,0.28582719659832134,0.3017708909784847,0.0029805987173082554,0.5339804595307143,0.0069640550184689315,0.0013976616425371846,0.006626970866945026,0.3017708909784847,0.126451570464318,0.1267759309530393,-0.00024519773899875363,0.19007354278029515,0.0014154536494841163,0.16374406951017095,0.3017708909784847,0.3017708909784847,0.0013976616425371846,0.3017708909784847,0.8043497462738257,-0.006128374505653289,0.3017708909784847,0.0013976616425371846,0.37879734549520133,0.0014537141610609788,0.15199216957647999,0.0013976616425371846,-0.011328644892626888,0.301834542811564,0.0013989418578475993,0.32431422025039636,0.0013976616425371846,-0.004123450587033256,0.2810426137675548,0.026188094666204184,-0.017523918237590266,0.0014839891526357285,0.01544624455582072,0.0015891862989974581,0.2780060532402895,0.8210250537010751,0.028301160683471008,0.01430913389020351,0.30716889359861865,0.15198736828435935,0.0014839891526357285,0.2719509430445164,0.011284507749172334,0.8258767369974215,0.0013976616425371846,0.25019685410910886,0.0015598543909721985,0.1923328658300702,0.301834542811564,0.8117964070997381,0.3084565660011097,0.3017708909784847,0.3017708909784847,0.06909216354645473,0.3017708909784847,0.014121778517955569,0.033578365840023244,0.30170696361738497,0.8117964070997381,0.08694258500667398,0.0014839891526357285,0.17957937538563065,0.8117964070997381,0.1298765802076424,0.0013976616425371846,0.15198736828435935,-0.017523918237590266,-0.017523918237590266,0.29295235358544514,0.4193146217826632,0.15198736828435935,0.36307417427279376,0.15493929520429037,0.2864088575453771,0.0021539477362138154,0.00545565808775661,0.002477732894279591,0.0014537141610609788,0.16782187863666767,0.0013976616425371846,0.001435331538091486,0.3017708909784847,0.3017708909784847,-0.008776982776633857,0.3278720300823279,0.0036810599491337304,0.0015715177438212075,0.794266995444898,0.3018117534965799,0.8117964070997381,0.0013976616425371846,0.3017708909784847,0.0015775227663244046,0.0014839891526357285,0.15198736828435935,0.0014537141610609788,0.15198736828435935,0.3603279462061978,0.45706789212005966,0.2780679604864221,0.307147410275099,0.29083768932687015,0.017897535394620107,0.00019058474908710543,0.0013976616425371846,0.01743892021790301,0.0013976616425371846,0.00019227636037948137,0.3017708909784847,0.0014303124924627125,0.7980131383459743,0.2780060532402895,0.3017708909784847,0.17052851860902796,0.16744815772967234,0.8260314538969895,0.0014839891526357285,0.307147410275099,0.2859654255731145,0.0048333896610343735,0.0014839891526357285,0.011284507749172334,0.3017708909784847,0.8117964070997381,0.0014537141610609788,0.8117964070997381,0.0035009850639254186,0.7568868418239267,0.0013976616425371846,0.24723735476977882,0.13551194443909914,0.28518889456511065,0.0014537141610609788,-0.017523918237590266,0.21950516889377006,0.10217965017844191,0.0013976616425371846,0.2939465008510035,0.08355285424188265,0.0014537141610609788,0.2576687461622618,0.18157445046221418,0.3200482098986084,0.0013989418578475993,0.8179626261787789,0.0014839891526357285,0.0013976616425371846,0.011307391163689437,0.3018117534965799,0.2931076002232091,0.2895270490992693,0.11382027489111728,0.00854136537982439,0.004826133056483897,0.7901868289954702,0.03360496110840962,0.15198736828435935,0.0014279340249291061,0.0810355955378921,0.0022487835622455182,0.3089623537018179,0.0013976616425371846,0.3132613917037186,0.0013976616425371846,0.002179177968683041,0.026569449231656106,0.0013976616425371846,0.01037482108343031,0.0013976616425371846,0.1204215872771481,0.3017708909784847,0.8117964070997381,0.3017708909784847,0.3143900560805711,0.012121660978234264,0.0013976616425371846,0.15198736828435935,0.4019134983423157,0.0014537141610609788,0.31319689903512127,0.805330888611662,0.026569449231656106,0.3391434695857817,0.0013976616425371846,0.0013976616425371846,0.8167293413113694,0.006707940245325228,0.012591474462673238,0.301834542811564,0.0013976616425371846,0.0013976616425371846,0.0013976616425371846,0.32135320266835204,-0.016733903710729095,0.0013976616425371846,0.0014279340249291061,0.00899239525304743,0.0013989418578475993,0.8119213350833426,0.22083862258626644,0.29234760326997855,-0.003655353264971961,0.008151102562554483,0.1514296248462255,0.2780060532402895,0.1747706176877537,0.00018273998906277733,0.0014537141610609788,0.8099619262585498,-0.005523063563197025,0.020913483239579908,0.3340442028281998,0.36585241588425915,0.8178591752672554,0.0013976616425371846,0.1022497965695484,0.31629849042998404,0.3066405733541372,0.0014839891526357285,0.37693745877419493,0.0013976616425371846,0.0014500689353569712,0.0012341268254232318,0.7944129675546647,-0.012840473196278929,-0.017494451574244757,-0.007122870360793052,0.035604967730508835,0.31323007874983966,0.0013976616425371846,0.0013976616425371846
chr11:27472787:27472788:NM_018490:LGR4,0.06421669700019114,0.4153923176157759,0.48829362451464214,-0.0024290102589018814,0.0035439060566435643,0.5280185323551467,-0.0016294124333317006,-0.00040642820405981106,0.4952498764304661,0.406567700748541,0.4917937512958266,0.003853497034084996,0.002348831208694113,0.06421669700019114,0.03530249233166273,0.0023591396097758788,0.1737413944621905,0.5175664499813092,0.4343902144076872,0.00236025393696751,0.002561685471883013,0.6032113451104627,0.49140098743867694,-0.0016065303515345741,0.026390102964002682,0.0035430794689151612,0.03530249233166273,0.49140098743867694,0.00236025393696751,0.5136743193076462,0.5972425770666019,0.018827288271311034,0.47985032141570905,0.4046586346128828,0.6133893744761151,-0.004694008396384841,0.0023232863380004687,0.026390102964002682,0.006021873799730987,0.075103121335406,0.026390102964002682,0.026390102964002682,0.46823826279537806,0.007353792556309274,0.5892100240411016,0.1884623644654219,0.0023232863380004687,0.004756038010557656,-0.0039069248467847595,0.00894425763108872,0.010198430718762419,0.026390102964002682,0.48663431130092477,0.011694575958385384,0.026390102964002682,0.3947913932332644,0.006549933060485624,0.03530249233166273,0.486153615311833,0.00231582267167052,0.029985444766535682,0.0023271734321483606,-0.002843624150927565,0.02359734912011935,0.06440032261448275,0.016325660020418964,0.03530249233166273,0.4045667697020031,-0.0004145274736286897,0.0023252208315636125,-0.0002300639332227794,0.14794950822043804,0.4063186849982452,0.0024188964248026135,0.0035439060566435643,-0.0001577246840646085,0.4876148104222585,0.02435889989099771,0.5762811361863911,0.02821817616303921,0.03530249233166273,0.1727929972308026,0.18288033269896597,0.00466645362154669,0.004393417650124742,0.03530249233166273,0.03530249233166273,0.17619421932525675,0.00231582267167052,0.13445925393965444,0.0023583025053928452,0.002264696422674628,0.00231582267167052,0.03530249233166273,0.002388829695449346,0.0270078470078544,0.08595886058779209,0.5068159049114459,0.008899610765663507,0.08308578752268833,0.08271249306026415,0.004656504609878598,0.14509585047373785,0.00231582267167052,0.4063186849982452,0.6389994655719393,0.06459193477334901,0.5410289202566891,0.1344524082335377,0.0023232863380004687,0.004682619771027824,0.0013144338871330652,0.026390102964002682,0.4063186849982452,0.40784073041272456,0.07157440959854744,0.21428985526049105,0.026390102964002682,0.004647740415384627,0.575301067855312,0.026390102964002682,0.03530249233166273,0.39584763249691407,0.027896651449248376,0.0023252208315636125,0.4858019144145487,0.004718155974386629,0.026390102964002682,0.5762495680515796,0.002367718586719164,0.20100315724004325,0.026390102964002682,0.139501052917053,0.08261861369832027,0.00231582267167052,0.184188480873729,0.184188480873729,0.028169041719934507,-0.0012744029061514672,0.00231582267167052,0.026390102964002682,0.026418835830946195,0.0269178885517996,0.40113998419735186,0.004850453706372715,0.003945027478226226,0.00231582267167052,0.0058509107304064445,0.00231582267167052,0.08257820793818463,0.03530249233166273,0.03530249233166273,0.0005483839498683363,0.5047837808566871,0.011923489978809959,0.14385772914970443,0.004647740415384627,0.03774898781772634,0.4063186849982452,0.026390102964002682,0.026390102964002682,0.06459193477334901,0.00231582267167052,0.00231582267167052,0.0023232863380004687,0.004647740415384627,0.19889113921201315,0.05664408374910743,0.026390102964002682,0.007838408781517064,0.004688508006532949,0.04817508348891697,0.47699979623603694,0.00231582267167052,0.1533877865658974,0.00231582267167052,0.46597678393373276,0.026390102964002682,0.00231582267167052,0.4064084783353342,0.00231582267167052,0.026390102964002682,0.14263455479881507,-0.0016385582345874727,0.017426230001528063,0.00231582267167052,0.026390102964002682,0.40805316352868193,0.009060855790228403,0.00231582267167052,0.0012909422506288126,0.00231582267167052,0.00231582267167052,0.06980618050992313,0.03736103040085144,0.01535231269826573,0.026390102964002682,0.00231582267167052,0.0002979409540568023,0.006543624548781601,-0.011245996432229316,0.0023999383322662327,0.13503692621354538,0.40509466913767267,0.01912912781066936,0.03530249233166273,0.35772841471538785,0.1481323567976984,0.26303802645032653,0.18335614111759901,0.20534321766577593,-0.002501789627920331,0.14882862799845106,0.3371329844098227,0.0077053555844142085,0.00231582267167052,-0.004586710431262991,0.03774898781772634,0.28266030127960917,0.035976416868663014,0.15933703916002603,0.13293531887283297,0.00350052873907461,0.14697681243321375,0.6372071166419369,0.004647740415384627,0.004647740415384627,0.023098724802207843,0.1337740198569914,0.5230360331016419,0.004647740415384627,0.11847934090664719,0.026390102964002682,0.028862622021330928,0.005718145479748776,0.008899610765663507,0.02415083543936783,0.013735742727092354,0.008159976961644694,0.03530249233166273,0.026390102964002682,-0.018515883124131015,0.026390102964002682,0.017162851295298515,0.03530249233166273,0.00231582267167052,-0.00024061653210110528,0.0023232863380004687,0.026390102964002682,0.18224583640955658,0.08654675911508763,0.03510574568645637,0.0025562232878152402,0.03530249233166273,0.13393806923602253,0.5188675311061963,0.49397701495367063,0.026390102964002682,0.011267261164773917,0.00027627009825750837,0.00027627009825750837,0.0019224468117862437,0.46918867845619494,0.4063186849982452,0.00231582267167052,0.0074916487970239365,0.026390102964002682,0.026390102964002682,0.79468221734119,0.10087579398504737,0.08520520644832194,0.14721300068310472,0.391219951922597,0.027326231695732693,0.5712623492722284,0.3947955107865393,0.08263829065307285,0.08739064459677709,0.006553601819231369,0.00016153363575099888,0.19675304664036394,0.08689021291836727,0.14644354582145186,0.00231582267167052,0.1015584389504545,0.4032330957425019,0.026355051551626867,0.059928180229827044,-0.0016065303515345741,0.00231582267167052,-0.0011429985808090737,0.008899610765663507,0.026418835830946195,0.004738044510601835,0.0010247679994764836,0.082997792400827,0.002388829695449346,0.026390102964002682,0.17788856563755623,0.00231582267167052
chr11:43680592:43680593:NM_016142:HSD17B12,0.002282743082335975,0.0017504176432589363,1.0311155795656914,1.8862355139293545,0.002282743082335975,0.011988288171839917,1.0311155795656914,-0.0034085507064295917,0.004874966765628264,0.9973311386605792,0.0031801814370795434,1.0506999264116963,0.002282743082335975,0.013091063955819646,1.0079077180291127,-0.0034085507064295917,0.34597501801569547,0.029078309108995976,1.0079077180291127,0.002282743082335975,0.014433749626237724,0.002391966493747358,0.002282743082335975,0.0032860319876608923,1.0311155795656914,0.002282743082335975,0.002282743082335975,0.002996674249447162,0.002282743082335975,0.004012301151298359,-0.0005539587541233126,0.34829935650489363,0.013035071317702651,0.002996674249447162,1.007597312010129,2.0019637863021367,0.002282743082335975,0.34597501801569547,0.34683342229641245,0.06287964245171433,1.0311155795656914,1.0079156833309655,1.0458885179973656,0.002282743082335975,-0.001288809442163627,1.0481570295487668,0.002282743082335975,0.002282743082335975,0.002996674249447162,0.013035071317702651,-0.0008235470975424403,1.0311155795656914,1.0108657879861418,0.002282743082335975,1.007934750440297,0.002282743082335975,1.0088661492862068,0.002282743082335975,-0.001288809442163627,0.002285537798181664,-0.0008271043671958106,0.002282743082335975,0.002282743082335975,1.0361997545174964,0.04854140475620089,0.013036860713503448,1.0079077180291127,0.002996674249447162,0.002282743082335975,0.02279055276836847,0.002282743082335975,0.002996674249447162,1.0311229862289695,0.32775862151077195,0.002282743082335975,1.0079077180291127,-0.001288809442163627,0.002282743082335975,0.002996674249447162,0.34597501801569547,0.002282743082335975,0.0027212322253954147,1.0311155795656914,1.993779177618391,0.3468782653972959,1.0079077180291127,1.0311155795656914,0.10482164235108965,0.002282743082335975,0.002996674249447162,0.013131193543784975,0.029125322087292904,1.0311155795656914,1.0311155795656914,0.013035071317702651,1.009629620220705,0.0398058445770461,1.0361997545174964,0.002282743082335975,0.03906611657669319,0.002282743082335975,0.02159565988175703,-0.0004943492040005021,1.0087522645276732,1.0311200802315728,0.97582276888318,-0.000551695907921243,1.0311155795656914,0.0030003280119024756,0.002282743082335975,1.0311155795656914,0.008421103258978296,0.34597501801569547,0.3481773954838862,1.0311200802315728,-0.000551695907921243,1.060547695160541,1.993779177618391,1.0311155795656914,0.34718699701718597,1.0311155795656914,1.0079077180291127,0.9975861151555183,0.34597501801569547,0.02159565988175703,0.97582276888318,0.002282743082335975,0.002282743082335975,0.002336739857464687,0.002282743082335975,1.0731659608847732,1.0311155795656914,0.028330239360371753,0.01375303384731974,1.0079156833309655,1.0311155795656914,1.0311155795656914,1.0000349666776605,0.0023173644161386675,0.002282743082335975,1.0311155795656914,1.0311155795656914,1.0311155795656914,0.038816383516124486,0.3735703687977383,0.002282743082335975,0.002282743082335975,1.0311155795656914,0.002282743082335975,1.0824327356737382,0.002282743082335975,0.002282743082335975,1.0203254055414515,-0.0005539587541233126,0.0023748230814037985,-0.0004943492040005021,1.0311155795656914,1.0080821412942726,1.0311155795656914,0.002282743082335975,1.993779177618391,1.032864935026865,0.01404646208155888,0.002282743082335975,0.002282743082335975,0.002282743082335975,1.047364408966757,0.02456841287752523,1.0311155795656914,1.8862355139293545,0.013035071317702651,0.0007161167276067554,0.02933645632599728,0.002282743082335975,0.015881408813716996,0.002282743082335975,0.02714362433827236,0.34597501801569547,1.0827119437446941,1.0311200802315728,1.0311155795656914,1.0311155795656914,1.0079077180291127,1.0203668627280715,1.993779177618391,0.002282743082335975,1.0311155795656914,1.0403182790406966,1.0286684216215063,0.002282743082335975,0.004935376867293034,1.0079077180291127,0.013035071317702651,0.002282743082335975,0.34696873388712984,0.034132509775257946,1.0311155795656914,1.050347535844257,0.009918848314902154,1.0079077180291127,1.0311155795656914,0.002282743082335975,1.0311155795656914,-0.001288809442163627,0.012865350224950972,1.0079077180291127,1.0589724447531492,0.02827097815480481,1.0087946984078744,0.9834855624732308,1.0736228112388553,0.013091063955819646,0.002998848104629942,0.3464460416806633,0.002282743082335975,0.02279055276836847,0.05602268168407559,1.0080821412942726,0.3498990373958683,1.0311155795656914,0.02890133489851851,0.013035071317702651,0.013035071317702651,0.014921636696882762,-0.001288809442163627,1.0311155795656914,1.0311155795656914,0.0011337527061128228,0.013035071317702651,1.040316578342034,0.3265655031757137,1.993779177618391,1.0079077180291127,0.3288222589291115,0.003809976462987308,0.002282743082335975,1.0737426566709507,1.009775710080213,0.003095541966816745,0.002282743082335975,1.0311155795656914,1.0328730994085382,1.0311155795656914,0.04008222007587087,1.0079077180291127,1.0311155795656914,1.0361997545174964,0.002282743082335975,1.0311155795656914,1.0088661492862068,0.003809976462987308,0.35318501016961185,0.026570087387170455,0.002282743082335975,0.9983747904053579,0.018462697188847327,0.002996674249447162,1.0311155795656914,0.014076112945831984,0.009698571640277293,0.009698571640277293,0.013035071317702651,1.044251987326978,0.013035071317702651,0.002282743082335975,1.0311155795656914,1.0311155795656914,1.0311200802315728,1.0001251587762043,0.34597501801569547,0.03983484908868096,1.0311155795656914,0.002282743082335975,1.0311237307634726,0.9763686535732441,0.004317653281228739,0.002282743082335975,0.9984548003305109,1.0079077180291127,0.013534645097623116,1.0782166875514112,0.9975184046139333,0.3464460416806633,0.002282743082335975,0.0007945367468982917,1.0079077180291127,1.0079077180291127,0.002282743082335975,0.0032860319876608923,0.002282743082335975,0.023936289129323704,0.002282743082335975,1.0311155795656914,1.0311155795656914,0.026683571643120838,0.03907089812895466,0.002282743082335975,1.0311155795656914,0.002285537798181664,0.002996674249447162
chr11:45847117:45847118:NM_001127457:CRY2,-0.041276037688838474,-0.033487873468902696,0.019468090894322998,0.010598606205301897,0.01024319992917666,0.056182705143080325,0.37807295904049887,-0.043126905994725184,-0.034357494559419166,0.02187190438026526,0.18826539640129758,0.587580995974328,0.39535725407948596,0.39487231712426907,0.5178296852342793,-0.034518366045875215,0.8886253582383293,0.12018194633293583,0.03067439928175336,0.019468090894322998,0.513417816818668,0.09894664630106437,0.007927667896313995,0.3921258339010011,0.522021219224178,0.019468090894322998,0.0167026777700659,0.01985434536909092,0.007543912436081879,0.7177745158684837,0.16070323018726268,0.417971461287305,0.52536386567342,-0.035950548398536064,0.1411786535285935,0.38449897446159714,0.01024319992917666,0.522021219224178,0.020109909158553485,0.04572585838969834,0.5319456400611764,0.9022174631049106,0.18801103112002227,0.5258573683017798,0.396156524812513,0.43663709913249243,0.007897573087344845,0.0091809974008768,0.0031974572434783632,0.01339657899611546,0.010282777298857737,0.5088917315365642,0.7666676544060937,0.01024319992917666,0.5329169260948504,0.007897573087344845,0.8931608797485511,0.520340713964834,0.020900478973377323,0.5324248347976408,0.010282777298857737,-0.05198663980278306,-0.04017503120428295,0.77516349809686,0.39510755412554194,0.38662670238948,0.011135931872525262,-0.055969798218861444,-0.04017503120428295,0.007897573087344845,0.007897573087344845,0.010055217392239635,0.5182554573917704,0.010931607853720549,0.5226068228233368,-0.05008834447291888,0.020900478973377323,0.007899136915141325,0.5182663456751838,0.522021219224178,0.0167026777700659,0.007897573087344845,0.5273196792392769,0.9745812949099382,0.01982392933163074,0.5337093789572273,0.5094375068274241,0.17738041304438926,0.01024319992917666,0.5205540329663505,0.008729676434766354,0.01982392933163074,0.5098944883189248,0.5232805223838354,0.39618305023613876,0.5100027525406116,0.05037572081062108,0.3897545700552254,0.008814125179681442,0.1340187327366908,0.01024319992917666,0.007897573087344845,-0.015752486606693317,0.014720920577604935,0.4027517673231476,0.40028784236556336,0.022099215497547342,0.38535651068933313,0.5338578125250212,0.01024319992917666,0.38215501749651193,0.01702813748183951,0.5223803458633891,0.5095012118664715,0.3869487428394141,0.017850542730699526,0.38818253622603954,0.5318643010781269,0.012314571976305755,0.38219050230345014,0.5178296852342793,0.5333835683695979,0.5301432070296992,0.509469306226296,0.5088917315365642,0.5680659138989386,0.015272989000031711,0.519731829849169,0.027616157107247796,0.007897573087344845,0.5188813576367499,0.530957672758128,0.14253053363050366,0.00806478742383343,0.5340883251907352,0.39343035550001815,0.39343035550001815,0.37807295904049887,0.5100578439986805,0.5088927845603852,0.39022337881380176,0.3641883458166444,0.2590737661797618,0.00795043627299441,0.019970685929398935,0.007897573087344845,0.007897573087344845,0.5296449278655587,0.007897573087344845,0.2583900163084998,0.38838282951498204,0.011494723010469665,-0.04274239223982934,0.013424790308393109,-0.048473493061318706,-0.018625952142466318,0.3777845930896982,0.008550045674173945,0.5092735019760235,0.0063918409793128905,0.5112187157415509,0.01784896284232612,0.01024319992917666,0.9447117797892359,0.007897573087344845,0.5229044488122924,0.7851137467148827,0.6621980023150655,0.5334370402454208,0.5282530996144289,0.3872619036062938,0.21530340996940522,0.04732850846437153,0.011847231309201012,0.10616194606317603,0.011826775898992836,0.047353015769962314,0.522021219224178,0.17418640314773537,0.37232806302767985,0.5100278347895563,0.522021219224178,0.3943337410585743,-0.018785291531796144,0.397472536153026,0.01024319992917666,0.6405061656848959,0.37832202813028026,0.005730570327839413,0.01024319992917666,0.5221909604300428,0.00883439469095465,0.5089644310985428,0.007897573087344845,0.537222214487824,0.02250124411318888,0.3897573208540602,0.0508051160618318,-0.020405613441530607,0.4091445643349494,0.3753219493436279,0.01024319992917666,0.509956696813245,-0.03943331118678861,-0.05438765072737978,0.5327707548117436,0.3878015893460354,0.13928416269285487,0.008836846890780126,0.5222436396462862,0.4364746801143114,0.40474199394244037,0.04747099458720466,0.5366178790126543,0.01024319992917666,0.5178296852342793,0.016698175278235583,0.008550045674173945,0.5512200946332658,0.4546963277854555,0.13174492155883194,0.5088917315365642,-0.03760498922764238,0.007897573087344845,0.0251472344167335,0.5088917315365642,0.5217985826695327,-0.05439406294032967,0.007897573087344845,0.5927672738400231,0.5088917315365642,0.522021219224178,0.5088917315365642,0.010700750298196171,0.18166646828373814,0.007897573087344845,0.5246029091417088,0.5252061188129096,0.04735453428590336,0.5337093789572273,0.39978271737675514,0.5239155506880696,0.528960964955107,0.019969300518226096,0.011078637165210792,0.53891557370678,0.5277014594863466,0.007897573087344845,0.5231246523107823,0.9145298642251811,0.048229789418226754,0.5374702968437971,0.007897573087344845,0.5328521458852865,0.7886126727715759,0.5830699348908577,0.008037681430667964,0.5223803458633891,0.5616224410187478,0.01028297108131776,0.01028297108131776,0.3966622940676785,0.17887294483378596,0.5090982619828867,0.007897573087344845,0.10087779057669632,0.5088935996588072,0.39158704600235383,0.9380169413707438,0.5357656300610064,0.18513478297094435,0.01024319992917666,-0.05079541744010946,0.5236406075722457,-0.051456350777655646,0.007930764192655926,0.01024319992917666,0.8275719665430356,0.44748396092856446,0.02949180691711606,0.5152880927239772,0.3674472324736304,0.5386925138740285,0.012634839581978197,-0.054396418299926474,0.007897573087344845,0.19328823366063497,0.01024319992917666,0.3889555676715282,0.01571246139772492,0.13896819155085882,0.007897573087344845,0.5806770027124607,0.06245776285863902,-0.029953732436898417,0.1816689501891683,-0.049193040545577216,0.5337647457338283,0.8915544666296196,0.007897573087344845
chr11:46700665:46700666:NM_004308:ARHGAP1,0.046972746568301194,0.33421404838866625,-0.027011825082717322,-0.0747536135451766,0.0462904372328552,0.8183996849615462,0.2674336857914215,-0.029672267645408035,0.2890442315770538,0.046668851881511764,0.0512020718863514,0.004933495202961491,0.2661382342177591,0.26562600991430124,-0.0747676300364486,0.004587897416308162,-0.05227459524812325,0.27648616255769437,-0.030951079415194538,0.0462904372328552,0.004346270516140394,0.011310416463008496,0.004587897416308162,0.21718510181826234,0.16627481322459006,-0.027530025194839464,0.004000819327973804,-0.05995499006156815,0.0462904372328552,-0.07482578145598555,0.007778291894625811,0.45024961115041595,-0.015905738970121833,0.08458324007578155,0.2844589570974117,-0.05572081598903791,0.0462904372328552,0.16627481322459006,0.20808643687604347,-0.08717824745443808,0.28024348199029353,-0.043808752680997834,-0.029672267645408035,-0.07644550888920043,-0.1990184949565847,-0.07470241779693307,0.0462904372328552,-0.07693791956924455,-0.07958693298938013,0.046972746568301194,0.015884575859972938,0.004007456248672603,-0.028845821268065577,-0.027530025194839464,-0.07104598548893189,0.004362937604448058,0.09255650915569649,0.004000819327973804,-0.2089019432605037,-0.08042288796526723,0.015023318585569434,0.2506940386627164,0.008125203061738306,0.532554985441372,0.31182264301627893,0.004007456248672603,0.004000819327973804,0.005067773779109441,0.008125203061738306,0.0054778216749071795,0.004593689566270598,-0.027530025194839464,0.16627481322459006,0.019849065580356595,0.04697989037397127,0.30047560451220157,-0.2089019432605037,-0.07145003739287209,-0.0747676300364486,0.16627481322459006,0.004007456248672603,0.004000819327973804,-0.07482578145598555,0.289980364062996,0.009948202636228531,-0.07482578145598555,0.16623816377408906,0.18593729093499822,0.0462904372328552,-0.07482578145598555,0.046294889143718654,0.004000819327973804,-0.0747676300364486,0.004000776331837652,0.008125203061738306,-0.037942528637764775,-0.07579759822986358,0.5382941170230535,0.004000819327973804,-0.08036298061557541,-0.027530025194839464,0.0054778216749071795,0.1406995280600401,-0.07311018368969963,-0.25325056484738356,-0.19889924374344797,0.004018512260234364,0.7117194348479309,-0.03800366471513085,-0.027530025194839464,-0.0756472832344674,-0.027549810013542994,0.28024348199029353,0.004000819327973804,0.039570766928325285,-0.07277215687047955,0.1993245893763587,0.5513220897359215,-0.07482578145598555,0.2570083728507601,0.004000819327973804,0.00694112984902151,0.06422609595418344,0.16623816377408906,0.0054778216749071795,0.014718324809000483,0.21286321845017125,0.004000819327973804,0.007740542250869342,0.004000819327973804,0.00604444975298668,-0.07482578145598555,0.006647723153733132,0.004000819327973804,-0.07482578145598555,0.28028720857877754,0.28028720857877754,0.004008396777107015,0.3004093104058074,0.004007456248672603,0.20130385901590736,0.20130385901590736,0.0032115503643981858,0.004664435357055907,0.03056223265510387,0.004587897416308162,0.004000819327973804,0.055939695323069194,0.004000819327973804,-0.06935970980191121,-0.0747676300364486,0.004007456248672603,0.20144278409786076,-0.057795795323471774,0.13297934146147944,-0.07277215687047955,-0.0747676300364486,-0.07476906696819269,0.004007456248672603,0.004007456248672603,0.004013365027609905,0.004007456248672603,0.0462904372328552,-0.07482578145598555,0.0462904372328552,-0.07482578145598555,-0.03800366471513085,-0.003803212702064608,-0.07482578145598555,-0.07433459330525007,-0.018577393748898705,0.4515251634909603,0.0051084850156586925,0.004000819327973804,0.08256286668343882,-0.07482578145598555,0.004774881535562214,0.28024348199029353,-0.04682951684558835,0.3156101582031613,0.004000819327973804,-0.07482578145598555,0.7267342688272953,-0.27819224413236976,-0.07482578145598555,0.0462904372328552,-0.07461898429991295,0.004012760859582631,0.06616826198464865,0.0462904372328552,-0.07478688891779565,0.004007456248672603,0.004000819327973804,0.0462904372328552,-0.07481701926604825,-0.07498430069925634,0.28024348199029353,-0.07482594023007151,-0.010912268321562415,0.13043721305886707,0.01395732840867231,0.0462904372328552,0.004000819327973804,0.011374938969727952,0.031102220504257552,0.004000819327973804,-0.07271559428956126,0.006663177936260478,0.004000819327973804,0.3205227570518623,-0.0751679846567809,0.254596041020214,0.03962962266920711,-0.06970322874656917,-0.027530025194839464,0.004069507656396576,-0.07478688891779565,-0.07482722125620962,-0.04228067773823824,0.09255734959230257,-0.05284486117512019,0.0462904372328552,0.30352051191395085,-0.02759082623615318,0.014340762225959314,0.004007456248672603,0.004000819327973804,-0.06712359624667402,0.00402784028639791,0.18333384693334492,0.004000819327973804,-0.08042288796526723,0.004000819327973804,0.003980537697263753,-0.05072854299915332,-0.0747676300364486,-0.03565053447119493,-0.07251972918856021,-0.07030385864391216,0.004000819327973804,-0.07338853986754765,0.28880985061266207,0.2728619963143683,-0.06990129432519183,-0.0747676300364486,-0.07482578145598555,0.2961924400258748,0.0462904372328552,0.28024348199029353,0.33615739082125734,-0.0870732021797858,-0.029114657100385216,0.004417847111804263,0.004007456248672603,0.219845968227109,0.3275660654151305,0.011434489738131715,0.28024348199029353,-0.07587525791131666,0.004011414209379616,0.004011414209379616,0.004000819327973804,0.029132268629016994,0.004000819327973804,0.0462904372328552,0.004181580552704678,0.004000819327973804,0.3027984617387229,0.7042221223746084,-0.07433459330525007,-0.039084430438146925,-0.027074685244984603,-0.2485763363984862,0.3164127071653918,0.06682444191831222,0.004740382352467987,0.04629777927296702,0.058946724188541064,0.12944481987933204,0.004126024257449512,-0.07365319414003905,0.032317370243993726,-0.06970322874656917,-0.0747676300364486,-0.2716511101129775,0.004000819327973804,-0.029734375748578845,0.0462904372328552,0.21672218850622832,-0.03174687091896232,0.05463822901852411,-0.03164069538004588,-0.07482578145598555,-0.08039368198346741,0.22337281892085054,-0.07593999253986947,0.008125203061738306,0.28024348199029353,0.041085551852388325,0.004000819327973804
chr11:57761761:57761762:NM_001085466:CTNND1,-0.0010581845537312867,-0.19183297383691683,-0.001512163848443937,0.20605560955716812,0.2208277578204429,-0.19183017389566093,0.2755640606397337,0.20606007826508582,0.05532072193497638,0.06594153840982782,-0.0005190641588147804,0.5184348337314483,0.2755640606397337,0.0011372665223482598,0.05857612119454794,0.20605560955716812,0.6217849754828925,-0.18412400740141377,-0.17567996457945653,0.05501862953255708,-0.001512163848443937,0.27556657093839687,-0.001512163848443937,0.06516906846780529,0.28265919447000853,0.05501862953255708,-0.0014850092327443332,0.20605560955716812,0.05501862953255708,0.2381765140715489,0.2909325942975842,0.249784920854102,-0.006006391530846318,-0.0014629707658062596,0.2958838356504302,0.5292115748859076,-0.001512163848443937,0.28101249775819886,0.2648754857979988,0.05764852881307955,-0.19173560182500124,0.23187654061852564,-0.0023509791028939395,0.20606007826508582,-0.175839983444367,0.141188240309003,-0.001512163848443937,0.2071840930905738,0.055063612155457214,0.011904937306613572,0.3769026152593493,0.05857612119454794,-0.0005190641588147804,-0.001512163848443937,0.05765195417132753,-0.001512163848443937,0.25155555648520556,0.055052416526967476,0.028238513019827438,0.058545209090390724,0.3769026152593493,0.005773517626681018,0.05502177683774122,0.058565368132164494,-0.03846332162168439,0.057055758642576865,-0.001512163848443937,0.010505398773726277,0.11482317253774782,0.2106412588489805,0.05502981322840522,-0.17798703174638558,0.05857276061314451,-0.001512163848443937,0.2913651756066979,0.28001538978093976,0.028238513019827438,0.010985223213631629,0.11862916438021567,0.28265919447000853,-0.0014850092327443332,0.06808083967282971,0.014950583958758389,0.45702875345516947,0.014400023327041017,0.05857612119454794,0.055052416526967476,0.2911530842403096,-0.001512163848443937,0.3510876448899477,0.0837024638460873,0.004557182219611933,0.11482205358185389,0.0018195314049770928,0.11482317253774782,0.11485440819987676,0.29984229454445516,-0.0030013149021097044,0.266611996560821,0.001713274267476278,0.06592055581161836,0.29426607936642585,-0.14892290990457419,-0.001167533918868223,0.057708188467406954,0.0475863374143262,-0.15525881986719947,-0.0030013149021097044,0.3469009990158559,-0.001512163848443937,-0.1892100982417214,0.19414786765561198,-0.002891150987748649,0.5208401959545599,0.06169482239273359,0.10181592010705316,-0.004282583639777349,-0.19173560182500124,0.055052416526967476,-0.0008184633042373213,0.05857612119454794,-0.0004925101729892079,0.009158115586818338,0.27684903039465525,0.2104391501088903,0.02140857138354227,0.020534827090966212,-0.001512163848443937,0.24903307258339583,-0.001512163848443937,0.09900096491847404,-0.19173560182500124,0.23664998128914688,0.26096584404534484,0.058545209090390724,0.05968145171242066,0.05968145171242066,0.3227845893695199,0.43043673837536267,-0.0014850092327443332,-0.00507984110783808,-0.19176582652508464,0.056765764911471686,0.2810135963733225,0.03954694650279836,-0.001512163848443937,0.008528195181208426,-0.16325368570342452,0.020534827090966212,0.0479074866901448,0.05504926988673224,-0.0015129671191146665,-0.18924014168212505,0.6381714245841507,0.008787861999385083,0.0391133749746945,0.06194451613577805,0.0552633729691466,0.05857612119454794,0.055052416526967476,0.23007043490991896,-0.15678798643493608,-0.001512163848443937,0.2755640606397337,-0.001512163848443937,-0.1801751703897181,0.11157162581132793,0.020999857335590344,0.07132302192594758,0.12610257633004202,-0.0010581845537312867,0.5393075138413034,0.21624564319208656,-0.001512163848443937,0.00196136309449077,0.05501862953255708,0.21988135060742553,0.28101249775819886,0.07611964583044785,0.06140844784155303,0.11862916438021567,-0.19173560182500124,-0.00455654211019077,0.07197492978204946,-0.00507984110783808,-0.001512163848443937,0.05857276061314451,0.07487311714226393,0.03763810336394241,-0.001512163848443937,-0.001512163848443937,-0.0006243861237627546,-0.001512163848443937,-0.001512163848443937,0.05502177683774122,0.2830701250453776,-0.19173560182500124,0.28283714066667354,0.2655546259283871,0.33552642183651304,0.2844944419742217,-0.001512163848443937,0.3516922708650669,0.9310839604734178,0.09809895025073427,0.055052416526967476,0.34502087515239743,0.23396552581560887,0.010135279928369323,0.020086512588454224,0.13724935905650806,0.11482317253774782,0.26425422280228195,-0.19176582652508464,0.008528195181208426,-0.0015129671191146665,0.05840929020827536,0.05502177683774122,0.024891338835391796,0.3354273359917629,0.06743271275161647,0.02571029404864232,-0.0010581845537312867,-0.0028869389855716646,0.058820478011448095,0.058545209090390724,-0.0010275179024951328,0.15945528676089424,0.2760047358875728,0.7149665728079582,0.19337991040992436,-0.00507984110783808,-0.0014850092327443332,-0.1916755830714623,0.049439480865504565,0.20605560955716812,0.28773220049883685,0.058548310519583424,0.001759065855375469,0.058541847832292576,0.06046668019677699,-0.19173560182500124,-0.19173560182500124,0.2132933603146089,-0.19168039377699272,0.2800463018697699,-0.19173560182500124,-0.001512163848443937,-0.19173560182500124,0.5504170121795832,0.22580714831825432,0.07035682662434757,0.06306390000216935,-0.0004910584057654377,0.058565368132164494,0.38888635349306455,-0.0028869389855716646,-0.19173560182500124,0.055734068228696795,0.056007665855789965,0.056007665855789965,0.11482317253774782,0.7017008852365434,0.055052416526967476,-0.001512163848443937,0.35409144184884794,0.27808048104942107,0.06518795999648362,0.3551570970161135,0.28796795043891066,0.2795350945189454,-0.19146383437793107,-0.17428306610884609,-0.19173560182500124,0.06641536807378248,0.303336300233904,-0.001512163848443937,0.28846842781872,0.0583005748997861,-0.0012713514388771052,0.09715205738434798,-0.0011600488417606858,0.05501862953255708,-0.001512163848443937,0.10926750743207891,0.2072150136814554,-0.0009940430534003605,-0.001512163848443937,0.33225046342836007,0.004373917235101027,-0.1779639560826086,-0.001512163848443937,0.058541847832292576,0.030772963320512284,0.0825843188299081,0.03633947278769242,0.32100927577414096,-0.005049106941094339,0.040563812719083214,0.0018204963533476892
chr11:59171429:59171430:NM_001300727:DTX4,0.0028711221838076673,0.5345744796935126,0.0028711221838076673,0.1433265799380807,0.014020008248633614,0.5919550707041197,0.012830347776044054,0.03240011315417801,0.3867400811959678,0.0032250511132653203,0.0029121290301234726,0.04169132196410502,0.0028685621398951006,0.14357162893510914,0.1433265799380807,0.014416484722372822,0.168202419790566,0.5009629397493701,0.07083260070408699,0.0028711221838076673,0.002890461921612658,0.42264950379690613,0.02080221914483224,0.38717137709838023,0.1792245664637887,0.0028711221838076673,0.15399171563471042,0.02080221914483224,0.0028711221838076673,0.4407988272926643,0.41770151428257035,0.08947833180342239,0.020686103401919904,0.3856248842496932,0.39369830405535544,0.4026921925788938,0.0028711221838076673,0.15399171563471042,0.05604983359945786,0.011334866243863734,0.0028515339698374775,0.23259367164168754,0.07942968776627349,0.02046556330994282,0.4279937775554243,0.36740556512931055,0.0028685621398951006,0.4247435345488718,0.0026549296282194212,0.003356088795007872,0.04459297837326065,0.34462083181340225,0.0029121290301234726,0.0028685621398951006,0.15630930745342164,0.0028711221838076673,0.4029693611900014,0.143617191447763,0.059532469329002725,0.553328827144764,0.014149017556046431,0.0026549296282194212,0.3623797434434878,0.07316322310026888,0.003432841911615081,0.4703814284616613,0.1433265799380807,0.3852246943845504,0.3613358060909024,0.008616478223551521,0.0026549296282194212,0.3642617791318754,0.36073639325724527,0.37055654638136337,0.00905135929611528,0.39749918573136556,0.059532469329002725,0.014028792519833147,0.3635730586356301,0.1792245664637887,0.14355930999820846,0.0026549296282194212,0.1433265799380807,0.16868857771003076,0.00265860783813901,0.15422786978391972,0.012965087160447947,0.4223041157846082,0.0028711221838076673,0.0026548184140098158,0.012965087160447947,0.002671031926670342,0.02046556330994282,0.013164453570861517,0.44703897121678837,0.003355651502475243,0.013711840464895236,0.2782360736183888,0.3635730586356301,0.0026549296282194212,0.0028685621398951006,0.008616478223551521,0.04123936055373185,0.08548986855470511,0.17982004240232072,0.45542584155898513,0.05490631611425726,0.13028549014449783,0.0026548184140098158,0.0028711221838076673,0.02046556330994282,0.002936927318133345,0.020686103401919904,0.14355930999820846,0.3365922915819425,0.030677504296382177,0.08546046890169058,0.3879094589908976,0.08548986855470511,0.5028451571065269,0.33236802152123507,0.15664013890892248,0.08396888147156466,0.1433265799380807,0.008616478223551521,0.4279665174293366,0.020465740931913737,0.14355984616887713,0.02892190225866126,0.0026549296282194212,0.36774814126134603,0.02046556330994282,0.02127060443239597,0.0026548184140098158,0.0028515339698374775,0.4875590710051438,0.4875590710051438,0.35789287557246097,0.37992401820034727,0.012965087160447947,0.09404041714665692,0.2689375613480708,0.3905341228523204,0.00247236861454761,0.02051158914337923,0.0026549296282194212,0.0028711221838076673,0.08548986855470511,0.0026549296282194212,0.03630850604809525,0.16794813757011517,0.2083100096685263,0.014927501636035068,0.45928708158308035,0.31784355199014935,0.030677504296382177,0.5702591928282007,0.01296748793757603,0.36073639325724527,0.012965087160447947,0.14357162893510914,0.020686155391539812,0.0028685621398951006,0.3804265242963078,0.0026549296282194212,0.1433265799380807,0.08554684573380383,0.08629043737461832,0.16794813757011517,0.1433265799380807,0.16794813757011517,0.02143161750906941,0.028277961809933166,0.1433265799380807,0.4483554314621868,0.06895271413768182,0.029741255968616584,0.15422786978391972,0.016934527798838646,0.44187075022288114,0.1433265799380807,0.020888313002034364,0.2993659215207338,0.053309448536293436,0.06170675392168103,0.0028711221838076673,0.15496926353912222,0.3460187981156762,0.4015402626714109,0.0028685621398951006,0.004950684449988585,0.0026549296282194212,0.0026549296282194212,0.0028711221838076673,0.0026549296282194212,0.00265860783813901,0.03134887103030467,0.15255999662069464,0.2743412902019037,0.807829628917804,0.09171440158929947,0.0028711221838076673,0.02051851847776935,0.05958544713227668,0.31951960718260236,0.1433265799380807,0.411321659006666,0.031125796245448457,0.03273503148877622,0.0034267855557292975,0.8094593652931156,0.4297152917164144,0.0026548184140098158,0.12989174686545463,0.0028685621398951006,0.15399171563471042,0.009997787668453662,0.01296748793757603,0.19004766314535437,0.40296938488322337,0.009131919377484206,0.3638840290782697,0.003356088795007872,0.03151284306265452,0.42796711775879415,0.31784348338339913,0.0026549296282194212,0.31951960718260236,0.014009111247943892,0.7599966134730708,0.0026549296282194212,0.03114354171515605,0.031126361462461803,0.1433265799380807,0.015891176960342236,0.0026549296282194212,0.25324967058768194,0.0026549296282194212,0.0026549296282194212,0.1553305113359275,0.1790981080671712,0.27815288185346415,0.1790981080671712,0.020469340766056984,0.0852814443039971,0.08548986855470511,0.8501133613448628,0.0028685621398951006,0.03134887103030467,0.8078283981050342,0.02107725690190728,0.1433265799380807,0.014729197076156317,0.15399171563471042,0.8820441229731231,0.3758603369157674,0.43009511967247444,0.03114354171515605,0.27798756268802793,0.0026549296282194212,0.0026549296282194212,0.39923101052445126,0.3974799670313107,0.1433265799380807,0.0026549296282194212,0.002657220328080412,0.030974895101916387,0.2322652866718533,0.20688119096956603,0.14355930999820846,0.010770792351153455,0.0028685621398951006,0.06060175489381531,0.2586746923761974,0.3642639857544899,0.008209938263315508,0.0028685621398951006,0.5385172934635571,0.4029693611900014,0.008109782554106396,0.3677696105516737,0.15731143411698026,0.14807394747030336,0.06879365735056561,0.3259566879101511,0.3879094589908976,0.0028711221838076673,0.0028711221838076673,0.3861303345359276,0.05337947314199716,0.0026549296282194212,0.02046556330994282,0.2384249488062545,0.40006079257601423,0.0026549296282194212,0.0026549296282194212,0.01020330076279767,0.17910673301714425,0.20565104374608462,0.0026549296282194212
chr11:59616144:59616145:NM_002556:OSBP,0.011999782775996448,-0.017028291816453378,0.5446562005475254,0.5466748152638398,0.007786913100089443,0.5538699422196774,0.5417488233760016,0.012423741786866449,-0.014528443462408336,0.7287674917624035,0.7126930251223267,0.010610527173382456,0.5506279340450607,0.5519230985274158,0.4240460411898672,0.0119777758075153,0.5503377412940897,0.46949328377646776,0.012680798055083209,0.5423952933433984,0.5430070414396683,0.01426907184645082,0.007843958119754468,0.010200507317699281,0.4255023547830429,0.011991454411791835,0.4235007577978121,0.5737761194725322,0.0098864630974283,0.5828408193415664,0.10559768805573261,1.053462965291993,0.5496172487993445,0.014642521891240767,0.014481248586166673,0.433426921952918,0.009894770258433994,0.42655816071449615,0.010211928859136521,-0.019874079863938854,0.42565105777711176,0.5504514023459264,0.5703704247769295,0.5735867824665097,0.7280041235233764,0.12892603944440195,0.009894770258433994,0.545885650805702,0.009810311773883362,0.013104856001221687,0.10855612074947879,0.4288907718097228,0.7112620350992918,0.0098864630974283,0.4246761413951138,0.009894770258433994,0.5506669463548594,0.009855800824982386,0.013834430180404478,0.4235007577978121,0.11217827283616116,0.007756320909665104,0.007756320909665104,0.4647617979501289,0.012980492669492416,0.4271783119017231,0.007756320909665104,0.014642521891240767,0.008083354777314478,0.012734346981295941,0.00803166602879335,0.014868546293949514,0.4240460411898672,0.008020915559897923,0.0077952045602273645,0.3843533363335857,0.013834430180404478,0.009782476062142165,0.5479999348908418,0.4255023547830429,0.4241299612496985,0.010244271878878608,0.01117704302182082,0.5494922148564572,0.009682373410858924,0.4235007577978121,0.42119437797038384,0.15489899975815186,0.0077952045602273645,0.009651713325242783,0.5446748397145856,0.007800467672562539,0.007830583543641911,0.4244595253694043,0.010183509139422842,0.010973782809984178,-0.021158099432839028,1.0526679030498927,0.009628567451420877,-0.02362786105371356,0.010610407155076496,0.012734346981295941,0.12374686428387455,0.012147672935844123,0.42652492358843824,0.722555020049938,0.008168934127884109,1.0518400831962569,0.009651713325242783,0.007859550260477632,0.4274636913661555,0.5441742259772133,1.051149533590328,0.4264139164135524,0.4269610145230215,0.008810731699839036,0.5600254505839755,0.42861694348422097,0.01197270952658197,0.6655755161972693,0.42365483534177606,0.4241299612496985,0.7296884546648735,0.42128065036644263,0.013040486911481908,0.7182863518005146,0.007756320909665104,0.00816522857257379,0.027007077022473736,0.00847060280503159,0.13133896390089256,0.42909852417736344,0.11767930421176115,0.007756320909665104,0.5429639422484623,0.4322618330572675,0.4322618330572675,0.4368646348939742,0.12818986326919424,0.42065002558601416,1.0483067373375239,0.5480524536532154,0.4264143957726738,0.02255361884960655,0.032783328482333784,0.014531109230840278,0.007756320909665104,1.0680007940803566,0.007756320909665104,0.5485701566909951,0.42565105777711176,0.011754748783210922,0.010950904246783022,0.548955664224292,0.13181987827680025,0.12367242010446133,0.009855800824982386,0.007756320909665104,0.4288907718097228,0.008492409976597282,0.4240713538717995,0.00781695047653741,0.009894770258433994,0.009519889754000366,0.007786913100089443,0.009075877328827198,1.0474801246053433,0.01976900403474091,0.42699634693431204,0.109837874690078,0.42997612714121136,0.5508829032682734,0.01861304678850989,0.007756320909665104,0.1420135163453568,0.010061448765342984,0.019684231164438237,0.42654862019765566,0.5420910655562534,0.011366318376320628,0.00808432509792223,0.4290948153788182,1.0397234755966334,0.012595769200362206,1.0473295518716914,0.0098864630974283,0.010061448765342984,0.4252712860327352,0.016563185932114477,0.007786913100089443,0.5442248030979121,0.42135738164546305,0.013430440827310597,0.007786913100089443,0.010285554922053186,0.010190013448858282,1.0470802154685785,0.5423676502003143,0.012428507656802201,0.5456746614390404,-0.01937720779678548,0.0098864630974283,0.009651713325242783,0.5502412657247541,0.009799479299593461,0.00816522857257379,0.4385526281069398,0.10567300564102827,0.12364647108778148,0.4707211214502738,0.0103412635311379,0.012083042399656574,0.007756320909665104,0.555539798416093,0.0098864630974283,0.420661541031196,0.5498722019697513,0.007756320909665104,1.0689405178985742,0.5480989639283416,-0.0165499782551502,0.42433771831353506,0.013183845281742435,0.563440090852099,0.5501105795865403,0.011019008937043828,0.007773279460904559,0.009799479299593461,0.00879376433418988,0.42113835944427125,0.007756320909665104,1.0473743667214197,0.009075877328827198,0.550641813594821,-0.020019036352806052,0.012090207976281908,0.43084467850701613,0.5410469863754441,-0.0045177642472679636,0.4240460411898672,0.4268902461781309,1.0493822040417138,0.42897762504874315,0.017161441803235478,0.42625730448764854,0.01197270952658197,1.0491035160946418,0.0098864630974283,0.4251171134560939,1.0571494518086184,-0.021445396522818017,0.011842549556148108,0.007870216624010495,0.42065002558601416,1.0526732169241848,0.007256485529796353,0.01056218784196794,0.4262138644258472,0.4407600262425321,0.014693358794345912,0.014693358794345912,0.01280034117812967,0.012508644148594206,0.42065002558601416,0.0077952045602273645,0.42367515130997374,0.4207448722828036,0.42955588694649444,0.552339952358126,0.4242988167778611,-0.0208120727375658,0.5450731909190105,0.009425226036727463,1.047001495654201,0.011157228434248545,0.032043377013455276,0.00995925066269937,0.7151569483936958,0.5480989639283416,0.008821617023172634,0.5739368390468462,0.5500471125829344,0.5557582028195107,0.009075877328827198,0.009799479299593461,0.42073617590764234,1.0458724707359472,0.0098864630974283,0.008083354777314478,0.5476944164525069,0.5508354253056497,0.009651713325242783,0.4296513278149348,-0.018896536704695432,0.013860558738686468,-0.021583391013267506,0.007756320909665104,0.42904795483802183,0.5458515443638435,0.007942754475173674
chr11:61967660:61967661:NM_002032:FTH1,0.1580247981418385,0.6642566603786914,0.00015547596534287722,-0.0007327774546562749,0.10685451308868449,0.6227716100962921,0.12284036101795126,0.22577061854380143,0.5855418046455906,0.4005660171663269,0.15711331697953057,0.12711773750634225,0.2670262525264162,0.35571499575666693,0.10832746865796117,0.22577061854380143,0.0005290629236410216,0.5227753879724408,0.34345561041222245,0.12490113181110751,0.24869405288439173,0.20743425448568203,0.38907772704967275,0.06551624157886266,0.12742956741839612,0.00015547596534287722,0.10832746865796117,0.38919596789973987,0.00015547596534287722,0.27774821692912466,0.5470223827526324,0.14924349747784688,0.12370608284867357,0.24257463816147706,0.5099897367459647,0.09984979790282977,0.25057569584694617,0.12742956741839612,0.1281190459551621,0.10878237576780975,0.10832746865796117,0.0980007630046717,0.2361185287351108,0.0019547625024869952,0.4648321996802331,0.16743537825124594,0.12484853715174565,0.27611348460625557,0.055657247162899603,0.39874004675220437,0.14779379147451727,0.11344077168579575,0.2508010401110091,0.30297688032606573,0.12170137487398913,0.12355374703587418,0.2002844019120375,0.012005220593106991,0.4255180350851733,0.10838172888450087,0.4255881181339998,0.2997269408067311,0.004212657571492806,0.28749943510365855,0.29486538724564654,0.09819404500643558,0.00014655254394391193,0.2873980041118994,0.004213664007268969,0.12355374703587418,0.05557915760358123,0.38757216651205284,0.12165944893070535,0.04528751655830754,0.10659418428428108,0.41232854613734116,0.42542412044874717,0.012541636701510317,0.08934255862739954,0.12742956741839612,0.10832746865796117,0.22567633725438896,0.10836727873951618,0.10674061187364425,0.12736666045853384,0.12165944893070535,9.239731586441202e-05,0.03637843825652248,4.567944876382457e-05,0.4693417962874902,0.0034642265366044422,0.1273670853368748,0.12095144671279345,0.10832899726011563,0.0019547625024869952,0.002074260928319027,0.3610865016396243,0.18511150031372714,-0.0002423992390471752,0.0010240732897793814,0.30147561382910304,0.15796594640786188,0.2445405754551197,0.03312470228061948,0.11892609359274031,0.4649609065836816,0.23220935852698865,0.2994406001702371,0.33702278306325323,0.2520992033794803,0.11824401567539661,0.1065584645893583,0.001292609270724332,0.00014655254394391193,0.10063921026388295,0.22537115224544568,0.34532044497860237,0.10754576148469869,0.09765136497012206,0.4743782447984132,0.09818009416583184,0.1216659404540168,0.41076044294974134,0.0007986649547044311,0.20270671927195616,0.4521537004643646,9.38684338204765e-05,0.0007986649547044311,0.35593079720409354,0.0012221722489557107,0.19287358439702385,0.09675889986108849,0.48771656473513486,0.026568469242292003,0.10835708500844432,0.12082134226444968,0.12082134226444968,0.09818051086260682,0.13510846935405596,0.000819945274268763,0.159212815684738,0.15847577826909132,0.1017863396739106,0.12372674700426717,0.12805745639181404,0.026922667350721907,0.22567816816767722,0.2348461236819207,9.38684338204765e-05,0.04808149996141664,9.239731586441202e-05,0.10832746865796117,0.032947998600562356,0.22957578613820206,0.12654525887399826,0.22612494642474473,0.014192011377169855,0.00023077861886361406,0.10754576148469869,0.10666417235057801,0.00020964716709098719,0.22683257404982365,0.10798978215340277,0.11325383692099639,0.10651810869669637,0.24581042573212486,0.17525620004255532,0.20509002111434899,0.2179342582084114,0.0008759488439216145,0.15801727810442623,0.23676827471367073,0.16478066386374896,0.00014655254394391193,0.1670100846291805,0.10754576148469869,0.17309454436417127,0.24396932295162876,0.04904493571487456,0.15101689081751024,0.10670959912838934,0.09764819588225998,0.2314732822632658,0.15785831434629727,0.10101584494669757,0.25057569584694617,0.0007497323507913989,0.003138598614762511,0.11896835227806479,0.12484853715174565,0.10652278662386111,9.38684338204765e-05,9.239731586441202e-05,0.25057569584694617,0.21639120819119578,0.1280554502530059,0.10754576148469869,0.0918396833193883,0.1584723068270879,0.4236768886648198,0.43606987824552756,0.563995849321033,0.014163867140825515,0.426361458822386,0.06276593513830886,0.00014655254394391193,0.1084283773646933,0.4570483717667321,0.16743782164811716,0.20747299965931754,0.17197884391202373,0.018272954885725667,0.3759970784828768,0.002273989085133543,0.25224318303775495,0.12086696221094445,0.24392743194644967,0.00023077861886361406,0.1626259283281083,0.21701938157812672,0.30133810914886,0.30063927873603197,0.14614853466346578,0.29123384884161296,0.5234997462226215,0.10748143725588238,0.1218311495967197,0.06276593513830886,0.014909309795972936,0.15087727352189423,9.239731586441202e-05,0.10876141498911912,9.239731586441202e-05,0.26744760647311056,0.12491705459473507,0.00017197272182989387,0.2919280292320039,5.076199267223247e-05,0.0148477412259172,0.12168351987160919,0.12179523391846536,0.15127791582970274,0.001973893453865838,0.12737762307596456,0.10676392681965585,0.00015476093890692821,0.09920285933442913,0.2522464966182531,0.0019810044591909715,0.27370829035386224,0.1250414378190351,0.0008128288439385178,0.1274542784404692,0.12165944893070535,0.3441522753612837,0.0625979588679369,0.44491421708581375,0.13503041756765422,0.10889233470504922,0.10660109819340308,0.10660109819340308,0.0023490310128023717,0.16335355529303375,9.98424627489114e-05,4.567944876382457e-05,0.002086645107908458,0.026922667350721907,0.32414192057099267,0.47699234270867263,0.0007662668955411012,0.3600552806568367,0.0344185742776299,0.4151086639111802,0.11204137768935751,0.308223208685148,9.239731586441202e-05,4.3607702912229485e-05,0.18361374484614235,0.14497647238962996,0.12355374703587418,0.182417426556703,0.2502430379547683,0.09959116617286135,0.10828773557967786,0.06274151972144365,0.038503839837401244,0.10685121467676517,0.30129176228753113,0.06551396294304057,0.20495082384781732,0.1685444400034694,0.009263613410548932,0.2070206912295351,0.09199919894418507,0.13319769089552874,0.11079971990616883,0.004213664007268969,0.10966396220378821,0.09316693841577761,9.239731586441202e-05
chr11:63671730:63671731:NM_015459:ATL3,0.40532492944197407,0.2729221232160429,0.04238290556756069,0.20104202495387866,0.04266401695908423,0.6348384258446905,0.1428902564095536,0.09430208287965425,0.4956588368966609,0.0953971799029415,0.4062529037143495,0.31083884101403497,0.7147163351518611,0.8050144445805921,0.3112897072162451,0.09394554107983705,0.5551123810902565,0.8814509976653059,0.09538734778056265,0.11517083712630485,0.09594181088204473,0.11982448631885056,0.11517083712630485,0.057268280739141586,0.8100299667732032,0.33355437192413223,0.07635907836413633,0.026683991819770825,0.3332965304768938,0.027265668480090488,0.10429154985946795,0.34887376578829377,0.4058208095760408,0.31450581980352343,0.11988924397578765,0.28271740965977743,0.09394554107983705,0.46234988666684634,0.07365223635735574,0.07244099747961252,0.310499084288325,0.8127260885468339,0.17603235700089284,0.04239547208503652,0.3523356626005568,0.18385089488974998,0.3332965304768938,0.04277703074404404,0.015561739252306306,0.07667055465176972,0.8119364307205315,0.3112780421478201,0.406260153521098,0.11495519327179016,0.3117614995813989,0.1149569665053633,0.3117359451286644,0.3112878232129836,0.4355634806064476,0.31176340432737537,0.42894096110169644,0.24469170184604522,-0.0057127203384012,0.48301099742659004,0.1771584640433442,-0.0060100547273948535,0.0757991684969514,0.31450792863804633,0.0719059363779791,-0.0060096261032258624,-0.0060100547273948535,0.09523181052943375,0.32576335077632534,-0.005542735086860373,0.25290283911584643,0.2406631881886968,0.0757999272052084,-0.0030267843897789914,0.8136543011195195,0.310489320146088,0.8119950045330715,0.01165744390108886,0.3112994886545712,0.19817634031641082,-0.005172047492574938,0.31176340432737537,0.19751306906304655,0.3123299459410017,-0.0060100547273948535,0.42064784730929505,0.3150053140221187,-0.005172047492574938,0.3117419468294325,0.31049215341426195,0.07219847698591347,0.8119580183232086,0.07537524635307497,0.38314689060817175,0.18237649104569725,0.07537335006899237,0.3332965304768938,-0.005588311931993328,0.04859285193636287,-0.0060100547273948535,0.3117548210361177,0.3521361013370684,0.14011726478447614,0.3490049655159401,0.42112449901984905,0.11495519327179016,0.4191000108026194,0.013283997182455931,0.8127233106338478,0.31048012780434,0.310489320146088,0.026508237347091512,0.804519043705787,0.3112780421478201,0.31128085089340635,0.4705095348889005,0.310489320146088,0.8119780986729994,0.30882630976227116,0.535747641457603,-0.005588311931993328,0.8031897968348382,-0.0060100547273948535,0.3112897072162451,0.12855183135498485,0.19716605944861965,0.18708527625768626,0.3112780421478201,0.4438441473967575,-0.005764684187565872,0.5369791623585929,0.07236835635827027,0.07236835635827027,0.31213466839797976,1.1815664545954876,0.0757991684969514,0.3106269734935284,0.31049532345585484,0.3112780421478201,0.5136256597340368,-0.004540228185118067,-0.0060100547273948535,-0.005764684187565872,0.38136536341234495,0.11495519327179016,0.2317008847272592,0.31233547751540397,0.310510716963512,-0.005740177749653297,0.0423850978794002,0.2915254773630833,0.015235255038118956,0.8121135717656828,0.07247969534465021,0.3112878232129836,0.3112780421478201,0.310489320146088,0.11343136276080193,0.11495519327179016,0.3643785714408792,0.11495519327179016,0.07189627566669243,0.8119573804792244,0.5098389567172188,0.8127707140246283,-0.006004893509674369,0.04238290556756069,0.45619866848138857,0.30528850681489667,0.3105009524502329,0.25462848807427885,0.3105009524502329,0.21942777368516664,0.8119341492336775,-0.0049250421701609315,0.814088939656264,0.19804485055874824,0.19771051285149865,0.20110299220166336,0.051346398698299184,1.1853428603050407,0.11495519327179016,0.3112878232129836,0.31128085089340635,0.08453479469367797,0.11495519327179016,0.012228022285340201,-0.006004310960538883,0.19716605944861965,-0.0060100547273948535,0.8138428326744683,-0.004016785255180844,0.3110675954549278,0.004323451057095584,0.9067115341077394,0.3119304780099656,0.47038695493526533,0.1152632583735855,-0.0057236506272888565,0.8047030427706726,-0.001799149929686772,0.3105009524502329,0.3110412727001578,0.44129005098925267,0.1800612699301733,0.4801547631511458,0.186963687758907,0.17983015346654851,-0.00576420479257278,0.19751953559664,0.11495519327179016,0.311300012706044,0.26287775982978767,0.07247969534465021,0.19448628781916802,0.31114408305614205,0.08940325584238562,0.1760945073785954,0.042911968556357594,0.30900421465169897,0.3559949108727408,0.3109528462633712,-0.0060100547273948535,0.08064829106398183,-0.0060100547273948535,0.3585131623142798,-0.0060100547273948535,0.9275256681957178,0.19751306906304655,0.2579683577111259,0.07242183385180961,-0.0060100547273948535,0.31141020559424204,-0.00574142702149516,0.0744470986821349,0.3114448266230913,0.3117743712662361,0.20191451621149306,0.3118871327112851,0.2698511647566405,0.19751306906304655,0.3112780421478201,0.4623004343307785,0.11495519327179016,0.31175361894766707,0.2823035754407888,0.07333564212228305,-0.005943683071824024,0.012570926843502361,0.41994617050834454,0.3117624810570907,0.35014041917559346,0.09529462940052774,0.3112994886545712,0.8129435690341116,0.016059723432393203,0.016059723432393203,0.23912164980937992,0.02917703698185886,0.19769689686568498,0.11495519327179016,-0.0059746448216937975,0.31189483047210054,0.3561405767263558,0.5120614660000293,-0.00595213684461815,0.07596089947713913,0.33422403939627965,0.05120933431899219,0.3117416851249762,0.07666785898060144,0.2236815404745478,0.11495519327179016,0.5322931181706418,0.31114408305614205,0.0028173032303423495,0.3217247713889384,0.3602396651985431,0.252941290141366,-0.0060100547273948535,0.08065567138687255,0.042484217010337666,0.2525866269080509,0.1152632583735855,0.07600884287525667,0.2685295052709611,0.2526994030518688,-0.0060100547273948535,0.8127150009686209,-0.005670663072450233,-0.001690791240335665,0.0754420161084094,-0.005999126741388527,0.3118871327112851,0.07211218576321138,-0.0060100547273948535
chr11:64234583:64234584:NM_001243733:VEGFB,0.1986727621711747,0.05449610102673169,0.20546000501307532,0.03635089866660318,0.22607778815007995,0.05668969992197226,0.21998899790125626,0.19314818604332884,0.05432199395205645,0.22577548571980705,0.29337339646841176,0.12164449110756403,0.2885655686931214,0.3089557098435172,0.2029502816360778,0.19314818604332884,0.1236573010311749,0.10051610277022438,0.004299303218129269,0.195402864429977,0.020365905893745595,0.03352162315158874,-0.002420914593521506,0.42902461380121226,0.0984716427393536,0.19314818604332884,0.12667875457167993,0.20113029169037383,0.195402864429977,0.20619939911871848,0.26126514295681463,0.4769762422047304,0.208186920388917,0.05400000061518129,0.23593332003466205,0.30355341387244605,-0.000492912081759389,0.05955399519754645,0.003818739941008009,-0.004014199423177434,0.47727289330150086,0.5263581429069352,0.2256999917145835,0.1960844948989257,0.3721463203049243,0.4056424813741252,0.19314818604332884,0.20391592769226402,0.051833547264515334,0.3513562976029318,0.0017557432669113027,7.378026673676708e-05,0.2346768646297317,0.195402864429977,0.27375714921245375,0.1945452553615764,0.5291287156997087,0.09378695770179146,0.484484915820692,0.751090031036604,0.001753968889822155,7.378026673676708e-05,-0.0004668729377683145,0.006369515681335924,0.005644423146803745,-0.00014765446739350985,0.056917398298307886,0.054020695826831444,0.19720649237882704,0.025617326664547357,0.004930171115731297,0.19874981623551313,0.00414386091836394,0.09458141265085596,0.320492691807335,0.05122443957261147,0.4862633648112772,0.019788298501704993,0.4011500219503416,0.06029989223815657,0.15210684443103162,-0.002420914593521506,0.33310926521996626,0.18772218675451757,0.0037823277306202607,0.25040919963966224,0.0034832873206426807,0.28953400251732636,0.19314818604332884,0.7649532245758512,0.2237244833722623,0.0025117063203093926,-0.0011586214640368353,0.05174502085906102,0.29994455588684793,0.1140674244502814,0.2114625381316807,0.4709740751213306,0.25062581422979247,0.006517119455254516,0.19815889627074307,0.026905865237449367,0.380534732141138,0.04916713592726557,0.0929007127595507,0.37400496685241497,0.38187337277564565,0.42205992489686234,0.4963022240296776,0.19815889627074307,0.33186937947866785,0.02294711574507452,0.26109467122438146,0.0035368945565603105,0.08206906684546816,0.3181015846239223,0.11556499128581343,0.20481228960260278,0.05707579401029178,0.22056339665530267,0.05058038205323129,0.3724882725035214,0.2519657456855024,0.0012146200770491444,0.02965256418723161,0.3606410149672521,0.04872977817262181,0.08911554218333745,0.002695143466254768,0.2586194057672497,0.47570248098621143,0.18080023586204075,-0.0024092728899141602,-0.002252899970518474,0.43470091471538697,0.26600638761730944,0.26600638761730944,-0.002416784845822084,0.49488802063641957,-0.0022480724834553767,0.3388468273049664,0.26265896927042,0.06832697362522361,-0.000186839498098057,0.010035787328980805,0.0012870277519968498,0.255668832098138,0.26568536544223537,-0.002420914593521506,0.2660829913583224,0.001338440859490142,0.04332891451029508,0.17938783341857378,0.20395301371875718,0.041261791370453604,0.048705300687218234,0.1450286831750407,0.004441552513309965,0.00040329376997005895,0.1215210396380606,0.0036894712602524304,0.3832891635426898,-0.002420914593521506,0.4461334889911619,-0.002420914593521506,0.01779453983064727,0.2550403266363239,0.278599868202906,0.29760167921498426,0.30577317848335,-0.002252650352715657,0.027832819038057788,0.0047629690233231825,0.026566807755903366,0.4034750887696396,0.043119908900048465,0.00029971056080119185,0.06226317306155543,0.41335421402358563,0.06512445855092042,-0.002420914593521506,0.177055986517543,0.7989360181347587,0.22403994657886783,0.11370119706708415,0.195402864429977,-0.002139441429727551,-0.00019312071409921527,0.27511516008913556,0.19314818604332884,0.022952633111606002,0.12960200598436822,0.0012870277519968498,-0.002420914593521506,0.10959230456224639,0.003818739941008009,0.12552981199903002,0.25758766960138024,0.03669931711007218,0.13573402524959854,0.00811347993425543,0.19314818604332884,-0.002420914593521506,0.2620866285166366,0.22433362615068037,0.05803765198303629,-0.0024039509918244995,0.19677423412401157,0.40510051402125713,0.13425544674254514,0.47509805868008137,0.2826438395059581,0.006517119455254516,0.3121750142409228,0.195402864429977,0.23148280940524743,0.021577214598598737,0.004441552513309965,0.12294395802319047,0.24185046332843757,0.008133360476288654,0.21134096121375068,0.06111475320972498,0.26401929758562587,0.3693348518980759,7.378026673676708e-05,0.0037667834663332456,0.2189594156057631,0.0024246171215573376,0.20298456767712464,-0.002420914593521506,0.5191036906327131,0.00031127997615071346,0.10881007129446552,0.011044196909415271,0.19590031634226618,0.36174423490411534,-0.0011586214640368353,0.007606891071573196,0.24990860852563665,0.31640372145579565,0.17034955066919474,0.21651287472818598,0.0037823277306202607,0.0883551896365447,0.1563554470440096,0.17312687858757195,-0.002420914593521506,0.22513206789126916,0.6804495966949367,0.006980181886150683,0.12232741756940368,-0.004202724005838543,0.4756638402860295,0.1604734305986904,0.12020364382376442,0.26862790772624157,0.19910208664346296,0.19875362235262986,0.022188160910493138,0.022188160910493138,0.27850146273675086,0.08089519390551991,-0.002420914593521506,-0.002420914593521506,0.1016958891320302,0.08938575309784424,0.07942425567658934,0.41962999685743146,0.17781651700483947,0.009491568081706037,0.1981653632047029,0.10282050991209973,0.31339906145485186,0.2818978296070787,-0.002252899970518474,-0.000186839498098057,0.285792044865013,0.13975999713305376,0.0009608947699811243,0.4072678116505399,0.16785120037449042,0.390269836645533,0.05821941219124227,0.28600930096099336,0.2009663270249078,0.23111371281722287,-0.000186839498098057,0.3597650374172864,0.11071765674749584,0.30715920828896004,-0.0021922646560409986,0.21275127496216084,0.05379319966154322,0.00218410942554087,0.010299386363315177,0.20841081873656686,0.20632219132398644,0.09952345742040297,-0.002420914593521506
chr11:68312608:68312609:NM_001291902:LRP5,0.181537262232928,0.012981000594724276,0.16371173378428572,0.10488658637070386,0.00021970061830794974,0.033181193734878295,0.06739602545833401,0.009000828881424755,0.0040512267224701234,0.010212004061796363,0.08603585872360106,0.15253228391276302,0.18245741633740525,0.17597484440256148,0.4253646138367533,-0.00021584686882421267,0.11433005268606025,0.011757505432926592,0.009489325227263694,0.076828144301396,0.0902450272968991,0.09143190163274484,0.00025487377592642996,0.004882566588956833,0.005598859214382038,0.07295006442484855,0.08678072972496087,0.00025487377592642996,0.07295006442484855,0.19055256914093355,0.2113704734031709,0.007293428129852349,0.15900214518188965,0.00492797589424198,0.09056026742596612,0.010971883699099141,0.00492797589424198,0.43390172280231676,0.08031190748700037,0.10536612059817194,0.0977469340672746,-0.002597576720264505,0.0036177570098442496,0.12804782547619925,0.22744958555601447,0.5539547641879063,0.00492797589424198,0.07295006442484855,0.02628839273549933,0.16317113101125014,0.22544271545500627,0.005646936654331247,0.1479541578088906,0.008095340692063795,0.7003205125455373,0.00492797589424198,0.09096025297063853,0.0977840750926718,0.10647178075042979,0.005480291219414325,0.1350722624538549,0.00025487377592642996,0.4257393308887818,0.03763802111037575,0.004437686388521295,0.010749567451909456,0.08678072972496087,0.00492797589424198,0.009658367100362428,-0.00021584686882421267,0.019318766301211328,0.10994854190395634,0.00321163847262277,0.11533143021047271,0.008087998501861954,0.10979305161896837,0.10647178075042979,0.07961762700482938,0.090882833891858,0.005691989174989122,0.09306211385333536,0.0033981525303884916,0.0032122858373255306,0.09173562853964604,0.08058299267110594,0.4230155920883405,0.41479176824193453,0.0967511808238352,0.00025487377592642996,0.16480767054888856,0.0618416540755584,-0.0003146483757813512,-0.0019318990624937783,0.005485336440351138,0.5181189928048155,0.15264700104536144,0.12109564688256834,0.0012471950673215645,0.09370641854113165,0.11055127832768974,0.008095340692063795,0.0038730911488581016,0.007909055490016387,0.004331589656749339,0.09807464738822874,0.23130511984863894,0.010094961429307506,-0.0016245006168320517,0.16827569740166162,0.00492797589424198,0.011016407012272023,0.19479447124488655,0.6148795216175444,0.4914580902249247,0.013829388396565116,0.03232972012120638,0.2618587926142961,0.09136034688630072,0.4272255096101862,0.1660579611792239,0.4147568179344522,0.6245061563081027,0.07624880737635348,0.43255475645178837,0.0038730911488581016,0.1705811972785208,0.007079253320165332,0.09778885795842684,0.10361665532981201,0.07246580164395358,0.542333427613882,0.009338483695153048,0.024527517420555645,-0.005746075099921005,0.00395746421535928,0.005598859214382038,0.005598859214382038,0.00021970061830794974,0.2787041702436647,0.005602229370652682,0.05102596670031902,0.00733351738406101,0.021030301625761964,0.001375426882751482,0.08031190748700037,0.038016371879453226,0.00025487377592642996,0.17617093987994203,0.00025487377592642996,0.03428294244640949,0.09314630631982448,0.09136034688630072,0.07962687295306597,0.28073843025012185,0.007548135376839821,0.0799228052726359,-0.0014322233878633801,0.06285942694958563,0.4253987568768792,0.4140810994991496,0.42277208209832723,0.010876645044652994,0.008095340692063795,0.003486779473703773,0.00492797589424198,0.09433372200103982,0.14742078096250738,0.24316219873530423,0.0855668223135523,0.08959691006824068,-0.0010804366037191933,-0.00019345973247458792,3.2181412821657984e-06,0.08681854884824226,0.7377681441328316,0.4230923382047166,-0.003927127627159965,0.42312899256576075,0.06128042047859686,0.5224175425165275,0.00395746421535928,0.009338483695153048,0.7266064193699282,0.08690242954207093,0.006082886359980753,0.00492797589424198,-0.0061377933053873915,0.008551386334864977,0.5512141650709985,0.008095340692063795,0.08486923570075314,0.09403676689913845,0.00021970061830794974,0.00492797589424198,0.45196808430305446,0.08031190748700037,0.008551386334864977,0.019799894901111004,-0.0010120295785209926,0.053590239830748024,0.11650843223317481,0.00492797589424198,0.00025487377592642996,0.14413830046041287,0.1108939584199313,0.09139855055330577,0.004038919798728849,0.09197936606166943,0.41479496104567104,0.16596566842145513,0.5207404148238877,0.5177897077543736,-0.0012389183767190781,0.4226235338392592,0.008095340692063795,0.42270861819393807,0.15314938943367232,0.06285942694958563,0.012283815336401306,0.0555906292491855,0.1269251333068725,-0.0009883509943905688,0.42153291819938016,0.002675687082585261,0.33683347045791967,0.005602229370652682,0.005602229370652682,0.08491941334379792,0.015064144566455356,0.5882766402452724,0.41479176824193453,0.09046071886826197,0.00021970061830794974,0.10159861561886968,0.0051234013149595095,0.00025487377592642996,0.6126825889015881,0.005123377011886428,0.11055127832768974,0.09236291681093614,0.6300435400436015,0.09721976022885317,0.09179761931502656,0.08058299267110594,0.005602229370652682,0.007112386378635892,0.7003908721062801,0.008095340692063795,0.09624569215577569,0.18677735395799144,0.11055127832768974,0.004310599862232575,0.0004276430459273159,0.619609980490003,0.14628189000941308,0.12647568428036804,-0.0026648412392435775,0.09624569215577569,0.00018749370921635616,0.08139230218188237,0.08139230218188237,0.5165082023349246,0.27415549189988636,0.00025487377592642996,0.00492797589424198,0.00025487377592642996,-0.0025386246637744622,0.7356816722756608,0.24162488772301213,0.007252409730146285,0.1097809073215813,0.008095340692063795,0.029504393046056954,-0.0018927533804049927,0.007716549413331726,0.00041520795903475516,0.00492797589424198,0.17208010068918814,0.06395246165879034,0.00025487377592642996,0.5162265621953015,0.04892332079278042,0.4226235338392592,-0.00021584686882421267,0.1108939584199313,0.012010157441818839,0.008087998501861954,0.008095340692063795,0.004084905189302469,0.05775631365538707,0.06683574446200582,0.007941647068057348,0.007267918111470838,0.0572756039093191,0.0729030445288561,0.515792930438799,0.006054209644437043,0.09624569215577569,0.04193701849878113,0.00025487377592642996
chr11:69641104:69641105:NM_053056:CCND1,0.005377101871374301,0.1623287228446414,0.03843526251349205,0.18293830010170592,0.0033964459119550927,0.12063568343929848,0.11088357191426679,0.11254350918515488,0.007140371397121981,0.010988588275442246,0.013496975914500886,0.1748666800250766,0.11250802654973457,0.005377101871374301,0.15958362672529774,0.0019369886310918183,0.36244252071252336,0.06342138588364599,0.0019111367625656572,0.002407896900142037,0.008550983285158686,0.11299754828644809,0.0019059374617437785,0.11807560247873827,0.18891540896309789,0.0024093027104975517,0.30763585292501316,0.2830780828025798,0.0024093027104975517,0.1501264244860257,0.023618330172196056,0.17038670892206448,0.047880008931250884,0.0019059374617437785,0.003833353804373274,0.07265759586368059,0.05776992579339374,0.00947861928308913,0.002034001394860596,0.0019818930907655186,0.18891540896309789,0.2110843358926952,0.005237359281020093,0.11083470041724086,0.016989661357533603,0.053765493923128016,0.03600508179668571,0.1667931143698071,0.004613863343106039,0.0039053644402198273,0.0049587070150654555,0.0019059374617437785,0.16768273899975084,0.05776992579339374,0.055464383187416366,0.05828717100872299,0.31807144044049224,0.08458571512427782,0.16290507922356368,0.06856579016883602,0.0033653668209647214,0.003923704763133362,0.009750622954824928,0.001657107338339514,0.010001643531134197,0.0019059374617437785,0.08989486012645165,0.0019059374617437785,0.014425706265014382,0.003369697759276702,0.0019059374617437785,0.002110876331638145,0.006761032375397269,0.013562773067485212,0.0033653668209647214,0.006715588041238674,0.16290507922356368,0.07497766767262731,0.006772978231358695,0.31862026662892307,0.14053701127020113,0.0019059374617437785,0.0019076364694376458,0.04778804066214759,0.00749662128617562,0.17270415231852138,0.0019059374617437785,0.15029294588812486,0.05776431272978966,0.37561940443976355,0.0095214620614254,0.0019059374617437785,0.030170543505973424,0.0408963356859845,0.009750622954824928,0.1513765059584921,0.2462726617030369,0.20371516403699508,0.005797051959083088,0.03607444006459726,0.05776992579339374,0.0033653668209647214,0.3293615499168013,0.18892151426097964,0.11794480787219352,0.013070361755552595,0.18306668977355628,0.08161771190942585,0.31018621377185757,0.05776992579339374,0.006613139850580263,0.005830477901847153,0.18891540896309789,0.04781699340381951,0.05618330351370565,0.2321859789235325,0.06778030492743509,0.006613139850580263,0.20203898955984406,0.0019059374617437785,0.006613139850580263,0.25563210792182534,0.018443848000627705,0.006613139850580263,0.004059441667953911,0.17191987916670293,0.28303430515618866,0.08456217615200834,0.02218156351389894,0.05776431272978966,0.11538101455819949,0.18895133011722837,0.018212066621722978,0.03600508179668571,-0.021601218046881365,0.19801123021946204,0.19801123021946204,0.008082375695458444,0.10758793212049095,0.006613139850580263,0.05099003564782839,0.12335784291640572,0.054677578190872045,0.012095588982559247,0.03644675685299609,0.0019059374617437785,0.05776431272978966,0.19979853870032527,0.0019059374617437785,0.012696470075056199,0.006715588041238674,0.41937076028421405,0.003504913001091181,0.2031380939121652,0.03517799046773212,0.32752190867859643,0.15443582892344548,0.03405759039262274,0.006742687961426741,0.23630927597190854,0.006613139850580263,0.33224077383299533,0.05776992579339374,0.04291600777096233,0.05776431272978966,0.006361466370544799,0.1571660335400667,0.018729601385147454,0.006636569908904266,0.04097543714345642,0.005377101871374301,0.31303539086853716,0.05821799034716474,0.006613139850580263,0.1579558792425907,0.310280889997697,0.1831694070373162,0.00660773662902131,0.013104862390409922,0.19983131409457833,0.006752893767028201,0.18891540896309789,0.001747309651809692,0.11831560939381003,0.3215693831577246,0.05776431272978966,0.011374771999719535,0.056078814283454625,0.1509416756801289,0.05776431272978966,0.004657910894209583,0.2430629472115347,0.03405759039262274,0.03601036341561625,0.36599954988988154,0.009810531256941757,0.2524896083634179,0.01897608661791067,0.3273922220830181,0.221310350547266,0.008185035229256066,0.05776992579339374,0.15443787897832728,0.15647907339680206,0.011086623202631596,0.042902821714931816,0.008082375695458444,0.018212066621722978,0.0033570175534369806,0.15427407271537974,0.1136598532161135,-0.043430721506264314,0.036873350662901094,0.1599259983407475,0.05776992579339374,0.14257081552710393,0.0019608685396282355,0.03405759039262274,0.2518261575921847,0.1596910638742003,0.038159925431322184,0.009546786799185525,0.014887856929740373,0.1641390693499638,0.016989661357533603,0.006613139850580263,0.24610504221658158,0.006620313901451902,0.0019059374617437785,0.1871875724811884,0.0019059374617437785,0.18891540896309789,0.006613139850580263,0.19678525807568442,-0.014146925561299484,0.11087014462120148,0.03696164562632054,0.03600508179668571,0.05776431272978966,0.09271123951782317,0.20010228519567597,0.4151691730657772,0.006613139850580263,0.0036074719205622108,0.0066223125772783,0.04291051335882179,0.3711343084352826,0.03601036341561625,0.006613139850580263,0.36107496649333304,0.03600508179668571,0.043939020974113285,0.0019059374617437785,0.25176300906971394,0.053036631615874796,0.30549557695253593,0.005798778342073596,0.006613139850580263,0.10341852318036004,0.002045298434445786,0.002045298434445786,0.11626666477492936,0.1127250389691678,0.006613139850580263,0.05776431272978966,0.27693994776293457,0.006681328569288436,0.055111442801413946,0.4531178895735396,0.041529809913693094,0.03600508179668571,0.03937482381606844,0.1542786933327816,0.18891540896309789,0.16418569121449045,0.002072700517989745,0.03601036341561625,0.013134904041717299,0.1542866929184783,0.0018978418599368552,0.1339533994226761,-0.04158705654256439,0.16005022477711134,0.0019059374617437785,0.00635607720490422,0.11258918136763107,0.12802221063677183,0.05776963931819634,0.11099263701912704,0.0019149085749052275,0.013309790639095154,0.0019059374617437785,0.006752893767028201,0.17250477421123522,0.14275359418838957,0.08437006391921009,0.009750622954824928,0.006613139850580263,0.18309818503801784,0.0019059374617437785
chr11:70661840:70661841:NM_133266:SHANK2,0.005537871039382081,0.012656199755768371,0.00564193125497614,0.005537871039382081,0.005537871039382081,0.012719778264013937,0.005537871039382081,0.005537871039382081,0.012656199755768371,0.010006387243459147,0.005537871039382081,0.09394477871585549,0.005537871039382081,0.005537871039382081,0.005537871039382081,0.005537871039382081,0.005537871039382081,0.012774226556107493,0.005537871039382081,0.005537871039382081,0.005537871039382081,0.08181671989767048,0.005537871039382081,0.0027527318723186145,0.005537871039382081,0.005537871039382081,0.005537871039382081,0.005537871039382081,0.005537871039382081,0.0061454315869367004,0.04870205542271622,0.3109005722179009,0.00569287796653728,0.005537871039382081,0.08189199636988354,0.005537871039382081,0.005537871039382081,0.005537871039382081,0.005537871039382081,0.007688964965804956,0.005537871039382081,0.005537871039382081,0.005537871039382081,0.005537871039382081,0.005537871039382081,0.300873786294214,0.005537871039382081,0.005537871039382081,0.0052866658069645744,0.005600322543299341,0.005537871039382081,0.005538455936460407,0.005537871039382081,0.005537871039382081,0.2230083480974412,0.005537871039382081,0.16653370545465596,0.005537871039382081,0.005537871039382081,0.005537871039382081,0.005537871039382081,0.005537871039382081,0.005537871039382081,0.010254487438732807,0.005652789157253979,0.005537871039382081,0.005537871039382081,0.005600322543299341,0.005537871039382081,0.005537871039382081,0.005537871039382081,0.005537871039382081,0.1311948096810882,0.09297616728891167,0.005537871039382081,0.005537871039382081,0.005537871039382081,0.006145623833080371,0.0027560702970758078,0.005537871039382081,0.005564105842082223,0.005537871039382081,0.005538455936460407,0.29637529367968785,0.005537871039382081,0.1317208002664474,0.005537871039382081,0.34349674574963296,0.005537871039382081,0.005379180571274067,0.005564105842082223,0.005537871039382081,0.016619136821765523,0.005537871039382081,0.005537871039382081,0.1362662414173218,0.038756978760782324,0.005538455936460407,0.005537871039382081,0.0074763420850687545,0.005537871039382081,0.005537871039382081,0.006754303239206894,0.005537871039382081,0.5134653164121209,0.005537871039382081,0.005381825182694033,0.005538455936460407,0.004829413271870142,0.005537871039382081,0.005537871039382081,0.005602127767932008,0.005537871039382081,0.005537871039382081,0.002215160121355475,0.005537871039382081,0.005537871039382081,0.005599151463427154,0.005537871039382081,0.007571989614331809,0.005537871039382081,0.2048699520589098,0.005550907066709798,0.005537871039382081,0.005537871039382081,0.005537871039382081,0.005537871039382081,0.005599151463427154,0.008129974060183454,0.005537871039382081,0.3042148643005981,0.005599151463427154,0.008131592817286148,0.006206137274769041,0.005564105842082223,0.0027527318723186145,0.0027527318723186145,0.0027513334996386307,0.6265423261144482,0.005537871039382081,0.002819389530983485,0.005538455936460407,0.005537871039382081,0.005550250694420389,0.005548783308836236,0.005557692207404652,0.00553709025638327,0.00564193125497614,0.005537871039382081,0.01109774258325269,0.005130600021059917,0.005537871039382081,0.0028582772460631345,0.005136240776309919,0.055474274671207136,0.006467522882276366,0.1402682302675673,0.013101882923629904,0.13159468998416834,0.005537871039382081,0.005537871039382081,0.005537871039382081,0.005537871039382081,0.04861840472122325,0.005537871039382081,0.00750951851320758,0.5042672468924096,0.005537871039382081,0.002783041579762391,0.005537871039382081,0.005537871039382081,0.015028771047068235,0.005550250694420389,0.005537871039382081,0.03273058179310373,0.005537871039382081,0.005537871039382081,0.005537871039382081,0.010122131098345366,0.026749219471774333,0.016645781122814673,0.005537871039382081,0.08036091797640899,0.0027524541337263786,0.0027513334996386307,0.005537871039382081,0.13159619440617876,0.005537871039382081,0.03513980420764251,0.005537871039382081,0.005537871039382081,0.0027527318723186145,0.005537871039382081,0.005537871039382081,0.006402968857407543,0.005537871039382081,0.005537871039382081,0.005537871039382081,0.0028179917896432594,0.24426486774875888,0.0074763420850687545,0.005537871039382081,0.014602557539893923,0.005537871039382081,0.004518375653239204,0.005537871039382081,0.0027527318723186145,0.00813854274067094,0.005537871039382081,0.0801710140352836,0.31491953576242115,0.005537871039382081,0.039492938278304135,0.005537871039382081,0.005537871039382081,0.005537871039382081,0.005539966061915758,0.013101882923629904,0.0027513334996386307,0.03704883170945805,0.007504020452475668,0.005537871039382081,0.005537871039382081,0.005537871039382081,0.005537871039382081,0.005537871039382081,0.005537871039382081,0.004197863468279883,0.005537871039382081,0.10080452979831178,0.005537871039382081,0.005537871039382081,0.005537871039382081,0.005539281807556251,0.038766620193540935,0.005539281807556251,0.030650631837540243,0.005539484398562888,0.007477958350984082,0.0057554027517966455,0.293858628536404,0.005537871039382081,0.005537871039382081,0.005537871039382081,0.005537871039382081,0.005537871039382081,0.5586940448369067,0.005537871039382081,0.005537871039382081,0.37718077091484925,0.007477958350984082,0.005537871039382081,0.005537871039382081,0.20556190156526377,0.010254487438732807,0.11870677698114385,0.005537871039382081,0.005537871039382081,0.005977499108555051,0.005564105842082223,0.005564105842082223,0.005537871039382081,0.005541976241237756,0.005537871039382081,0.005537871039382081,0.14197546854898357,0.005541299999136107,0.11974027463851489,0.002755543389312054,0.005537871039382081,0.004718701263102143,0.0027527318723186145,0.005537871039382081,0.1400425551382466,0.005537871039382081,0.005539484398562888,0.005537871039382081,0.03262452099525315,0.16652138159268848,0.005537871039382081,0.448309986313405,0.016566597772909808,0.005537871039382081,0.005537871039382081,0.004518375653239204,0.005537871039382081,0.005537871039382081,0.005537871039382081,0.0027527318723186145,0.007587088895448901,0.013502966682103823,0.005537871039382081,0.005538455936460407,0.005537871039382081,0.07148200302651153,0.0076466059457956925,0.005537871039382081,0.005537871039382081,0.005652789157253979,0.005537871039382081
chr11:71448431:71448432:NM_001360:DHCR7,0.0033846000803424425,0.46968548432567125,0.0026410854257100658,0.00014509172285248617,0.0018606461305791244,0.4798434773227821,0.0018606461305791244,0.00014509172285248617,0.46968548432567125,0.09686710405170923,0.0033846000803424425,0.03280393266482812,0.0016642289234364283,0.0033846000803424425,0.055541206747909855,0.00014509172285248617,0.00014509172285248617,0.7727111195263106,0.012909785138101426,0.00014509172285248617,0.10852394668540438,0.4210149890215049,0.00014509172285248617,0.6111493380551228,0.20219827691076991,0.00014509172285248617,0.09693594775552089,0.00014509172285248617,0.00014509172285248617,0.41983104092522794,0.5203690345315098,0.35195782292754063,0.099886156975176,0.41887153626168183,0.0033846000803424425,0.20219827691076991,0.00014509172285248617,0.3459957405459534,0.057131307836776,0.4250773172812623,0.346084371885141,0.346084371885141,0.003598737823799575,0.00014509172285248617,0.4498191497115338,0.2182381765327699,0.00014509172285248617,0.00014509172285248617,5.22384853735014e-05,0.0018606461305791244,0.5931337586829779,0.09698496448429757,0.10034332331752367,0.00014509172285248617,0.3441312091818839,0.00014509172285248617,0.09463795721051171,0.09693594775552089,0.49618743745557226,0.346084371885141,0.5169550489211705,0.00014509172285248617,0.028390730041913365,0.11317729225129232,0.11205330288241769,0.41887153626168183,0.00014509172285248617,0.41887153626168183,0.028398550264070288,0.057131307836776,0.00014509172285248617,0.0022086857416972194,0.34528060485485834,0.00014509172285248617,0.09693594775552089,0.00014509172285248617,0.49618743745557226,0.00014509172285248617,0.18114365545189776,0.20219827691076991,0.09706110902965082,0.00014509172285248617,0.0971650570233634,0.6163205686766401,0.1094232691130104,0.34641900081003235,0.00014509172285248617,1.1279605252920744,0.00014509172285248617,0.25573859534389287,0.0016642289234364283,0.1094232691130104,0.00014509172285248617,0.09693594775552089,0.00022192755314856538,0.09693594775552089,0.009947741797873472,0.2141868551006502,0.4338411193711498,0.006315653706717939,0.00014509172285248617,0.1729588707610735,0.00257667586442506,0.00014509172285248617,0.3913388672320297,0.424147505585858,0.21113574531610735,0.2141868551006502,0.25573791950911284,0.00014509172285248617,0.00014509172285248617,0.1079159928846091,0.346084371885141,0.0026410854257100658,0.6111485503189701,0.0010561949494114209,0.10329901894697693,0.346084371885141,0.09693594775552089,0.47393190045887235,0.20219827691076991,0.34714902779399254,0.1029603180000851,0.00014509172285248617,0.05892921962670053,0.4498191497115338,0.09790622337951499,0.41887153626168183,0.07983193223778737,0.00014509172285248617,0.21307035995739576,0.346084371885141,0.08097376442231011,0.0010182885136706399,0.346084371885141,0.09739705974143387,0.09739705974143387,0.20231663251146353,0.46701653684516387,0.09693594775552089,0.346084371885141,0.35189179232289036,0.4698528464339779,0.0381939318679331,0.10942986312089353,0.00014509172285248617,0.0037297041840411993,0.35032466627024983,0.00014509172285248617,0.11208175344456708,0.346084371885141,0.00014509172285248617,0.0016642289234364283,0.4719312240657316,0.033701093812031874,0.4201961019560742,0.10252287995426884,0.03817499017666992,0.09693594775552089,0.4210442727720708,0.00014509172285248617,0.21113574531610735,0.00014509172285248617,0.09693594775552089,0.00014509172285248617,0.20219827691076991,0.10049182396403894,0.10329901894697693,0.09693594775552089,0.00014509172285248617,0.00014509172285248617,0.00234482258161553,0.0384469906119444,0.00014509172285248617,0.17305903877369344,0.00014509172285248617,0.0384469906119444,0.346084371885141,0.01398589148975618,0.20600732831649007,0.00014509172285248617,0.09693594775552089,0.66635198869107,0.00014509172285248617,0.14770259173997388,0.00014509172285248617,0.00014509172285248617,0.46968548432567125,0.20845865757573218,0.00014509172285248617,0.10791763885940761,0.00014509172285248617,0.00014509172285248617,0.00014509172285248617,0.16761788867045369,0.1094232691130104,0.346084371885141,0.000636831780418734,0.006448948983155095,0.10250912583786609,0.00014509172285248617,0.00014509172285248617,0.0016642289234364283,0.44448967285910945,0.08208491272016907,0.00014509172285248617,0.09778852059888249,0.08028443041595992,0.11755177584372054,0.6189004438814615,0.2182381765327699,0.4211656554885791,0.0046058382969443035,0.33389442845591444,0.00014509172285248617,0.346084371885141,0.1083148069453013,0.03817499017666992,0.45810624636431607,0.10052723275354385,0.03903737103211649,0.09919088976174038,0.0018606461305791244,0.0018606461305791244,0.4498150531620062,0.09693594775552089,0.20219827691076991,0.08206008170570844,0.00014509172285248617,0.5504642983079222,0.00014509172285248617,0.20219827691076991,0.09693594775552089,0.1668092589698172,0.01196076388536299,0.00014509172285248617,0.20623410855520524,0.004637916506305212,0.00021025679815009357,0.09693594775552089,0.3472896791143929,0.346084371885141,0.346084371885141,0.1094232691130104,0.09693594775552089,0.09693594775552089,0.20867977447297004,0.00014509172285248617,0.346084371885141,0.10355997998305758,0.006388207909502203,0.0016642289234364283,0.00014710153430355644,0.34641900081003235,0.3597013600051747,0.4918635845647671,0.038759575743387537,0.346084371885141,0.2551863934539363,0.09278962928988121,0.09278962928988121,0.0969973932303931,0.1116556859926155,0.09693594775552089,0.00014509172285248617,0.00014610437074652483,0.09786721964288951,0.3832198357365496,0.004994500489845899,0.00014509172285248617,0.04067230038537384,0.0041615332376346015,0.42412869896458216,0.346084371885141,0.1093485152812193,0.0381939318679331,0.00014509172285248617,0.10747013258327234,0.10103167968418261,0.03136929104321598,0.21593653923645476,0.09693594775552089,0.20220462082944696,0.20219827691076991,0.08367641660454087,0.00014509172285248617,0.0989402227745234,0.00014509172285248617,0.09693594775552089,0.05810138407031651,0.111580496837178,0.062214169630611105,0.10800512063730702,0.025983033678113054,0.003236959661839983,0.006480901329511568,0.02837233505353251,0.346084371885141,0.41887153626168183,0.00014509172285248617
chr11:72224837:72224838:NM_001567:INPPL1,0.006479292998423952,0.010650817522860984,-0.0002227914905730266,0.1968156104352572,0.3320651469476136,0.010259225910704328,0.0023828574662335122,-0.0013414737877466831,0.004508649213881499,0.002565516908816373,0.01944360962593772,0.33134149974367527,0.0003151927692918166,0.012839928680381058,0.33152965753783675,-0.0011382014134247442,0.1968156104352572,0.030062906534430667,-0.0025739450829299626,-0.002812395484150354,0.16217040740728825,0.011421603686883941,0.007953145198130174,0.0024502366621573235,0.1968156104352572,-0.0002960567102284206,0.33152965753783675,-0.0030267920167933726,-0.0017174585797653241,0.020146730579495398,0.18071071399510946,0.3318886167378007,0.006845749726664352,-0.004368365012127784,0.04764353933870663,0.6489211670068566,-0.0029883247002568947,0.1396671219403846,-0.0009164046806880155,0.4002422579404492,0.7206605740921502,0.3861003260760192,0.0049848755691469515,-0.0016501272992548444,0.00618899995078151,0.1626156507784042,-0.002921215644419717,-0.0013414737877466831,-0.0006720756281919649,0.3355642938596446,0.0013306800561336818,-0.0029883247002568947,0.01944360962593772,-0.0004723204357620636,0.40243128230527153,-0.0003990640720538119,0.3658564452883768,0.1396671219403846,-0.0015699322600604415,1.134550743917655,0.010545196159323478,-0.0028542841043713296,-0.0029883247002568947,0.38556862912398604,-0.0014889197391722564,-0.0016183245707984684,0.1968156104352572,-0.004489028506308557,-0.0029883247002568947,-0.0029823387667097523,-0.002949627127673049,0.010477986926318017,0.234717832407114,0.33154429572480065,0.33181132297625826,0.3264955810930931,0.3335158419720897,-0.0009042754213595683,0.02131006648585465,-0.0029883247002568947,0.7206605740921502,-0.002949627127673049,0.3351298437440415,0.3429299813911947,-0.0007164497961737737,0.3398966454196727,0.1396671219403846,0.21387176972074723,-0.0029883247002568947,0.8017422599014518,0.016493890802645184,-0.0029883247002568947,0.33152965753783675,-0.0018077051942683164,-0.0029865391771798644,0.2002788349382721,0.3406754232413831,0.6714331317066127,-0.002380147841419461,-0.0016748098390093058,-0.0004723204357620636,0.0023888775001029983,1.2009652861438846e-05,-0.0004335577879605035,0.5520182614995093,0.0157553675167455,-0.00032196194995107175,0.1999275491161565,0.18012223205256903,-0.002921215644419717,-0.0027886153301680816,0.018256384090682504,0.1968156104352572,-0.0029883247002568947,0.19921126530438327,-0.002008341416662146,0.3426297004573574,0.23908054462058553,0.3393364581411412,0.3301763945115741,0.1968156104352572,0.7200309183424132,0.015901633748238664,0.1396671219403846,0.0023888775001029983,0.01588180299852951,-0.0004050638176186505,-0.0029883247002568947,0.17381489578986623,-0.0004723204357620636,0.16335586339863659,0.33152965753783675,0.17702658305623467,-0.0029883247002568947,0.6484123478496869,0.21188646156747898,0.21188646156747898,-0.0015925347272604529,0.28589875995333025,-0.0029883247002568947,0.0629604091076447,0.004589412586141733,0.1950435194207909,-0.0020963378987888526,-0.0007164497961737737,-0.002654550515506615,-0.0004050638176186505,0.023184871665368145,-0.0017174585797653241,0.051251672220030575,0.1968156104352572,0.33152965753783675,-0.0003990640720538119,0.024346943800074378,0.07302856034117369,-0.002008341416662146,0.3477372321230689,-0.0029883247002568947,0.1968156104352572,0.6526402729348815,0.1968156104352572,0.3351298437440415,-0.0029883247002568947,0.3430094974120943,-0.0029883247002568947,0.6906614223056526,0.6806188018961676,0.20132687517281084,0.6668323241924987,0.2418160448244086,0.0012225427819493873,0.3422949065685734,0.16240796184421558,-0.0029883247002568947,0.005408430316104135,0.33152965753783675,-0.002097284295038082,0.1396671219403846,0.030401402099264035,0.3326446416841694,0.33152965753783675,0.33152965753783675,0.35788671476253686,0.00925725779690953,-0.002921215644419717,-0.0004723204357620636,-0.0004723204357620636,0.2106845018177398,0.32496488662895623,-0.0004723204357620636,0.002543762733995175,0.33152965753783675,-0.0029883247002568947,-0.0029883247002568947,0.641124400210977,-0.0007164497961737737,0.23888174480178453,0.37838075384019804,0.006569140532503043,0.37418050077235027,-0.004062034211474719,-0.0029883247002568947,-0.0029883247002568947,-0.001919724204667267,-0.0007748593739410614,0.7133843593699902,-0.00295969227449433,0.1740513463946237,0.16097856374100344,0.3422671889350781,0.16274038370711924,-0.0029176372333613865,0.004424110087854677,0.5494773034772703,-0.0004723204357620636,0.6484123478496869,0.005079235921443298,-0.0029883247002568947,0.23765604635430798,0.3694624358596807,0.3313862338643778,0.0014487260693531456,-5.1183584569902685e-05,0.6532783000122044,0.006473605698182949,-0.0029883247002568947,0.03281259840455383,-0.0008781964807711151,-0.002812395484150354,0.48873753561011596,-0.0029883247002568947,0.008442358838747138,-0.0029883247002568947,0.3980650377318008,0.330471886966515,-0.0015413735980081278,0.7245277273698838,-0.0004723204357620636,1.1169636307983843e-05,1.2423924264878856,0.7206605740921502,0.3316156340557158,0.7210945873894286,-0.0007164497961737737,0.33152965753783675,0.3393364581411412,0.42045233628368217,-0.0029883247002568947,0.38600916138684865,0.40742623881403695,0.330471886966515,0.18141174658883627,-0.0029273754115839157,1.225238087857782,0.33112038790136333,0.4283159845811347,0.010807666031945523,0.38600916138684865,0.6540972789893332,0.0028155305278727005,0.0028155305278727005,-0.002921215644419717,0.3511308421625009,-0.0029883247002568947,-0.0029883247002568947,0.33953110404095876,-0.002975538174297382,0.326062534859979,0.5716668101555669,0.17588194112631286,0.005188042001129073,0.005161860359235604,-0.0029055681725463356,0.33152965753783675,0.38217109366569346,-0.0020709299599127318,-0.0029883247002568947,0.3556714928311894,0.35622894319175,0.004726209454307628,0.16269485490362579,0.2352903037638253,0.3264124247997389,0.33152965753783675,0.19925826682615583,0.009899183969747233,0.0049848755691469515,-0.0004723204357620636,0.33152965753783675,0.3887663686862401,0.016493890802645184,0.1996942672053139,0.1968156104352572,-0.0004723204357620636,0.04327792503242886,0.06082937898887744,-0.0021015067476452265,0.23888174480178453,0.6484123478496869,-0.0017174585797653241
chr11:86069097:86069098:NM_001206946:PICALM,-0.049265912848086735,0.1004161540057949,-0.19646809933048376,-0.008084926354737343,-0.11501925645835087,0.3045887863732099,0.005584562745834465,-0.19934267456339821,0.09517961249365048,0.0464394436297732,-0.16542110035663207,0.3788858727289226,-0.18743458417485792,-0.04806786534768598,0.3291920465264112,-0.19934267456339821,0.5782963423014675,-0.0386564725249971,0.038016605132216774,-0.008084926354737343,0.19846281276391614,-0.10229825078942745,0.004368906509939652,-0.19022006165055716,0.3291920465264112,-0.1652696609923424,0.3291920465264112,-0.20162790438837327,-0.00807486462524587,-0.19668000791550871,0.1225044940732879,-0.17400411086113207,-0.15152893088383998,0.011878111361669719,-0.10192792838561451,-0.19935132887399099,-0.008084926354737343,0.3291920465264112,-0.13000757582979033,-0.19535287017103958,-0.2008422538014539,-0.2008422538014539,-0.16447747385617356,-0.1160993578652536,-0.08593906704098372,0.345913132040974,-0.008084926354737343,-0.2027222347924556,0.37372110428704197,-0.1960610943743775,0.03940401603558091,0.3291920465264112,-0.16543270944508376,-0.008084926354737343,0.09760910211305818,-0.008084926354737343,-0.2008422538014539,-0.008084926354737343,-0.1322789676047218,-0.2008422538014539,0.039747717900613766,0.03731399446711525,-0.2008422538014539,0.20560761510429065,-0.03615474325257566,0.3292199952545741,-0.008084926354737343,0.014042367926115962,-0.20085707398181352,-0.16001635615725962,0.37372110428704197,-0.18797273571426398,-0.008084926354737343,-0.2006802910022173,-0.1916660444256306,-0.10772817815458999,-0.1322789676047218,-0.12202946152890357,-0.1958293889252265,0.3291920465264112,0.09752197361998993,0.13426532864943308,0.3291920465264112,0.09767386652638135,-0.13000757582979033,-0.2008422538014539,-0.008084926354737343,0.24881943697648895,-0.008084926354737343,-0.20062534463209367,0.0312879615259265,0.19846816469339745,-0.2008422538014539,0.3291920465264112,-0.2008422538014539,-0.20083385834124892,-0.19501778754880492,-0.18366343563099904,-0.005450932036245082,-0.007177349933115307,-0.0031729748186579143,-0.2008278805916413,-0.2008278805916413,0.3291920465264112,0.09748598912829928,-0.08215988745050462,-0.19755115945370597,-0.1891078686759311,-0.20062534463209367,-0.008084926354737343,-0.13004890505787797,-0.0059444119237961335,0.09748598912829928,0.1321429437905126,0.32922259826340394,-0.2008422538014539,-0.04332658532390425,-0.20072508672882644,0.09748598912829928,0.2873625535821751,0.3291920465264112,0.09748598912829928,-0.13870656190289857,-0.008084926354737343,-0.16001635615725962,-0.08925472863100095,-0.008084926354737343,-0.008084926354737343,0.06355458681794585,-0.008084926354737343,0.34947487355524365,0.09748598912829928,0.044000503747390785,-0.008060825000739735,-0.2008422538014539,0.09748598912829928,0.09748598912829928,0.09808948144970894,-0.19448512473210353,-0.008084926354737343,-0.13004890505787797,-0.20260933646777493,0.33319168416622,0.0034048864757964536,-0.1304911625991055,0.037388509283779736,-0.008084926354737343,-0.1991383400362556,-0.008084926354737343,0.12367659616209531,-0.2008422538014539,0.3291920465264112,0.04665864855939206,-0.19558536381158914,-0.22651507272441262,-0.2008422538014539,-0.2008422538014539,-0.008085468878122948,0.3291920465264112,-0.008070151923356528,-0.008084926354737343,-0.2008422538014539,-0.00807486462524587,-0.2008422538014539,-0.008084926354737343,-0.2008422538014539,-0.20049771804958907,-0.027855901827337215,-0.2008422538014539,-0.008084926354737343,-0.09302660481274189,0.012649062932139632,0.0020352738822317917,-0.008084926354737343,0.0452584479372517,0.09748598912829928,0.017520246432554232,0.3291920465264112,0.09405496652418298,0.09745719934835134,-0.2008422538014539,0.09748598912829928,-0.16754179066357372,-0.13049520425468394,0.3347819085949172,-0.008084926354737343,-0.008084926354737343,0.33036499092046545,0.009591297076418426,-0.008084926354737343,-0.00617134054546048,-0.008084926354737343,-0.008084926354737343,-0.008084926354737343,-0.19980607189950803,0.2661234668055349,-0.20083385834124892,0.09260522930294379,0.04666928090098377,-0.2008422538014539,-0.09840307620929858,-0.008084926354737343,-0.2008422538014539,-0.13228450324950683,0.06449735615804902,0.3291920465264112,0.10358531395198792,0.04682326738788517,0.3292760995963155,-0.19011483209540567,0.06806840085202606,-0.20083385834124892,-0.20275518047907487,0.3291920465264112,-0.0031729748186579143,-0.2008358151451045,-0.006159958574710911,-0.008085468878122948,0.35105029171136837,0.09748598912829928,0.1449602108181982,0.015452235329332709,-0.09467070924076051,-0.19904955429972054,-0.08923395792167342,0.3291920465264112,-0.007945150006999246,0.05919692103679888,0.013489586943882914,0.05436804449187674,-0.008084926354737343,-0.20083385834124892,0.09748598912829928,0.09747602873961525,-0.0037313462773276296,-0.2027368173115322,0.08962817190024136,0.0006167663846996518,-0.00723323339674925,-0.008084926354737343,-0.2008422538014539,-0.2008422538014539,0.3291920465264112,-0.08161528871050025,0.3291920465264112,-0.2008422538014539,0.09734222334442963,-0.008084926354737343,0.3293655843311147,0.09712429179457124,0.0002858042503485203,-0.008060464657737298,-0.002193960032101705,-0.2008422538014539,-0.10762802695277005,0.054366841894891216,-0.1837306532965508,-0.20084856770984064,-0.1922178980133763,-0.20263392438707195,-0.20263392438707195,-0.2008422538014539,-0.2252296486562306,-0.008084926354737343,-0.008084926354737343,-0.2008422538014539,-0.2008422538014539,0.3291920465264112,-0.1628492717082855,0.34179768414945894,0.0560061139525187,0.010573800851135073,0.04748464465022406,-0.2008422538014539,-0.1962844994234476,0.09350963587304012,-0.0031729748186579143,0.09649624160813457,-0.2008422538014539,0.005560215965491444,0.10288694608592314,-0.12644250662504303,0.34172632500229183,-0.008084926354737343,0.05207868418248168,-0.19694728767321368,-0.16543270944508376,-0.008076031988546561,-0.2008278805916413,-0.20073281790077374,-0.15612562497500768,-0.008084926354737343,-0.2008422538014539,-0.005459836725393796,0.33135998575225545,-0.10662744682715136,0.09218948226024588,0.3291920465264112,-0.2008422538014539,-0.007932661053940526
chr11:111602390:111602391:NM_015191:SIK2,0.0913309512698538,0.10061532398540621,0.013684423817124092,0.341186643629966,0.02437187332299051,0.10071851721335726,0.34209468531031373,-0.03560860600702884,-0.08518689833613091,0.0454939819357843,0.035220054881961615,0.026392599111251636,0.06840828430142906,0.09428434482767331,0.3411886024223272,-0.03575972459430038,0.9995671866009326,0.11797941551635385,0.020483681787065666,0.013351889174066572,0.001518577103732932,0.15588414705935508,0.1267487927914517,-0.09367076685643513,0.9977954242689837,0.013684423817124092,0.33974583627019367,0.13138962423313236,0.013684423817124092,0.12178797679339723,0.4253492449705534,0.46439696059054014,0.04594021075533555,-0.04228920365581573,0.15910969354419588,0.2739558208772589,-0.0002038660815524007,0.265483249637555,0.17884888011460065,0.13533193962602386,0.33974583627019367,0.3419154086250392,0.016820613532778028,0.06156473580423649,0.29740985446165413,0.03148884299226423,-0.0002038660815524007,0.057523595161444646,-0.0006889976002077969,0.014175827894952892,0.06655092230563192,0.340484423585282,0.035220054881961615,0.013684423817124092,1.0004542339172398,0.013190265172566107,0.3513955393777145,0.9986981241605222,-0.04777318170483105,0.34192803600130345,0.06677722070136347,0.35709512250575726,0.04285553126556488,0.14332812883645557,0.46761760752256154,-0.0006923181420450397,-0.00021052251661735077,-0.08702230416060538,0.045507751350140596,0.04278741248968154,-0.0006923181420450397,0.0013734244192263323,0.3404863800010114,0.004532669109973048,0.05790059784483709,0.05744328095140913,-0.04777318170483105,0.026592595036542682,0.9977954242689837,0.341186643629966,0.3404863800010114,0.006865884033565112,0.33974778904256775,0.34112269696554304,0.058194339993212746,0.3404863800010114,-0.0006923181420450397,0.5485152777377976,-0.0006923181420450397,1.0211157159167688,0.33983335871838466,0.05822717125233107,0.340484423585282,0.33974583627019367,0.0019293751853749763,0.9986834513315284,-0.0006923181420450397,0.362498034769802,-1.9912276620653868e-05,-0.0006923181420450397,0.013684423817124092,0.04278741248968154,0.00024027594958897502,0.0004246566525100137,0.34192803600130345,0.11912874786369462,0.3724642699788075,0.3630175539355635,1.0211157159167688,-0.0006923181420450397,0.3425649091560153,0.0012534207575977951,0.33974583627019367,0.265483249637555,0.33974583627019367,0.00203894522269063,0.6018578588663033,0.3404863800010114,0.3405125103710167,1.0208856801520476,0.33974583627019367,0.34049721740194827,0.11581330954853605,0.33974583627019367,0.04278741248968154,0.28494874054442154,-0.0006923181420450397,0.34119748663387667,0.47281110731120124,0.013684423817124092,0.4512473718098839,0.33974583627019367,0.05197721753484444,-0.0013971440206282382,0.3419260735571581,0.08121222797949865,0.08121222797949865,0.3412244360444649,0.33502556811904943,0.340484423585282,0.3500126064167219,0.3610089555517131,0.33974583627019367,0.0803969964057801,0.1792632191208024,0.04996989283101849,-0.0006923181420450397,0.40566670840333546,-0.0005323688490164458,0.38810502779777345,0.33974778904256775,0.340484423585282,0.4022977033988699,0.02825766100994298,0.0650942291155504,-0.0005490695742013108,-0.0006923181420450397,0.0056233950135362865,0.3404863800010114,-0.0006923181420450397,0.33974583627019367,0.37150468335168724,0.013190265172566107,0.33974583627019367,-0.0006923181420450397,0.33974583627019367,1.0559691507929447,0.512568554155036,0.3404863800010114,0.02730777258129516,0.4724715498624025,0.07684984524463914,0.0683304703654064,-0.00021052251661735077,0.2987959331657184,0.340484423585282,0.07017577648187001,0.33974583627019367,0.04176764315776024,0.33974583627019367,0.3404863800010114,0.340484423585282,0.3431177499343204,0.08375646269861978,0.33974583627019367,-0.0006923181420450397,0.3411886024223272,0.3397641664221087,0.46085421775220026,-0.0006923181420450397,0.004887973666597045,0.33502556811904943,0.33974583627019367,-0.0002038660815524007,-0.0006923181420450397,0.060549558616476595,0.33642247646515144,-0.0005359220836616274,0.5880846677996338,0.35001040357693514,0.44430687357228504,-0.0002038660815524007,0.33974583627019367,0.21722451158267772,0.0173157697820229,0.340484423585282,0.37656870033395023,0.11994482945343243,0.015823469244307387,0.45439418980325785,0.3763644349265388,0.43097365133079424,0.012533740329304793,0.3422207485476594,0.013684423817124092,0.340484423585282,0.004887973666597045,0.0056233950135362865,1.0003253903549123,0.35001040357693514,0.16275458606064092,0.0013734244192263323,0.3721681158485443,0.036128355476372276,0.20203881839172905,0.33974583627019367,0.013190265172566107,0.01664302583866925,-8.783839052481368e-05,0.01381809784909177,0.33974583627019367,0.33974583627019367,0.341186643629966,0.3419260735571581,0.010104021019658682,0.023652720098044366,0.3687495005474941,0.33974583627019367,-0.0006923181420450397,0.3404863800010114,0.33974583627019367,0.340484423585282,0.33974583627019367,0.05856472694073228,0.341186643629966,0.3405125103710167,0.3404451797505299,-0.0002038660815524007,0.9977954242689837,0.35770562581165843,0.022454417410940314,0.0077528938816948945,-0.0006868432849743977,0.3404952609387033,0.9977954242689837,-0.0005590849724452229,0.046777082509408624,0.33974583627019367,1.0049453960757975,-0.0006923181420450397,-0.0006923181420450397,0.04285553126556488,0.37416556498297654,0.33974583627019367,-0.0006923181420450397,0.013946011401391789,0.340484423585282,0.341938884885481,0.48572456751297055,0.34182718032441634,-0.0013971440206282382,0.024426868938117186,0.0012382019597133587,0.3404863800010114,0.000414184986913535,0.07872828146033037,-0.0006923181420450397,0.32352623701759514,0.35001040357693514,0.0382353632715125,0.3803802825513217,0.3613700865694025,0.3442246993034839,0.33974583627019367,0.01664302583866925,0.36084790473746664,0.341186643629966,-0.0005323688490164458,-0.07937395802412889,-0.0006923181420450397,-4.1210810743541604e-05,0.005429154605389924,0.3577011976998305,0.003301007157186231,0.004097811950861063,0.013212664830307363,-0.0006268473746961212,0.33974583627019367,-0.0006268473746961212,-0.0006923181420450397
chr11:111927143:111927144:NM_001278542:DIXDC1,0.05462469061059946,0.2591941781441882,1.693613484987644e-05,0.030367826467117665,0.13317835169368608,0.4346108648511019,0.07461759400484722,0.12270961902196201,0.2325276130605286,0.1263284882709618,0.2813248811225984,0.05522014454750537,0.07460113613652158,0.16078568067385404,0.13349425012580407,-0.0006256738948944851,0.13270204334370816,0.42016625727637263,0.06751381046830957,-0.0007855910382075226,0.07030601989869714,0.16069259386856427,-0.0007855910382075226,5.346505915168609e-05,0.12848277674550895,0.0007983398840073208,0.12550650388879572,-0.0007855910382075226,-0.0007855910382075226,-0.0001783377041593981,0.475838858541316,0.28177842071808235,2.9784672369692622e-05,0.12828245167114066,0.25242115888042005,0.13788833182376095,-0.0007899379655616212,0.0730169700270478,0.04367188040570129,0.13343181265712922,0.32764972026508854,-0.03309739741619804,0.14781213046678826,0.058157041198382955,0.19729186933876908,0.2672200055303181,0.07360547372674138,2.0356089902112684e-05,0.0009067424003879887,0.016953422483721947,0.36744726530897487,0.2058812166479391,0.28135024294731653,0.07004364368491314,0.22380216694721378,-0.0007848592787652597,0.18290218821560314,0.1304839776408143,0.20282219163345555,-0.08556802474305875,0.16876767666568881,0.1802065555567825,0.0008036936022276231,0.21656790041182117,0.05286843951854149,0.1767018316678426,-0.0007855910382075226,0.14967763311532628,0.05863820860420543,0.029138332962645425,0.0015623050460681909,-4.291397718986234e-06,0.2398675209450084,0.03011299166844647,0.007866119302297178,0.021380287276992094,0.20282219163345555,-5.5939157429518716e-06,0.013441053812604228,0.0006783867255887588,0.13344796306546902,0.05408627490490102,0.1363304734863286,0.06758139971761956,0.055492003288824976,0.06408532806749899,-0.0007632827129576691,0.38121851241625526,-0.0007855910382075226,0.012773567589394352,0.05368203864291843,0.043546801987911304,0.13260297129304816,-0.083456675444976,0.001997122468292367,0.16901121886516451,0.08748208212125265,0.1462732253007611,0.0021798006896145694,-0.0006384177420960813,0.07376664734126337,0.04307735275697022,0.36318992827056484,-0.07516305820231664,0.2472034697149094,0.2767527405432999,0.07802745018086757,0.31829186452386077,0.05120733284557294,0.07376664734126337,0.2505282459374535,0.07078023759843904,0.32764972026508854,0.13664092367111122,0.3240066083128847,0.16597243963471467,0.06765388291663006,0.21230980489708384,0.07406164502838546,0.23824524420709206,0.13349425012580407,0.06496191013718067,0.1263232523288773,0.13127317271851674,0.04339868625571372,0.35130768879485336,-0.0007855910382075226,0.1334585447026376,0.09983330035412119,-0.0007855910382075226,0.19793987512721678,0.056933005215668964,0.19731586514160832,0.0584978212814503,-0.08429170667903504,-0.024731803179753396,-0.024731803179753396,0.24505752381884632,0.051098383283259455,0.0032509632608457295,-0.06373291084001015,0.16985051419517772,0.33939564198059735,0.12809250547668774,0.04660425156518189,-0.0007848592787652597,-0.0007855910382075226,0.06092268535139227,-0.0007855910382075226,0.11084686088525908,0.13349425012580407,0.1363304734863286,0.1006231678752454,0.05803057018111332,0.13318138554067302,0.30499371033054967,-0.028470811263526567,0.0024812233701924646,0.32488389396392825,-5.5939157429518716e-06,0.12814251217672049,0.23430194135963506,0.07458695488801972,0.0567751148522756,-0.0006384177420960813,0.02354853720730063,0.381768193094875,0.12675765471119207,0.2777881002787801,0.054694479135647345,0.003079445095510197,0.11924012002818726,0.12994274366712003,0.1363304734863286,0.19340586995738762,0.23950864713555653,0.1267361973816689,0.12848277674550895,0.13878803169508527,0.15073600883797866,0.07238460745781775,0.21230980489708384,0.15667217531156064,0.11673302339944158,0.13665053534805327,-0.0007899379655616212,0.14100111391504275,0.34020026387844227,0.2985096125884171,-0.0007855910382075226,-0.0007855910382075226,0.12843782667220977,-5.5939157429518716e-06,-0.0007855910382075226,0.0024589016045464818,0.013441354700727659,0.2058812166479391,0.05372869481534036,0.014039111954159425,-0.011779266682483434,0.225074533644996,-0.0007855910382075226,0.0028062549352025346,0.20755594514875164,0.13209852123708538,0.13626234484213792,0.2364095167912234,0.0219426452541385,0.11739168770452904,0.06168307883494571,0.2652753351241216,0.03726744370483906,0.058498344492414825,0.22868519150778788,0.07376561136117489,0.12843782667220977,0.07026539576561991,0.0024812233701924646,0.0909749942367729,0.005032013393401109,0.2262606351799143,1.7648869994724148e-05,5.160198654183268e-05,0.056960495328856234,0.3048245490089565,1.693613484987644e-05,-0.0007632827129576691,0.150938987701924,-0.0007632827129576691,0.19020304268769922,-0.0007855910382075226,0.05693332901455392,0.003257325423289631,0.003431544684555171,0.1486640337484847,-0.0007855910382075226,0.05701797507369512,0.1228299470513086,-0.0008046994689382969,0.13627085865693728,0.06438487056562477,0.2793329740191387,0.2058812166479391,0.04512312997444409,0.05707073506578508,1.693613484987644e-05,0.24311000628749027,0.07376664734126337,0.2058812166479391,0.2637083559518857,-0.001231070702525039,0.13094896277739698,0.03483860826563079,0.061339568262457664,0.22958464926147876,0.25070823999230135,-0.0007721174778111684,0.2058812166479391,0.1058453248693263,-0.0007072774097713896,-0.0007072774097713896,0.11000827391384438,0.2370207284107557,0.0006846943468070132,-0.0007855910382075226,0.06141159681394369,0.08875773186550814,0.3596883196528239,0.2179785413436994,0.2744889485967634,-0.00030328651306157917,0.07463684068441473,0.0020135942273833696,0.2786763010096041,0.12667793480262352,0.127325513126592,-0.0007855910382075226,0.23822097564257594,-0.013908109639663215,0.021142926748134616,0.21946971814250854,0.3136899923945475,0.05923529554760763,0.0006783867255887588,0.13229080582119385,1.693613484987644e-05,0.07512475272917703,0.07360547372674138,-0.0007702280185909183,0.05284816023415957,0.33570765221060983,0.026786924931013964,-0.06321341280337152,0.06130651772971153,0.06104996507389111,0.0742494733854193,0.03627679899853037,0.2058812166479391,0.05702084406471651,0.0006330644977078081
chr11:117098415:117098416:NM_001281748:SIK3,0.025970610876772188,0.6039637739467215,0.1331754959406458,0.3248736777315159,0.010691517735991696,0.15758401720513296,0.014305757657801399,0.05362666661058241,0.5893321056489628,0.13124190262943577,0.45378567127560127,0.2069833913360673,0.3228740708508641,0.13481846344296877,0.1327096963004274,0.06697069724067439,0.9567616755367725,0.13473233520227307,0.062368067426180895,0.13316643693297578,0.014824876527068154,0.017710312994156208,0.014278156699246758,0.007093119239511225,0.23433927560918988,0.1340031130054007,0.1327096963004274,0.010691517735991696,0.01949189538621726,0.4745122427024047,0.14827218065927292,0.13213660919666448,0.13827683314449968,0.09707975922091716,0.025957952238061466,0.13199890456323216,0.010691517735991696,0.23316811425893863,0.2039160892310416,0.477022222299592,0.13263232581451537,0.010357464728243171,0.7272944633974219,0.01538872094827487,0.7330240387794777,0.02220997360480545,0.014110540768445867,0.0245628216548211,0.04134420260360713,0.1319923382689407,0.08966824603898119,0.13263232581451537,0.724377612322958,0.0106863481547822,0.13256826545246614,0.0106863481547822,0.14012236554231283,0.12928623852063031,0.4497496874937491,0.23430319502432845,0.0768800388623295,0.05875974551449384,0.003993167692511179,0.16171464502101396,0.09413379129121627,0.13637079984850092,0.006934195801991422,0.21673205121944744,0.0033468378215900374,0.021065721195281967,0.008898673282530661,0.07203251790457127,0.6651713666006882,0.003960965946970235,0.010719035662764831,0.3112752097179313,0.4497496874937491,0.047618378404692435,0.17368204597450815,0.23433927560918988,0.1323889244304966,0.018526019646882663,0.6653944100049044,0.13729153604573943,0.027490741247130357,0.132454979240766,0.23312208239570167,0.4473610978095664,0.010691517735991696,0.12923491091494255,0.014038149158839552,0.03234896883146418,0.006963154807695798,0.1327096963004274,0.0062817359663201455,0.17368204597450815,0.12209405503056156,0.1212677036054576,0.00929551310224963,0.22651213325980882,0.0106863481547822,0.02039877732685519,0.48001577849650434,0.005446941044381232,0.13239886050059652,0.7433028375074977,0.10972879719898876,0.1205189596556647,0.004022633792975461,0.010691517735991696,0.13264416938178547,0.034337450805596664,0.6651713666006882,0.23425736680655462,0.6653944100049044,0.47714526891372167,0.025626845985973756,0.13263232581451537,0.13266866504099287,0.1913051828808663,0.6651713666006882,0.132454979240766,0.14217685153044501,0.23312208239570167,0.020370730935610204,0.5084540334832753,0.003960965946970235,0.004023197689602603,0.02325175238039126,0.014115660256024537,0.027748480611336557,0.13264416938178547,0.10712808366341267,0.11497892487499117,0.006962820319308366,0.6399819835643676,0.6399819835643676,0.6697716846516497,0.09296395310036301,0.1289484624880226,0.12262904656110878,0.1369681146523586,0.2343125628521241,0.12056944020838248,0.09257270724592506,0.01059790209167319,0.01059790209167319,0.129787847953261,0.01059790209167319,0.18787347334468882,0.1327096963004274,0.13264416938178547,0.018034347976118664,0.08039271559744904,0.06548803128621322,0.023976300755218977,0.009428150350286768,0.003960965946970235,0.6657688742704497,0.2343854456934782,0.1327096963004274,0.0214652788696974,0.0225752052541979,0.006963154807695798,0.01059790209167319,0.006963154807695798,0.32921034388518483,0.028836592641994147,0.13263232581451537,0.017216566554202922,0.013603872581416904,0.04320219865780478,0.09973729413372087,0.004023197689602603,0.01348324371899437,0.006963154807695798,0.08564538912811559,0.23433927560918988,0.17876358575021775,0.14411824457963668,0.13264416938178547,0.13263232581451537,0.12630113627633208,0.07201385315967035,0.6837718506158327,0.0106863481547822,0.13265693133000545,0.6651713666006882,0.01853870010171982,0.010691517735991696,0.03437839503884438,0.12872414891654194,0.003989888770419697,0.010691517735991696,0.14412635060180173,0.09198008318589482,0.006970235051577206,0.17705773603007988,0.12378317839525846,0.011816120643611566,0.11810211289468281,0.0106863481547822,0.003960965946970235,0.4446349768736792,0.4258370812564607,0.12920929752585972,0.13900132763060874,0.10784976285271233,0.009205016561135676,0.760077790878874,0.026554496560874052,0.006342713301968228,0.21904608791679891,0.13273431467662775,0.0106863481547822,0.1323927247598992,0.07347422513376536,0.003960965946970235,0.43901096028434694,0.13726464428955992,0.10709962968543957,0.18544647099872813,0.12871957297043146,0.013653539570171541,0.49436771797251733,0.13263232581451537,0.013532262464211214,0.4257281794176695,0.010661300373488697,0.00593467719385532,0.003960965946970235,0.13264416938178547,0.006934195801991422,0.14210709274014793,0.10489294998510254,0.003960965946970235,0.349862267069941,0.015484425920952727,0.10491530307683014,0.0069966416742907045,0.1327215429517463,0.13612789487660462,0.13264416938178547,0.09242020152545272,0.13263232581451537,0.13264416938178547,0.13264710899126453,0.010691517735991696,0.13264416938178547,0.690334107878251,0.1049508341834921,0.24651380808735143,0.019139113793508383,0.13237749035905122,0.133448547299441,0.006414500861087802,0.07199838563067343,0.13264416938178547,0.6675828549667355,0.0755252919332722,0.0755252919332722,0.004026548216182341,0.0819381704896554,0.010328308388494023,0.01059790209167319,0.011187019218801969,0.14537133235723335,0.13239199072132735,0.22879154896953993,0.2501491418778326,0.11575720796350197,0.023967065855891617,0.01617123726270303,0.13264416938178547,0.007350299595417081,0.09241981892688023,0.013626001890770317,0.1635686434211332,0.010593417632174251,0.07032869152261981,0.02207363908376217,0.16972182401598584,0.1332836069770078,0.003960965946970235,0.42574527271861967,0.027974200142408312,0.14509430712333182,0.0106863481547822,0.0032862001972851773,0.13714204137473585,0.022360404387361643,0.007135575537714989,0.13264416938178547,0.12867859932751669,0.015043452954739772,0.10460632631392827,0.004024360335911942,0.13268008462669487,0.004366048644935117,0.004659219716293905
chr11:118359580:118359581:NM_004788:UBE4A,-0.0006115687584014318,0.5143731189328627,0.48882278228995224,0.484241931489366,-0.0006279089063095378,0.5995406978568003,0.5137058273500693,0.015017553920261328,0.5129687064475186,0.5701805679917272,0.01938017368729425,-0.0004405683551802486,-0.00048730193859561344,0.48836788961728617,0.012560846411470178,0.5098059913336376,0.484241931489366,0.662815072039647,0.01861130693796853,2.6513312926634836e-05,0.0008266687915990945,0.5186296818230224,-0.002905837558865032,-0.0006347484360819944,0.5172645343216208,4.286382932791599e-05,-0.0031523148957361413,-0.0028293861327327863,2.6513312926634836e-05,0.0013648202850644886,0.03720105885998243,0.536653804505681,0.48882278228995224,0.01179493624123279,0.5188994974541862,0.5211537423104253,-0.0033666513400018583,0.5172645343216208,0.06815765581586361,0.0009746320752213877,0.5177921590463425,0.4963470248424082,0.48791129033631175,0.49187140997508594,0.5220882050688235,0.5207321130113961,-0.0033666513400018583,0.48451137193536453,-0.002726243702697806,-0.003199683344063897,-0.0033666513400018583,0.4838309936364522,0.08061999386584451,-0.0006510883225204489,0.020912277801093643,-0.0006347484360819944,0.535506914522397,-0.0031438507131721083,0.012536379308783069,0.004505569890789735,-0.0032902280561653285,-0.0033666513400018583,0.08747364683025968,0.5657125190979927,0.48808648154712875,0.012560846411470178,-0.0031523148957361413,0.011963199604014568,0.08747586358327158,-0.00048666974364666715,-0.0028235166955551394,0.48896828096345757,0.52824022073036,0.00243461596284561,-0.0033666513400018583,-0.0006279089063095378,0.012532127506292262,-0.0002489282339202259,0.5219669559795096,0.5172780119456669,-0.0031523148957361413,-0.0032032635611335958,0.012769328142167913,0.5173681961504589,0.4915258941510644,0.012569467769196624,0.012342478631350351,0.6191756257801917,-0.0033666513400018583,0.007216944162396599,0.06353078960320357,1.8175058788288956e-05,-0.0004355752790215772,0.012560846411470178,0.09548408150442564,0.0229769486967977,0.003951323974201726,0.5219350597593901,-0.0004837682773428109,-0.0020494655622627367,-0.0031523148957361413,0.48891043299224646,0.09822893909779004,0.5489507272831707,0.5324331827871776,0.5061082923236387,0.00031387824622794436,0.5211537423104253,0.0072394345630484025,-0.0033666513400018583,0.4880093301880333,0.49726911332588386,0.5173681961504589,0.5489228068287264,0.5227294577743814,0.027768367966490654,0.6206892731319247,0.5172645343216208,0.01993392509885855,0.5685299726405475,0.5172645343216208,0.012560846411470178,0.4936750586252908,0.0801966849527617,-0.00048666974364666715,0.534287662373177,-0.0033666513400018583,-0.0033666513400018583,0.007104816878898135,0.4876208806783945,0.5357072498184243,0.5172922818426032,0.05605197380236404,0.0008858947046724852,0.00433786747734724,0.5442116406563615,0.5442116406563615,0.5341009818533351,0.528679596941686,-0.0033666513400018583,0.7185859190446643,0.5211537423104253,0.5186908990650609,0.023397041968932747,0.08093347531271694,-0.0029654587382422493,-0.0004850345798247946,0.607786206094255,-0.0031869773949229907,0.01896852299025681,0.01256945230444842,-0.0033666513400018583,0.4876208806783945,0.4862246322084085,0.06086698360991882,0.02810604961475746,0.49496884126602114,-0.00018178597190807166,0.5172645343216208,0.007079847347225221,0.5172645343216208,0.01374233230874694,-0.0031523148957361413,0.004615345612692806,-0.0033666513400018583,-0.0031523148957361413,0.5321787397219152,0.48865521470226236,0.5287707644999301,0.015117123895149437,0.4880093301880333,0.5164395283365406,0.017288845072964354,-0.0033666513400018583,0.592274006793817,-0.002890650520128657,0.003867781965543604,0.5172645343216208,0.4952953739930601,0.5425499195345788,-0.0031523148957361413,0.5172922818426032,0.48429021814805073,0.4880093301880333,0.5172645343216208,-0.0033666513400018583,0.4968176248677457,0.5181630353252064,0.6408530363596472,-0.0033666513400018583,0.0009117658244854332,-0.0029888806796191103,-0.0033666513400018583,-0.0033666513400018583,0.012560846411470178,0.48910993311200945,0.5179919650331142,0.5203241972063595,0.000696115574844447,0.5359409559572544,0.5490571635855347,-0.0033666513400018583,0.48842409077429905,0.0248293954674301,0.09102842292623975,0.012560846411470178,0.5779219907784985,0.0530732191914646,-0.0031149778331907574,0.5213126417627225,0.5235553711772798,0.09839755767466188,0.0009091192901311274,0.5383197405716988,-0.0004355752790215772,-0.0031523148957361413,-0.002140843383250407,-0.00018178597190807166,0.5421797745198024,0.5288393736546496,0.04411986268480969,-0.00023220196347242816,0.4876208806783945,0.5322381877004596,0.025428740102862474,0.4838309936364522,0.4842165061099145,0.10438068108977558,0.004741763236637719,0.005220711832284425,0.012342478631350351,0.5178454713232286,0.012342478631350351,-0.002883960094361676,0.029721090349319718,-0.0026913414011553727,0.5557710696201777,-0.0031523148957361413,0.02813007377179283,-0.003105075547346403,0.529575629515693,0.528798633766462,0.5178199330907659,0.4888272931214799,-0.0033666513400018583,0.012342478631350351,0.5294384878551501,-0.0033666513400018583,0.5178454713232286,0.6488508009298273,0.029721090349319718,0.06674898024634354,0.4876233652887011,-0.0031523148957361413,0.5172645343216208,0.004717840422860248,0.012126232000816,0.5178199330907659,0.5191047753627334,0.027105023110068183,0.027105023110068183,0.09839755767466188,-0.00010153729753437091,0.48802787134950876,-0.0033666513400018583,0.48442524773342244,0.517333671340267,0.5295477415443521,0.5237218439025316,0.5325696101916254,0.0006756070731910591,0.01532013152082315,0.012015835416057552,0.528798633766462,0.0002824083487265039,0.005663721998380972,-0.0006510883225204489,0.6257910394995377,0.49553568168313955,-0.015392792354258111,0.5262718621918245,0.5141151054189409,0.499307667239404,0.00433786747734724,0.06025277821671235,0.4860560930754204,-0.0003843919362675474,-0.0031523148957361413,-0.003350366940021221,0.005590642311709804,0.4934013010239586,-0.003350366940021221,0.5284729428403138,0.4841248038677448,0.01906625462278383,-0.0018347820557889638,0.08747364683025968,0.5178199330907659,0.004343333964454077,-0.0033666513400018583
chr11:121292678:121292679:NM_006918:SC5D,-0.0008732762053605386,0.015265874666611449,0.4971626397201353,-0.0008717790845709558,0.0029900486082417334,0.40862620779746084,-0.0008732762053605386,-0.0008732762053605386,-0.0008729088683728896,-0.0062048587573212055,0.5053967234839714,0.014830947966581392,0.5182437510567347,-0.0008732762053605386,0.385142525912895,-0.0008732762053605386,0.002991555990417281,0.04521014877967989,0.011752610351707824,0.011752610351707824,0.4982414590529303,0.0030679654886324337,-0.0008732762053605386,0.5058623157604277,0.385142525912895,-0.0008732762053605386,-0.0008732762053605386,-0.0008732762053605386,-0.0008732762053605386,-0.0012831808551790665,0.03797701047355083,0.4971626397201353,0.5053967234839714,-0.0007295839342127651,0.0030707783291618364,0.385142525912895,-0.0008732762053605386,0.385142525912895,0.4983657242050812,0.07723370244969133,0.4971626397201353,0.4971626397201353,-0.00025022239226038523,0.008953581995553858,0.5115196653219594,0.4968043991464661,-0.0008732762053605386,0.0029900486082417334,-0.001216195861078682,-0.0008732762053605386,-0.0008732762053605386,0.49720817612389134,0.5053967234839714,-0.0008732762053605386,1.5053836100586717,-0.0008732762053605386,0.06156176530522064,0.4971626397201353,0.4985022812196812,0.4971626397201353,-0.0007818914795702427,-5.3971816537896206e-05,0.4973063331508435,0.5799282410144444,0.5068334324952612,-0.0008732762053605386,-0.0008732762053605386,-0.0007295839342127651,0.4973781267654003,-0.0008732762053605386,-0.0008732762053605386,-0.00028776870258914733,0.38538755881379505,0.385142525912895,0.5031884606665038,0.027789517017673807,0.4985022812196812,-0.0008732762053605386,0.4971626397201353,0.385142525912895,-0.0008597446859431573,0.04864040111374245,0.4971626397201353,1.5594133931305616,0.4971626397201353,1.502266575695021,0.385142525912895,0.5127882414474523,-0.0008732762053605386,-0.0005796254727885499,0.011752610351707824,0.385142525912895,0.5062005356663599,1.504349359604577,0.49939096437764896,0.385142525912895,0.002211040490611719,0.4971626397201353,0.0050242980949924895,-0.0012250843393746148,-0.0008732762053605386,0.49716634500530094,0.552224203748529,0.5281381628183291,0.5023889863229947,0.5064234728744335,0.49636416101488057,0.4971626397201353,-0.0012250843393746148,-0.0008732762053605386,0.385142525912895,-0.0001971945336002364,0.4945410384986654,0.385142525912895,0.385142525912895,0.022203768253949943,0.5219729889462491,0.49738046901550625,0.4971626397201353,0.06532279505517703,0.4971626397201353,1.501431481699605,0.0127426100127917,0.385142525912895,0.4971668429241932,0.5358757953277862,-0.0008732762053605386,0.4971626397201353,0.11812356159528667,-0.0008732762053605386,0.508330904409939,0.4971626397201353,0.10071638471903589,-0.0006408290970534043,-0.0008732762053605386,1.5013950492960837,1.5013950492960837,0.5158848367431619,0.5055616855588034,1.5013950492960837,0.4971626397201353,0.4971626397201353,0.385142525912895,0.10445630906596957,0.49729819330601543,-0.0008732762053605386,-0.0012862379901688575,0.49799791161756335,-0.0008732762053605386,0.03188861382578505,0.385142525912895,0.4971626397201353,-0.0008732762053605386,0.0054431233205327265,0.012223092109916093,0.5427570985963557,-0.0008652818810121893,0.0027179354734441566,0.4971626397201353,0.385142525912895,0.385142525912895,-0.0008732762053605386,-0.0008732762053605386,-0.0008732762053605386,-0.0008732762053605386,0.4971626397201353,0.635102134761666,0.49716634500530094,0.4971626397201353,0.4971626397201353,-0.0008732762053605386,0.005486018371707936,0.0633616499590895,0.4971626397201353,0.046450769912073066,0.4971626397201353,0.055829988279398654,0.385142525912895,0.0004219116087632972,-0.0012862379901688575,0.004543805423176018,0.49738046901550625,1.5141734950924683,0.4971626397201353,0.4971626397201353,-0.0008732762053605386,0.5031884606665038,0.49744591916926806,0.6464086887496309,-0.0008732762053605386,-0.0001971945336002364,-0.0008732762053605386,0.0029900486082417334,-0.0008732762053605386,1.5036032276760882,0.4971626397201353,0.4971626397201353,0.013048436174746433,0.027645019764633225,0.031048005332649977,-0.0008369020281300057,-0.0008732762053605386,0.5036258222618268,-0.0010190324037348177,0.03505009224487753,0.4971626397201353,0.5101293070725514,0.11391099963928854,0.5067118844670674,0.00710659690131191,0.5049316926270856,0.4973063331508435,0.048964949382136386,0.4982414590529303,-0.0008732762053605386,0.4982414590529303,-0.0001971945336002364,0.0027408778342482704,0.5280888384732487,0.55193231803697,0.6989009913900182,0.4971626397201353,-0.0008732762053605386,-0.0008732762053605386,0.5066400701961826,0.4971626397201353,0.49738046901550625,0.035069608866174655,0.4971626397201353,0.5106356110821177,0.385142525912895,0.4971626397201353,0.4971626397201353,0.005585108512731437,0.08071254628409662,-0.0008732762053605386,0.5128131906378979,0.05845500724403596,0.04829217726412689,0.385142525912895,1.5013950492960837,0.4971626397201353,0.4971626397201353,0.4971626397201353,0.5054282353735455,0.014832867934205055,0.49953181999239304,-0.0008732762053605386,0.4971626397201353,0.5743818961020061,0.06292108509183786,0.385142525912895,0.005746223417459393,0.49712999038467454,0.5768451749346969,0.5104558556422913,-0.0008732762053605386,0.4971626397201353,0.4973292887978596,-0.0008732762053605386,-0.0008732762053605386,0.4995311181023737,0.01860273060808685,0.385142525912895,-0.0008732762053605386,0.018164295445087443,0.5132688615795087,0.5024123817963008,0.5589669838286493,0.39561390774528227,-0.0005462231180541482,-0.0008732762053605386,0.004556180433341819,0.49723775556775474,0.0050858959218483945,0.0494325533648551,-0.0008732762053605386,0.05643872122902832,0.55193231803697,0.021638302557742822,0.5113329499061409,0.4971626397201353,0.5023916038001992,0.4971626397201353,0.024855429607787596,0.385142525912895,0.4971626397201353,-0.0008732762053605386,0.49712999038467454,-0.00013429693061833836,0.013010601098982598,0.005928815384378132,0.4971626397201353,-0.0011465237628097615,0.019257007270793308,0.02997337140280479,0.497302627413058,0.4971626397201353,0.005063383451087164,0.0050863410030597776
chr11:124673881:124673882:NM_170601:SIAE,0.007516212028562199,0.020750275998486088,0.005257501817634479,0.00513323797354517,0.024274011607142466,-0.0196041585046018,0.03136497707306157,0.00513323797354517,-0.027614589099868178,0.02526835622228351,0.029289136908693832,0.007932044162410026,0.005146878192063841,0.03066687822760629,0.008800339343039868,0.00513323797354517,0.4367180114937285,0.2649249372198461,0.00513323797354517,0.43086538984443384,0.0052162452972461006,0.030190382639641328,0.00513323797354517,0.012354090228762132,0.008581091498827777,0.005232912909994641,0.005141643475547849,0.007043825540065163,0.005146878192063841,0.04724651901714115,0.007813927281095468,0.5666757580638171,0.009140109586099905,-0.04535256667167609,0.03379535488374014,1.1971505625549543,0.005146878192063841,0.437033075261395,0.12735072121096547,0.12185141196758902,0.4364051204948935,0.4404492803134623,-0.04474927499808967,0.04700194624124224,0.46010089340523264,0.4316946273796696,0.005149221129324789,0.044414552015235406,0.00513323797354517,0.4349621720539415,0.008581091498827777,0.4364051204948935,0.029576511808850937,0.005135580892514466,0.44078014479589667,0.0056142053888217185,0.5917169808538658,0.43734653681844216,0.4358353733792271,0.005378688714204466,0.024820999958099853,0.024259984723954728,0.0122803837965524,0.009223988159600731,0.4662924555333844,0.008581091498827777,0.00513323797354517,-0.024126023176473416,0.011914139935712408,-0.021966198549641523,0.00513323797354517,0.005146878192063841,0.44103534222849683,0.00741621494430229,0.4540719902465839,0.005146878192063841,0.4358353733792271,0.43489024344744365,0.005141643475547849,0.008581091498827777,0.005154364511161292,0.00513323797354517,0.4368188744423908,0.440941613343482,0.025693915950980153,0.4344810051487925,0.008581091498827777,0.37776969757748036,0.00513323797354517,0.005320681166400918,-0.0007125412945251895,0.025679871608568338,0.008630868857042583,0.008996276543857325,0.01229820743643524,0.017373078067318564,0.03221433235127874,0.45654947058400736,0.00513323797354517,0.00513323797354517,0.005149221129324789,0.029688168744271347,0.5282126117112846,0.4401773991630556,0.44066286711092206,0.2908587488209906,0.4957338847874781,0.5234014124595646,0.005312274384279617,0.005149221129324789,1.042485519070359,0.005170738346177824,0.4364051204948935,0.008630868857042583,0.4398830367139526,0.49507230151151077,0.4656380220266673,0.43645490863067854,0.011285429389691383,0.05422265151850799,0.4364051204948935,0.01103375707512624,0.05006678248154703,0.43708371931900913,-0.021938937564998654,0.008756587386275591,0.00513323797354517,0.4403763974559426,0.05538321309187219,0.00513323797354517,0.5530894233674697,0.4364684275777092,0.08150921388005675,0.0054236564858396764,0.4308644231662232,0.005168986410893101,0.005168986410893101,0.44212204435306435,0.013343030910371222,0.4308063286415555,0.49493802846011903,0.13777103896245282,0.4408509628447365,0.014515249436369292,0.025728804369408796,0.00513323797354517,0.00513323797354517,0.009070208488640825,0.00513323797354517,0.4826742975830299,0.43675435936698265,0.005506007331036695,0.005166816405185213,0.04442366287494909,0.4777794189694962,0.5282126117112846,0.49882749732846393,0.00513323797354517,0.4364051204948935,0.008639297120688352,0.49524681508793783,0.4950909014457178,0.005135580892514466,0.4307928801296599,0.00513323797354517,0.43085788973116645,0.4464740921433267,0.4643052187724387,0.4369511378815761,0.05014538016672834,0.06460394212724345,0.06753855606122988,0.03327406479160785,0.007354680363114513,0.4460608762818305,0.005175222072216261,0.030798431006735124,0.437033075261395,0.48858823749534547,0.4368323886571366,0.010679888397648565,0.4369336460150316,0.4992082772848974,0.10896403699196941,0.00870046910834708,0.00513323797354517,0.5011818749398533,0.4371683185412012,0.049424182726722346,0.005135580892514466,0.0052026044788484535,0.007179714161046621,0.008630868857042583,0.005149221129324789,0.10496440071096742,0.0257357347701391,0.4369379814591412,0.5018790435842686,0.14877553582426986,0.5916536400921938,0.06826379755156974,0.005149221129324789,0.00754200235005939,0.43601179756205294,0.4379996652980398,0.43109032963334387,1.0843584245318125,0.013147176645355495,0.0051795376921371684,0.6560886635959802,0.4391470710920577,0.02958093096036925,0.10526524232830844,0.440526102286282,0.005149221129324789,0.005523552221185137,0.005170738346177824,0.00513323797354517,0.05383918961888697,0.5946344842689205,0.08909904182150268,0.005146878192063841,0.4364051204948935,0.05051409068992084,0.06839410253612482,0.008630868857042583,0.4364051204948935,0.43489024344744365,0.04648119340155925,0.4512103296782379,0.008581091498827777,0.43645490863067854,0.007177064947000829,0.005337973460009183,0.033304323865320506,0.0051877356820675714,0.48555817419314046,0.00513323797354517,0.03154359097696181,0.4398965905730092,0.4370104919365004,0.4369969732091133,0.4369969732091133,0.0257357347701391,0.010849586963947593,0.011079584707353811,1.040523409350008,0.005149221129324789,0.4364684275777092,1.250662051859009,0.032949768573063656,0.49272189902348507,0.005179085197679303,0.0075679953903313515,0.4369893712694607,0.4419904623069808,0.4891703367647,0.4364684275777092,0.43642215922957023,0.016729134181130367,0.016729134181130367,0.029134143925675,0.313353901601569,0.437033075261395,0.00513323797354517,0.034026215097310214,0.10872773613503,0.4431416012220584,0.6656868578285136,0.050170865637779775,0.03162997337159311,0.005149221129324789,0.4308419244466856,0.4369471688624741,0.0443345997292595,0.016113533119091212,0.00513323797354517,0.7197582970591176,0.05032789950964402,0.03395164822939322,0.20715559338241402,0.029566358841751142,0.4991326463227966,0.00513323797354517,0.47499776955711015,0.04438913475415372,0.009037970893448335,0.005149221129324789,0.00848023179624437,0.04267115527359998,0.04435444780898019,0.04436692308599206,0.011090392424812842,0.10879137921492674,0.4308419244466856,0.005390065106296905,0.012899971587337872,0.4370479781857839,0.010679888397648565,0.00513323797354517
chr12:7060675:7060676:NM_201442:C1S,0.011091247373296864,-0.053664358886346686,0.06992438230793493,0.06942175666124958,0.010219116371137593,-0.02067729508970495,0.0018033746012985352,0.4861288092139733,-0.018798964980633825,0.021568711032224186,0.010459676016962016,0.18878917249319777,0.03643998693246414,0.08730229051097918,0.06991556496321089,0.005103233084083669,0.027839353833407104,-0.05528614443671176,-0.0011812569714640675,-0.0012243437137484103,0.1086525974260592,0.48325702669919024,0.26896792964973465,0.030372347701268454,0.09864173771957499,-0.0014143273598342387,0.06909489002624625,0.25249908832526097,-0.0012243437137484103,0.562301568943167,0.045784749017203974,0.06514392986748463,0.010638560076468462,-0.020442539495912238,0.48914426273077266,0.10407111635489608,0.010187452902436445,0.09841305832653596,0.007352850624661539,0.09156320484379571,0.09864173771957499,0.10682464268239628,-0.0006827453405476303,0.002520036975497547,0.07199033447816788,0.114851638640113,0.010187452902436445,0.24669319724020108,0.012490649128011233,0.08182792596540422,0.016182659818850254,0.09800027907505923,0.010461020417210726,0.010187452902436445,0.07416805915192334,0.010187452902436445,0.0811610933924459,0.0695660610081621,0.08138343337075782,0.07007119870043732,0.016182659818850254,0.012537390391804681,0.0016870456678522994,0.09576429772570572,0.17014806019617873,0.09800095117189403,-0.0014229275470142577,-0.02042618809757102,0.0016870456678522994,-0.0012387564176352672,-0.0015755921518606497,-0.0010244046367308413,0.10028113247663908,0.01743692222145496,0.0814741370959606,0.07225591927805408,0.08138343337075782,0.08523715966987638,0.017833302403446216,0.07165307193293574,-0.0014229275470142577,-0.0010692100561026652,0.06979858928039512,0.11450840454822242,0.0005359232680296755,0.10310710130350093,0.06890342980716047,0.5667913203132642,0.010187452902436445,-0.0011446403397508687,-0.0012243437137484103,-0.0012243437137484103,0.01303590858293463,-0.0014229275470142577,0.02382882716900367,0.10046820340031998,-0.0015509171624586149,0.07374204859799094,-0.001274706646190088,-0.001055955310395873,0.010187452902436445,0.017743155137563,0.04885905575387439,0.004667996882489561,0.11708519804932291,0.03145668349301589,0.06910541306651177,0.12196599553682808,0.07442494301970959,0.02969957760537356,0.09320510105359303,0.08642031471802891,0.10439296039720872,0.1058235280062795,0.18652262929670993,0.04607463321172081,0.07011410041525018,0.19058730011612446,0.06914587923464618,0.10352711646525004,0.017981137598064106,0.07412934763725826,0.03505774698666306,0.06890342980716047,-0.0009840206286515774,0.018382150992252377,0.0695660610081621,-0.0009614193815450922,0.058825813018967194,-0.0014229275470142577,0.020709647248639634,0.09800027907505923,0.017722741859593105,-0.0013825979260319032,0.07005449663061997,0.09974909933987344,0.09974909933987344,0.6269325839562747,0.02977800480314252,0.06925171015604795,0.11444896210130517,0.17945778425980102,0.1892269624240155,0.014605164700907614,0.0033709705917864263,-0.0014229275470142577,-0.0014143273598342387,0.07029831718654656,-0.001274706646190088,0.14912055844524774,-0.0011812569714640675,0.06925171015604795,0.005324938230544363,0.010386562759355455,0.0011596689313951858,0.27591792882057936,0.18987165709877724,0.011047940979167697,0.0991989496326045,0.021667590533689135,0.018108951773184695,0.06957113854370875,0.010187452902436445,0.06951780897960255,0.010187452902436445,0.0034951923527738182,0.10609604398934011,0.07395670405388088,0.188761317978132,0.06904205627841836,0.08203494620673704,0.01358889838970423,0.009304553251866854,-0.0014229275470142577,0.15032282289773352,0.06925171015604795,0.003219797216866105,0.09841305832653596,0.13089756781334533,0.1701599815995959,0.06893040437747222,0.06991556496321089,0.13198762365043676,0.16079697229872092,0.17869430385267915,0.010187452902436445,0.06909726979080563,0.16795947392164062,0.12735075089637798,0.010187452902436445,0.09385130424168875,-0.001276595895274707,0.06890342980716047,0.010187452902436445,0.0814741370959606,0.0026508765540682044,0.17896328567870018,0.021032720589266474,0.13888433950018164,0.12537436920299633,0.08910106220565728,0.02660324748865367,0.0007962098422438779,0.10017549954280347,0.11489742020441365,0.09800027907505923,0.4051454755153685,0.022889025304276694,0.018224933583764175,0.08673311232483644,0.019213796120386484,0.020797501789236228,-0.0013497743550597574,0.0836085571753237,0.02969957760537356,0.06890342980716047,0.11260992771082468,0.011047940979167697,0.007079875736037411,0.08230419781160378,0.01436249759123362,0.15965252712229117,0.08799824566851117,0.5930713215649134,0.042194695686584405,0.06890342980716047,-0.0007192118553475957,0.08542376433144508,-0.0014229275470142577,0.23673317462108928,-0.0014229275470142577,0.18987165709877724,-0.0014229275470142577,0.08716921034271485,-0.0009181931995634607,-0.0014229275470142577,0.10385116597922428,0.08643600097637477,-0.001055955310395873,0.09900557783682115,0.0696011356000514,0.07460837223410716,0.18985673919614665,0.2520873821181061,0.06991556496321089,0.07534778913875184,0.10534943227010915,0.010187452902436445,0.10438400076918553,0.14408661682242943,0.010610475982279793,0.09879822090971738,0.11985836890553991,0.06890342980716047,0.12505751582405844,0.20373122818154304,0.08219775892864434,0.10438400076918553,0.11868408758038396,0.005181922848361359,0.005181922848361359,0.020676876049168236,0.2767965557828044,0.017582858341869095,0.010187452902436445,0.09070925766703886,0.06890342980716047,0.11143235844552196,0.07044748529530775,0.11139083292384999,0.002368466149036963,0.02990576780077564,0.08871563528421,0.10540359705163066,0.06919367484686609,0.018365651992808846,0.02990576780077564,0.15512477139983694,0.09985656174590479,0.002987349972037645,0.08481871602572408,0.00195280848071,0.07566007665526991,-0.0014229275470142577,0.08542609596013928,0.5955099785494422,-0.0011520182569851045,0.010187452902436445,0.030269640901204764,0.12169714667776405,0.01762898529330545,0.0427408139743172,0.09841305832653596,0.07354703175269045,0.10725445500814401,-0.0008054997505444472,0.010869859184212072,0.18914760271281705,0.07669185348921587,-0.0014229275470142577
chr12:10212889:10212890:NM_031412:GABARAPL1,0.1705567358478836,0.6750085025962066,0.1705567358478836,0.5511368283053707,0.27987726650400946,0.7942832047970517,1.061224214159005,0.07444516015480782,0.5199769313910672,0.19599169843545688,0.17078110719960599,0.1705567358478836,1.2358397728876858,0.1705567358478836,0.5515352311410505,0.07444516015480782,0.5512324229977578,1.037614263644155,0.33705108445199944,-0.0038228401931292566,0.9302574832120407,0.3484761967847555,0.36201672180426203,0.1705567358478836,0.5511368283053707,-0.0038276121790275786,-0.0038276121790275786,0.36201627562337296,0.1705567358478836,0.39237146396749956,1.157495756193615,1.0936147318557485,0.1705816924628843,0.5551945000691157,0.8450524791560559,0.5192933428798266,0.22808449842186038,0.5511368283053707,0.28593963387966387,0.06354733052670072,0.5515352311410505,0.9490878756479331,0.13807055194004253,0.2599865797780261,0.2325053954298839,-0.0019394781727603838,0.1705567358478836,0.30736759514953416,0.1705567358478836,0.18635004152456108,1.0344993317825895,0.5515352311410505,0.17078110719960599,0.15620452055360018,-0.0028091337954613826,-0.0038276121790275786,0.9263733347042766,-0.0035710016235849795,0.22950708899509142,0.1705567358478836,1.0352325877018425,0.1705567358478836,0.07733974125973676,-0.040509818707807344,0.172452962245724,-0.003319331555138638,-0.0038276121790275786,0.5250193556405475,0.0791218077889504,0.28861559838736617,0.1705567358478836,0.3375897256671038,0.9492553934846586,-0.0038276121790275786,0.37726581826196576,0.2839362287583034,0.2295061635449971,-0.003042541194353071,0.6953658469708913,0.5511368283053707,-0.0038276121790275786,0.2582112325961483,-0.0035710016235849795,0.176526544974278,0.28582704623173916,0.1705567358478836,-0.0038276121790275786,0.35557499578017104,0.15620452055360018,-0.0034064277727998693,0.9490878756479331,0.29139770567089024,-0.0035710016235849795,-0.0038276121790275786,0.0791218077889504,0.1705567358478836,0.13795085035296223,1.0504623227779253,0.242027849417203,-0.0048733291410646695,0.22808449842186038,0.1725001365527782,0.6060206808102859,0.1706685358304365,0.1706685358304365,0.20067493405396725,0.17663834547058216,1.0413241854295145,-0.0034064277727998693,0.22808449842186038,0.6373619240694972,0.9302574832120407,0.6371634429335363,0.5532853438930174,-0.0029664874319863255,0.17708464594992013,0.1706685358304365,0.9492553934846586,0.24199323154327257,0.047949573942872414,-0.0038276121790275786,0.17435976980054052,0.2282704834448757,0.5511368283053707,0.018013717366029663,0.3782669306396801,-0.0038276121790275786,-0.0035710016235849795,0.9862920136103168,0.0390721001879325,-0.0013122526512890365,-0.0038276121790275786,2.051408981976496,0.17115916264113162,0.1705567358478836,0.5513018025156833,0.5513018025156833,-0.004034073733774152,0.08961513282333862,-0.0038276121790275786,-0.0038276121790275786,0.1280005247274063,-0.002895646060470214,0.289502424213518,0.2888022086187303,0.0390721001879325,0.1705567358478836,0.2280940397671904,-0.0038276121790275786,0.26559556920603244,-0.0038276121790275786,0.1705567358478836,0.24199605019772596,0.4000183798557313,-0.0035528424858778385,0.0013392530002293568,0.5511368283053707,0.28269858566677525,0.5515352311410505,-0.0038276121790275786,-0.0038276121790275786,0.17675219132480757,0.15620452055360018,0.1705567358478836,0.1705567358478836,0.1705567358478836,0.17125440462643002,0.170579604216394,0.1706685358304365,-0.0038276121790275786,0.1706685358304365,1.0155979987111654,0.6650173010012542,-0.0038276121790275786,0.17986545893876507,0.1705567358478836,0.20322239918372637,0.5511368283053707,-0.0017873627583811502,0.17125439566016362,-0.0035710016235849795,-0.0035710016235849795,0.9492685007915846,0.036669160188574496,1.0021970285567048,0.1705567358478836,0.1706685358304365,-0.0021770731101121987,-0.002736488949745458,-0.0038276121790275786,0.9490474204089729,-0.0038276121790275786,-0.0038276121790275786,0.1705567358478836,0.1705567358478836,0.2718378951301085,-0.0038276121790275786,-0.0038663218037411906,0.008224531270633967,0.9177329591643435,0.20832344892615157,0.1705567358478836,0.1705567358478836,0.22950677870448644,0.025504721402961533,0.5515352311410505,0.5615191917450902,0.1716846397609878,-0.0038276121790275786,0.36501808997676743,-0.0045514394406566405,0.8066114585422188,0.1713451834452442,0.5515352311410505,0.15620452055360018,-0.0038276121790275786,0.1705521715570225,0.28269858566677525,0.33315397228931143,0.9574969542106617,0.8807811008895603,0.32675881728512707,0.1706685358304365,0.07739920806476866,0.3242386935554089,-0.0035710016235849795,-0.0038276121790275786,0.04667901872622951,0.5521579097649976,0.6482966940219066,-0.0038276121790275786,1.0623887572311188,-0.0035710016235849795,-0.003562132452501421,0.13810700674912518,0.1705567358478836,0.9564954675455104,0.1705567358478836,-0.004850384792965068,-0.0035710016235849795,0.1706685358304365,0.1706685358304365,0.9490878756479331,0.28874467327995645,0.1705567358478836,0.1706685358304365,0.1706685358304365,0.1705567358478836,0.9492553934846586,1.9037534349509888,0.14492263678228146,-0.0035710016235849795,-0.0038276121790275786,-0.0038276121790275786,0.5511368283053707,0.6426296335263519,0.3508384142511854,0.9490878756479331,0.9513344354784381,0.1705567358478836,0.1705567358478836,0.08777930986121776,0.1490600292562829,-0.0038276121790275786,0.1705567358478836,0.04163049179628267,0.1705567358478836,0.9548474891405865,0.18259540367420365,-0.0035710016235849795,0.14245258059907284,0.3466938924219273,0.036374525928703244,0.1706685358304365,0.7018511539921461,0.2106861479940526,0.1705567358478836,0.869100529253068,0.5511368283053707,0.2645355933367368,-0.0007120987106884746,0.15212635886907544,0.5515352311410505,-0.0038276121790275786,0.041531541632025465,0.38473836999962663,0.1706685358304365,0.1705567358478836,0.08939698797612196,0.5513981028554654,0.1716186252933393,0.2585769767117403,0.5511368283053707,0.1705567358478836,0.20452049592285584,0.17055472736607208,0.08939698797612196,0.9490878756479331,0.949100977473714,-0.0038276121790275786
chr12:12611832:12611833:NM_001310:CREBL2,-0.1254317606257075,-0.09811349372060135,-0.17745924830297705,0.46899919565677695,0.00718667473014982,0.7947070282481397,-0.18051184829575564,-0.12507718849100957,0.057163967000860225,0.3026324041419274,0.04463473087689984,-0.16837359651085432,-0.12393741383294912,0.12830867759445674,0.47936573023354323,0.00642466952881543,0.6482804338499883,0.8008358540542935,0.29009839841057367,0.007184647197564301,0.006421069877605504,0.9314350882647529,0.2888400677730869,-0.1771888322525023,0.47936573023354323,0.04310189085460339,0.012665737248218165,0.2895363376655227,0.04311343010550464,0.31872176791750445,0.21813367917569884,-0.12895129566685667,0.25244701754777665,0.03992386128224283,0.31144322915196976,-0.14494117931226816,0.030483414884906523,0.4749727439245801,-0.18134838016769317,-0.17729810524361297,-0.17815722696281527,-0.18327131644589262,0.010841130170964011,-0.18176629261076913,0.3225945728203815,0.4698580591281831,0.030483414884906523,0.3238394503488851,0.014394613532261596,0.016774482755265677,0.17879779035033705,-0.178094224417153,0.04069917414656492,0.0668611194355397,0.47837757125405667,0.010963606794086825,0.004696475122348276,0.4830137740642439,-0.13409619058766323,0.47936573023354323,0.27976217364638556,0.00642466952881543,-0.1950376375849598,-0.14028590563918983,0.03121956456194544,-0.15616626117288232,0.010292616643064967,0.028650694572580987,-0.1936215598372902,-0.18174890368478994,0.006526008441335329,0.29884010536774697,-0.17815722696281527,0.025836393626488804,0.009598623590370475,0.03302357155369323,-0.1350031369381318,0.010255872309098565,-0.1785549463329797,0.4749727439245801,0.012665737248218165,-0.12738902991206225,-0.17853049140715338,0.4832752102202087,0.030514262117597057,0.012665737248218165,0.010292616643064967,-0.11464076742202592,0.030471985117649508,-0.1142333664046011,0.007195658295564053,0.006423956064483677,-0.18174890368478994,0.0064136734077952645,-0.18163765691636266,0.011585022480688684,0.031485103678700777,0.043169129524769784,0.009984821861097434,-0.14572219663162436,0.06432273655871211,-0.18174890368478994,0.5030257188609084,-0.1332906341423366,-0.17815722696281527,0.3313122259111727,0.5065563074367512,-0.01076035732544428,0.5135630158650027,0.03295989852776121,-0.1833542708768617,0.03941732861734541,0.5037859226292617,0.4921551487243526,0.4753810685093072,0.014527876770339426,0.014527547279779479,0.6399822633156187,-0.1819208903883126,-0.14204298057746573,0.6228037305358632,0.012665737248218165,0.3985533629780354,-0.1765969453727071,-0.06465713496135739,0.3215265745044589,0.49128074494150903,0.4730442253602339,0.27000871005629656,0.0064136734077952645,0.5844556570550058,-0.17816546489646987,0.24050318856739356,0.038244284446275756,-0.18332785597323403,0.6062744848415098,0.6062744848415098,-0.15753640001572466,-0.07078393888358683,0.008775084493595472,0.6227749747920766,-0.178557491815187,0.4799054852827885,0.21149245454814475,0.030665211794145372,0.17380898132395034,0.03986788648843541,-0.1151603447671723,0.0064136734077952645,0.11204124787608902,-0.18334502566875344,0.012665737248218165,-0.18044509408269993,0.262346934897642,0.006755758553237012,0.0331499684556118,-0.18170127464994507,-0.17860883142104708,0.4794583746553413,0.47936573023354323,0.4749727439245801,0.5001783702824734,0.030483414884906523,-0.18332785597323403,0.030471985117649508,-0.18332785597323403,-0.16893809970951926,-0.10602339685525386,-0.17809192866192713,0.07998318725499112,-0.12398089663784645,0.06840322518262501,-0.18638208025044592,-0.1765900775641444,-0.18293638835133794,0.010521476024227663,0.2546482136220737,0.4749727439245801,0.08808336389197678,-0.133810329656254,-0.18174890368478994,-0.17816546489646987,-0.03231463693372383,-0.14373333286742515,0.7154517140615038,0.030483414884906523,0.47506497525606345,0.5515152756716022,0.48424510822889516,0.030483414884906523,0.039427539837192396,0.008775084493595472,0.0064136734077952645,0.030483414884906523,0.036746553686008904,-0.13061347878080004,-0.1765969453727071,0.03794554017078265,-0.06876645777463361,-0.15704749643247076,-0.1389038288041072,0.03289664865443441,0.0064136734077952645,0.6952292971498538,0.08239763941650932,0.4730442253602339,-0.17754994719401773,0.17641522015313554,0.46881433049900456,0.03582142403653871,0.5325231465055442,-0.17148379550539622,0.05645126423903446,0.5262219305245298,0.0668611194355397,0.008775084493595472,0.04250321711568002,-0.17860883142104708,0.6946952293825266,0.0073045417836751225,-0.12843375815224486,0.2270551562083652,-0.126824025203896,-0.11369657389344173,0.3253077143442852,-0.18327131644589262,0.0064136734077952645,0.08232770621456892,0.007184647197564301,-0.17306061759556868,0.010292616643064967,-0.17815722696281527,0.010292616643064967,0.017815347877998725,-0.134076284140465,0.03987940302828075,0.620489004383792,0.0064136734077952645,-0.17733575438648597,0.4730442253602339,0.47936573023354323,-0.1785794072359205,-0.17816546489646987,-0.13059652059151888,-0.1779079090633779,-0.18175603456379608,-0.0760327988382049,0.06432273655871211,-0.17816546489646987,-0.11607537966546189,-0.18557820077613937,0.5577104457580233,0.0064136734077952645,0.008775084493595472,-0.13940408366021972,-0.19421441868078493,-0.044566336483431945,-0.17815722696281527,-0.13158461255671744,-0.18201358284705826,-0.18201358284705826,-0.17660296168724762,-0.170338112023642,0.4749727439245801,0.030471985117649508,0.011353781358836301,-0.17815199585275882,-0.17430184491777262,0.04704423430523627,0.5657614917407834,0.03146854192888218,0.06916175433179259,0.034352720930990385,-0.18327131644589262,0.5021580582640188,0.1776941348606636,0.0693687752009267,-0.1433977504408611,0.0004107865169606373,0.18333193334747638,0.4975940393033585,-0.12670213348234421,0.5262219305245298,-0.18174890368478994,0.08869125639819715,0.2393814369817852,0.00721979645276162,0.03295989852776121,-0.1747714956871699,0.008775084493595472,-0.17532100881651297,0.007171405615157472,-0.17903949069408995,-0.12365460650016558,0.044314892325932304,-0.15241042150285034,-0.1950376375849598,-0.17816546489646987,0.6398777366520284,0.0064136734077952645
chr12:12891021:12891022:NM_003979:GPRC5A,0.13386883985618353,0.510919725100423,0.004731187008458926,0.27621252367664284,0.590322286149867,0.6459937275481944,0.08185923363037206,0.16027871606728983,0.35764252548999653,0.20320086952093377,0.07268577648220953,-0.06595820737179442,0.2238816529597115,0.21884110825162112,0.006623232268319568,0.16056125055489223,0.023299024323923556,0.6502990861682021,0.19618473214294913,0.028575113114475525,0.006635315962209176,0.09432704527713826,0.5413398100752129,0.07246210274639514,0.0066895262138007006,-0.1307111777494594,-0.08975685562288294,0.4172599350511601,0.027768555881376444,0.2724731752488813,0.4200176782297971,0.19024467309106083,0.06653004310914842,0.030065435877753677,0.0943812154461734,-0.044379825163451736,0.23746428435904723,-0.08970416198775283,0.24202957987216328,0.22100522003824036,-0.08970416198775283,0.08682896995925954,-0.01760111051548971,0.1891373874823955,0.47711040230485996,0.5035611202151344,0.29671413995018614,0.1509727980297707,0.0291061183733462,0.2743148556654694,0.18708082608849785,-0.08970416198775283,0.06286571189312393,0.020805274711003324,-0.08975685562288294,0.18658585098434427,0.26592779559505153,-0.08975685562288294,0.5628754269065795,-0.08975685562288294,0.20978673644799228,0.0035466356138889044,0.00662894309473705,-0.08571816302836027,0.3580631286716336,0.08630652170418984,0.006623232268319568,0.031023063108832405,0.007976079693319094,0.2501125623686838,0.04335065206921296,0.2774721173134673,-0.08822713881684496,0.03250607483131274,0.5889429544313612,0.08107992415684712,0.5628754269065795,0.007107350070423679,0.22980461647655756,0.0066895262138007006,0.006623232268319568,0.30803746044414154,-0.0894622073816203,-0.028272562354486386,0.24609310567254006,-0.08969318602966347,0.006623232268319568,0.3675853327539881,0.07875777244241466,0.01819079067059226,0.006638605409863774,0.20576328076533862,0.0122359825496004,0.006623232268319568,-0.0897502867588435,0.15491072663110744,0.33817496000805225,0.18029822346831775,0.39226895453199456,0.18971791874017618,0.005426895484152511,0.2610677586886607,-0.05595378055744049,-0.08975685562288294,0.061696457497470075,0.7235601144685758,-0.05582601141635202,0.22500038186087515,0.018137088432733373,0.005373350722989834,0.03935818149569065,0.006630623471496122,0.08100877813586349,0.006658894152491102,0.07529602173407121,-0.046178779502377754,0.5961634440220518,-0.08970416198775283,-0.09106027091645724,0.19385479201165923,0.006623232268319568,-0.08975685562288294,0.28640951252348634,0.0122359825496004,0.24593771499796963,1.0079112346043846,-0.05673137783906329,-0.08975685562288294,0.14084207257421916,0.007222911205995719,0.45855927832236143,-0.08950050207497967,0.3324689587066625,0.2415814169644671,-0.08975685562288294,0.07779812555488214,0.07779812555488214,-0.07583806379284397,0.07782461227315052,-0.09858634725242743,-0.08941301576185146,0.18468553970566912,-0.0897021503627814,0.25882830740017165,0.24386508356594355,0.03772898759923049,0.08143032897227631,0.6219731901074489,0.015086859989660306,0.014275522635867066,0.006623232268319568,-0.08975685562288294,-0.007746106306344147,0.12868371407362783,0.06650157310684035,-0.05581428942291711,-0.0915853642450995,0.016095615302855193,-0.08970416198775283,-0.08975685562288294,-0.08970416198775283,-0.0561955959015093,0.004894854221764472,0.27190354079519746,0.33411954935877247,-0.08917365862533827,0.36049776369279135,0.3388553004150885,0.0066895262138007006,0.037305690627120525,0.0406288438017996,0.381814708985666,0.4302766607793119,0.006623232268319568,0.20959494244391375,0.006623232268319568,0.39907839831241876,0.006623232268319568,0.014768827847026378,0.0137269417720437,0.0066895262138007006,-0.08970416198775283,0.2177587210058036,0.02832246910028058,0.17302069474847126,0.2943919655372715,-0.0897497567120093,0.1171787458600757,0.15838374292031998,0.005426895484152511,0.04942281425979139,0.08960142107547092,0.006623232268319568,0.007089077820081557,-0.008644991959275372,0.24192725212553878,0.08627338619472613,0.014299528805105932,0.4017977874221187,0.2582014557190657,0.6110911767008123,0.005373350722989834,0.0071736952108171215,0.19910531194534847,0.08378613186878253,0.006623232268319568,-0.09135757133636796,0.33310011084416086,0.36916493022080477,0.20046126766770786,0.45871646309730885,-0.0897502867588435,-0.009056101265135452,-0.08887235150068351,0.007310800382247462,0.006623232268319568,0.04942281425979139,0.01609545844647392,0.4257412149110952,-0.08916825090803032,0.1092919651462596,0.2988653105988408,-0.0504217003915825,0.12138814798247294,1.0808602415741744,-0.08970416198775283,0.1056142872072649,0.22960490879308676,0.006623232268319568,0.4234161008457509,0.006623232268319568,0.03039739685187859,-0.08975685562288294,0.17093628737732397,0.10845600654737558,0.11378377998596129,0.01790863960420558,0.0494312856911196,0.10265339015674851,-0.08975685562288294,-0.08970416198775283,0.09571881206032706,-0.08974619254541333,0.2421554484041969,-0.07425973293322141,-0.07590297538056401,0.0066901298308351675,-0.03255772282326494,-0.08974619254541333,0.16767286507471324,0.10271869104518944,0.04057140048944646,0.006625758669855597,0.006623232268319568,-0.09106027091645724,0.33722168784307416,0.2037846747342979,-0.09853417320594698,0.0778663237541003,0.006630450355726736,0.006630450355726736,-0.08968532673619656,-0.010280632367089704,-0.08975685562288294,0.1262849532424759,0.1031189806330492,-0.056678404060275356,-0.097472992770468,0.5669360961705115,0.0433053985111268,0.19004988248749416,0.007965274576825332,0.1855529268821586,0.0066895262138007006,0.26500935014084875,0.05515066245672717,0.004858078560951606,-0.09104536215549802,-0.0863161180142275,0.11073651914981525,0.4588406608947691,0.25743149769753504,-0.06359104903151241,0.006638605409863774,0.2821595300818735,0.13945695628315918,0.01311357879533423,0.005373350722989834,-0.09569345926843936,0.014562815826553999,0.2877980041766675,0.25296356658681096,-0.05301656823392514,-0.003607859723461837,0.055662365031518224,0.18934188337090868,0.00662894309473705,-0.0804902461687444,0.08397837484083517,0.015127371702090053
chr12:25959030:25959031:NM_001164748:RASSF8,0.007636223271530018,0.24790143786027266,0.013024810083206162,0.0027018045741396823,0.016392935342464,0.27493776425360217,0.002747067493244132,0.29236734429963135,0.2472227650210717,0.032444049159602306,0.18365266944377678,0.011815719039151518,0.029603912172666558,0.14791262869499092,0.6582297310147887,0.01864916402315639,0.3800696362287988,0.3306338977547103,0.10854935817269984,0.0027018045741396823,0.022306914630587454,0.5147497514687731,0.023961557698548686,0.011795541610515936,0.6582297310147887,0.011787147173284607,0.13741480187428778,0.03214062290770761,0.011787133100118724,0.10566021422522284,-0.014575841299760028,0.3621958300194528,0.16973960800987603,0.2671039336390021,0.5216184631839573,-0.0027943566480796156,0.0027018045741396823,0.0027018045741396823,0.0027018045741396823,0.035482885854903695,0.1374134570260643,0.6596089297969521,0.1843579900313682,0.01278339510893714,0.6740879026966848,0.14352069811751694,0.0027018045741396823,0.011791688614760015,0.0037434201362317177,0.0027018045741396823,0.027161169086616116,0.27354365078843357,0.18700913330627245,0.27354365078843357,0.6582354098757087,0.16821993365293658,0.6593619918966538,0.1374134570260643,0.1749227876760212,0.27354365078843357,0.003734732724630291,0.1966438129077954,0.008671044593620059,-0.0017425478364652969,0.04626960476692893,0.6731839251705067,0.1374134570260643,0.26707371511479505,0.031105831176584053,0.14142238723349482,0.002868857272758374,0.31188202617631966,0.27354205196555426,0.11055045940552027,0.016392935342464,0.049415698287521514,0.17492650625297052,0.0032836945077685253,0.6681105863342888,0.27359905847729965,0.1374134570260643,0.014313847961699072,0.6583219339415947,0.40868107290447075,0.0027018045741396823,0.6582317051347041,0.0027018045741396823,0.41061283364246287,0.0027018045741396823,0.6582224851537839,0.0027018045741396823,0.0027018045741396823,0.0072786716424141085,0.1374134570260643,0.023698718013793363,0.1374134570260643,0.007935525184841474,0.851396241876369,0.2793163653559432,0.0029978896567957602,0.0027018045741396823,0.13241323633512309,0.15661720204123036,0.0031781169937962206,0.6582354098757087,0.30192472553132665,0.13841334247075904,0.26934238141811173,0.13746762002587415,0.0027018045741396823,0.1374134570260643,0.04158025527918885,0.27354365078843357,0.27354365078843357,0.13849150800790255,0.017861526970920028,0.167474890859878,0.1374134570260643,0.2745962804898184,0.27248002781749625,0.1374134570260643,0.1374111748869675,0.32916257871180393,0.0027018045741396823,0.14234333512865932,0.6739251992809784,0.004240035615582838,0.1374134570260643,0.004193437795231958,0.0072786444395545324,0.6934920372693436,0.1374134570260643,0.054814395652366704,0.002833064744064362,0.27354365078843357,0.27354365078843357,0.27354365078843357,0.6656791308345114,0.06461071449300812,0.0027018045741396823,0.1374134570260643,0.13741923702924894,0.2908599555245646,0.04191463594615058,0.0027018045741396823,0.0967015468013723,0.0027018045741396823,0.03393896297741977,0.0027018045741396823,0.08461403509665993,0.1374134570260643,0.6582297310147887,0.0027095350522402806,0.031514039894382506,0.02213735690746607,0.018718737615715686,0.2735585287516394,0.002727690937798566,0.6582297310147887,0.0027018045741396823,0.0027018045741396823,0.012787515629369084,0.0027018045741396823,0.15780485424931368,0.0027018045741396823,0.0027018045741396823,0.14801947950188682,0.13978236551944842,0.1374134570260643,0.28503943161369777,0.007251790048227513,0.04314532775107477,0.006083529032064494,0.1374134570260643,0.04918597242444364,0.27354365078843357,0.018229349533242067,0.0027018045741396823,0.0846049669078387,0.6815303141489704,0.002709927533484119,0.1374134570260643,0.1601872566799324,0.014791699100761585,0.27354365078843357,0.0027018045741396823,0.27365791450537397,0.2735502590418683,0.022819717904113468,0.0027018045741396823,0.038930149005157066,0.13741480187428778,0.1374134570260643,0.0027018045741396823,0.1374134570260643,0.0027018045741396823,0.1374134570260643,0.07246520906740797,0.7869249609734037,0.1371834244329561,0.2048089898174594,0.0027018045741396823,0.10332950800289634,0.2939808348560823,0.0027450255594920203,0.1374134570260643,0.16307163561399918,0.0221958725858159,0.0027018045741396823,0.1564045096248269,0.0032210921035465134,0.024340779539150426,0.0029007672110835103,0.6583253293850836,0.011787147173284607,0.0027018045741396823,0.038930149005157066,0.002727690937798566,0.29275715035314487,0.27335952110119266,0.06500431115362593,0.06329988969548236,0.00725328150482879,0.15384654807637366,0.7012030085457321,0.0027018045741396823,0.01840394460808903,0.002838195581776587,0.0035519426667158793,0.2744955391183697,0.0027018045741396823,0.6667080044370175,0.6582297310147887,0.6585867119205924,0.014839085941592028,0.0027018045741396823,0.0027018045741396823,0.011911788905575482,0.0032057633540768793,0.1374134570260643,0.6582354098757087,0.6597078350914715,0.1374134570260643,0.0031720008475246697,0.27392488683595595,0.27354365078843357,0.14113968234306712,0.011787147173284607,0.15032896107110844,0.15644020978179965,0.022923889934996167,0.2861150997267237,0.02372655014830563,0.1374134570260643,0.2748424960317512,0.00365187588075927,0.2907610749349138,0.14325809794848984,0.13748789664476418,0.0027018045741396823,0.0027018045741396823,0.030930672623878858,0.19791267885880257,0.0027018045741396823,0.0027018045741396823,0.16662230590438673,0.2735585287516394,0.6582354098757087,0.848286986260081,0.2745962804898184,0.0030048277612703955,0.01179491948035083,0.003621550101784693,0.6582297310147887,0.10627348423190405,0.008096071676055583,0.011787147173284607,0.08251354163423633,0.3014580989858713,0.01571942849015312,0.15461223756704429,0.1374134570260643,0.6583219339415947,0.0027018045741396823,0.0027450255594920203,0.012180523065895427,0.1729197557426917,0.0027018045741396823,0.00276730047993759,0.0027018045741396823,0.16261448334706463,0.003231267377241581,0.1374134570260643,0.0027672656885104063,0.06415940032699882,0.0032322516924174483,0.007473101284475564,0.1374134570260643,0.0027018045741396823,0.0027018045741396823
chr12:29783810:29783811:NM_001193451:TMTC1,0.07128006944169477,0.644173784936168,-0.0004516012655062934,0.6683169070476058,0.0681354761507461,0.5690445640668145,0.4336689276059688,0.5616788313318626,0.5591907496076589,0.5186455349621658,0.5266973061487823,0.1643952830818417,0.5491222374462654,0.07128006944169477,0.2383174685105236,0.10601187696936543,0.5399671816951818,0.5500681585176366,0.03153178261184414,-0.0004516012655062934,0.4042914496535411,0.46284205282310786,0.07522612375070296,0.4110683719768057,0.2383174685105236,-0.0004516012655062934,0.2383174685105236,0.0838902329603208,-0.0004516012655062934,0.07128006944169477,0.11447970507235859,0.5633903807015884,0.07448531437081171,0.5554956491895603,0.46284205282310786,0.0776840313150487,-0.0004516012655062934,-0.0004516012655062934,-0.0004516012655062934,0.06349955523707622,0.4479839603579797,0.4479839603579797,0.5187142396681409,0.08065485595939341,0.5985016294673817,0.5481539275273749,-0.0004516012655062934,0.07385204640930179,0.013697532145214852,-0.0027395215242924514,0.037749335989624405,0.2383174685105236,0.5266973061487823,-0.0004516012655062934,0.4479839603579797,0.06525429352867708,0.4497345670023859,0.2383174685105236,0.5731545242385555,0.4479839603579797,0.03883047083912733,0.008648535866281948,0.43305415961103755,0.022736267214631387,0.07879283995899843,-0.0004516012655062934,-0.0004516012655062934,0.5824390963214948,0.7691811130755603,0.395342278856631,-0.0004516012655062934,0.524410996238911,0.2383174685105236,-0.000450420559791595,0.07128006944169477,0.07754130778041113,0.5731545242385555,-0.0004240634825316558,0.27521159149235574,0.23981665154726328,-0.0004516012655062934,0.5301873517782305,0.1170963980445818,0.4489529570093088,-0.0004516012655062934,0.1170963980445818,-0.0004516012655062934,0.019858479474925805,-0.0004516012655062934,0.03721086844050207,-0.0004516012655062934,-0.0004516012655062934,-0.0004516012655062934,-0.0004516012655062934,0.43279562630287466,0.24125589242242673,0.09623189538119473,0.5760799314826425,0.39401348816299053,0.0007560031385832472,-0.0004516012655062934,0.021978986573243722,0.4308928693192499,0.28313666153576383,0.4479839603579797,0.6246640315827373,-0.0004516012655062934,0.5760689919262716,0.002000966894770584,-0.0004516012655062934,0.0076879237976543585,-0.0004516012655062934,-0.0004516012655062934,-0.0004516012655062934,0.23889186067055454,0.422749163488131,0.03996771446788687,0.2383174685105236,0.2383174685105236,0.017101485341226574,-0.0004516012655062934,0.2383174685105236,0.5597123168772987,-0.0004516012655062934,0.47860131595322547,0.5985131209714516,-0.0014790886461786973,-0.0004516012655062934,0.13472261898739524,0.07128006944169477,0.5525263775615419,-0.0004516012655062934,0.05680460101875351,0.0004213025829529343,-0.0004516012655062934,0.4408961481053255,0.4408961481053255,0.46279689864192197,0.8603962835728443,0.2383174685105236,0.4479839603579797,0.12309693451310084,0.23999143236317994,-0.0004516012655062934,-0.0004516012655062934,0.07804065940750668,-0.0004516012655062934,0.07451772037392679,0.0077632090999931735,0.3938156005097226,0.1170963980445818,0.2383174685105236,0.4754437474374136,-0.0004516012655062934,0.014916511766052049,0.422749163488131,-0.0004516012655062934,-0.0004489726601162869,0.4479839603579797,-0.0004516012655062934,-0.0004516012655062934,-0.0004516012655062934,-0.0004516012655062934,-0.0006212926933289592,-0.0004516012655062934,-0.0004516012655062934,0.2418704271598518,0.07994403760969812,0.2383174685105236,-0.0004516012655062934,0.07128006944169477,0.5416097975253074,-0.0004516012655062934,-0.0004516012655062934,0.7323319451365488,0.4479839603579797,-0.0004516012655062934,-0.0004516012655062934,0.3940194720510028,0.2383174685105236,0.23831812258994534,0.2383174685105236,0.2751324004956423,0.04767069091052048,0.2383174685105236,-0.0004516012655062934,0.2383174685105236,0.2388172634287383,0.456576757046176,-0.0004516012655062934,-0.0004516012655062934,0.2383174685105236,-0.0004516012655062934,-0.0004516012655062934,0.5010712375376235,-0.0004516012655062934,0.2383174685105236,-0.0004439269615726382,0.2938996747605863,0.4497185525285833,0.08132903125812384,-0.0004516012655062934,-0.00045103473807185657,0.5556200045348575,0.26529719536748797,0.2383174685105236,0.2530333451355062,0.015161539182081976,0.5476664308421176,0.037560087338243675,0.5707177022853741,0.78261792592876,0.11822541372974417,0.244862995029474,-0.0004516012655062934,-0.0004516012655062934,-0.0004516012655062934,-0.0004489726601162869,0.2601424598694724,0.4497345670023859,0.09246914654172678,0.5094551136943509,-0.0004516012655062934,0.09671961251169697,0.57538137166942,0.2383174685105236,0.0077632090999931735,0.2486642191331055,-0.0004516012655062934,0.6024549375280625,0.2383174685105236,0.39380408576158166,0.2383174685105236,0.12243320399541514,0.007067012770265654,-0.0004516012655062934,0.008568329236010211,0.08157586871154994,0.029267396575114957,0.2383174685105236,0.4479839603579797,0.24415525207644978,0.2383174685105236,-0.0004516012655062934,0.2383174685105236,0.40052118875397985,0.24742609322603437,-0.0004516012655062934,0.2383174685105236,0.4557638976536543,0.07255373966667306,-0.0004516012655062934,-0.0004516012655062934,0.1170963980445818,-0.0004516012655062934,0.1370686039442206,0.5732379187207169,0.2383174685105236,0.07605625070507784,-0.0004516012655062934,-0.0004516012655062934,0.782296548862528,0.13149583132105758,-0.0004516012655062934,-0.0004516012655062934,0.05249310561282605,0.11594397405084492,0.4479839603579797,0.40051206856373767,-0.0004516012655062934,0.06914892305611106,-0.0004516012655062934,0.4152681384655346,0.23849389610464106,0.06121869637031989,-0.005876257162389209,-0.0004516012655062934,0.022771054968869386,0.4479839603579797,0.004833464977186092,0.5484279269779457,0.04986463697141383,0.4442616973593316,-0.0004516012655062934,0.023477734773056994,-0.0004516012655062934,0.07128006944169477,-0.0004516012655062934,0.007693925648411468,-0.0004516012655062934,-0.0004516012655062934,0.026464333643449703,-0.0004516012655062934,0.06525429352867708,0.3992179600646282,0.23923566236149132,0.26824632035666873,0.2383174685105236,0.45756322529865734,0.39401348816299053
chr12:47773183:47773184:NM_017842:SLC48A1,0.10978272936507007,0.10580599414377724,0.08800367136244079,0.31370695297296164,0.006869810699562273,0.10832800847798903,0.09405178405283751,0.11568734394420571,0.04946197846868838,0.12647003843085033,0.19981539276275742,0.05353355336648649,0.06610192271588605,0.09633155670724525,0.403290264804841,0.0068195287711972224,0.4743743032239134,0.07178958751516398,0.08192333164031072,0.08779100601637088,0.09417265991274386,0.17861296413273625,0.11081418048581855,0.09204088702982477,0.002992999876964497,0.08779100601637088,0.4240098263398805,0.11576713701265572,0.08647467657095188,0.16593220294901842,0.1845625203070999,0.6033385248586747,0.13394821478819374,-0.0263948901059234,0.17167468424475468,0.13510143396953878,0.08647467657095188,0.3038518941852807,0.06157294794918587,0.20168238986557924,0.4103552018400809,0.43000417114286604,0.09557944333403189,0.12040117161294125,0.20794820333952466,0.40604671182622687,0.006869810699562273,0.2123160935588958,0.023070247223003687,0.19661298082188633,0.053219668762778005,0.004387587927756648,0.20101735197872977,0.08202202934090809,0.5540388113379817,0.006869810699562273,0.6539391710538693,0.40725769687076324,0.15293732987432834,0.6802184238139372,0.047907469118591825,-0.024605682851038396,0.008189026237836072,0.01496587117454179,0.3083093796676534,0.0774956933730513,0.3032484575968041,-0.026394708235626646,0.004705824899962935,0.01412318952687143,0.00270428056007857,0.11584341275749858,0.45318724301332,0.06555032111622662,0.0071734042377575025,0.09234195761355632,0.15293732987432834,0.22323776211863033,0.17767638837784278,0.002992999876964497,0.30716810455596366,0.00270428056007857,0.0029876864284530957,0.5461182689529365,0.012314701758429247,0.41530649168585376,0.30056924635560706,0.13428776735723566,0.08769138176835753,0.14614190032375707,0.08779578790235114,0.012313767702776646,0.044345700953688144,0.11365417154144962,0.08100193585782563,-0.009591130265566655,0.2787259219230063,0.21675135318574815,0.052734568858953515,0.22276648708863075,0.08800367136244079,0.05821591116819197,0.24550123339409735,0.07774780682978023,0.6318492466131574,0.15629698223175342,0.14559190707514744,0.32145702945487553,0.17104247338809606,0.08668855553620691,0.1297888014833098,0.09417265991274386,0.08377932176559859,0.01249556715280703,0.5120467106156692,0.2739787541664936,0.18897509403463686,0.08202202934090809,0.30095834627130863,0.012766231846930237,0.004387420182849863,0.44198596582905814,0.1390412587479694,0.410381401824941,0.05513654114519105,0.28266650843613444,0.37074312145346827,0.4065365697821198,0.18724731503776698,0.0068511012443610575,0.39411946821935023,0.30339459510381017,0.13448676842107618,0.1545628221365921,0.4237293245656806,0.12343639492853155,0.12343639492853155,0.004419228155268906,0.4012894808508728,0.29728987321425643,0.049766164573836924,0.45958684284015966,0.17054789813684706,0.030997329509679025,0.18305573076607004,0.00270428056007857,0.08192333164031072,0.1413171657707144,0.006869810699562273,0.2336142144801939,0.4168761064288612,0.3038518941852807,0.04720259994353565,0.2767169916755911,0.0468300337285405,0.09340073803078448,0.008139038214776989,0.04031602650217421,0.30117477102913803,0.42258813928146,0.30117477102913803,0.24998842561249857,0.08668855553620691,0.07743126988029483,0.006955437906076195,0.08191719800160467,0.08074842803050154,0.22713714311973365,0.4132169102854509,0.4325190230513245,0.12201929038927838,0.2532975272208894,0.010146690747781753,0.30117477102913803,0.15420843383032748,0.3038518941852807,0.03804026663567148,0.3038518941852807,0.06626568109346043,0.47788557638035256,0.006896672529419945,0.4094950116135791,0.6174650754365307,0.13081328019019572,0.13125708382032714,0.012291079807462094,0.07774780682978023,0.16900675882947053,0.5169416724403252,0.08637662491125984,0.0940463885465332,0.01749336926453922,0.3032484575968041,0.08769138176835753,0.6880216746028769,0.228346788709339,0.08404258246541131,0.05877638701631338,0.1462203926367055,0.3712424451576293,0.10025703404475841,0.08769138176835753,0.058355658043093075,0.2021017246505763,0.29098146442620276,0.41352015305799206,0.0898725961751521,0.05957501718747378,0.4051209529047913,0.32021353056897695,0.4092170991614713,0.4255939464470935,0.1604835278608936,-0.02465712433800611,0.08800367136244079,0.30117477102913803,0.09404823477186773,0.04031602650217421,0.21271822226717707,0.31010441435967373,0.23583488791263918,0.1682601447845859,0.08192333164031072,0.32692863153124185,0.280465169150458,0.002992999876964497,0.006955437906076195,0.28625313673172914,0.024488132891396133,0.13937175463122164,0.00270428056007857,0.46255822714915623,0.002992999876964497,0.46705834503388244,0.22678317963316674,0.006896443903052038,0.5772949352077604,0.006869810699562273,0.19712703729297265,0.4168761064288612,0.4593612210958218,0.40923238261649053,0.467777563472409,0.07697817269520023,0.4168432000613045,0.2976725338734677,0.3560722525367069,0.006955437906076195,0.4573886604523492,0.2856913036053283,0.2088135908079637,0.4176629408368282,0.048660780723346966,0.30117477102913803,0.10000521569557916,0.1417185318262856,0.21941890901959532,0.4568499856911228,0.3532127791099595,0.11575438377256952,0.11575438377256952,0.3100799736000581,0.36234101596230034,0.002992999876964497,0.006869810699562273,0.013849128003280933,0.05102255775562019,0.5927500119710027,0.31476902772985027,0.4325190230513245,0.19998240477047188,0.08647467657095188,0.0650925034038765,0.42192616770214564,0.06048744600416582,0.035559296779407515,0.08779100601637088,0.09203562919117238,0.3483550750637828,0.02385229427809453,0.42751408005625435,0.056307439132020035,-0.02465712433800611,0.06900584272896597,0.291058367811624,0.11812560157660326,0.17908127503017818,0.01249556715280703,0.10245596561460034,0.18824355860121242,0.1103512810783374,0.11405607986949429,0.09346647823772226,0.04079243282555206,0.16077886506721556,0.30138009093182844,0.07041612593499556,0.464724627628078,0.27665772700458735,0.002716546876365286
chr12:48789096:48789097:NM_015270:ADCY6,0.10718162491487716,0.0266867848612663,0.0026090920410166696,0.004022591264618458,0.003175252242247406,0.19046826168529757,-0.12367543562287439,-0.1222645228384046,0.027508775995868984,0.10709242172177834,0.10710627118866506,0.14446884723989462,-0.006052995676906842,0.10927454532643448,0.5722040878811074,-0.12367543562287439,0.021783083086025487,0.13242015085577857,0.0027757395017675157,0.0026090920410166696,0.008651598087774992,-0.049399718178904484,0.0026738111883620463,-0.003774562308694376,0.2636095530679442,0.0026090920410166696,0.17801501614265317,0.0026738111883620463,0.0026090920410166696,0.009207915274804135,0.25283646004931065,0.5163070541230532,0.004605218204412509,0.004049657445818866,0.02444366098035143,0.023276617334549294,0.0026090920410166696,0.22274996096684124,0.002862107304181738,-0.12322364123174612,0.18448326391621694,0.45732341841898744,0.10781652703218975,0.00464052526465733,0.0052932288991702214,0.5279494634618574,0.0026090920410166696,0.003233789482182642,0.16483602625238586,-0.09124421518685821,0.0026090920410166696,0.1639625448913484,0.10928833098621926,0.0026090920410166696,0.5316711595871972,0.0026090920410166696,0.25026508023152205,0.6037708560885664,0.004617845376141294,0.8580740059037273,-0.12367543562287439,-0.12324111789290362,-0.12367613297909884,0.18372919354694695,0.09880828224997291,0.004575605503988001,0.0026090920410166696,0.003944429266078381,-0.12367613297909884,0.0026216949825966784,0.16479691808974958,0.007853254451606478,0.16475955391011418,0.04283766936742826,0.0026090920410166696,-0.10843638443313994,0.004617845376141294,0.06010730136903253,0.45141797459624,0.25715116427701146,0.22660542940033085,0.0026090920410166696,0.1573945625811726,0.5219111143491372,0.00284949985786051,0.18748231960733777,0.2226255302121111,0.44865195831592275,0.0026090920410166696,0.438598322449708,0.10781471383531303,0.00284949985786051,0.003168996282781833,0.021774934516605768,-0.12232285850187158,0.19179699420220922,-0.12190986282220033,0.2307099283237982,0.024768319458084026,-0.12323474806853292,0.002638647626717533,0.10799239643524497,0.35133039587570974,0.024636520433111653,0.5681682948814655,0.005268824432825031,0.05749137548366769,0.20391362124549278,0.7722537067126971,0.002638647626717533,-0.12194908754042201,0.0026239428916483287,0.2650619265507359,0.237558890114615,0.2575106887221431,0.027370259180037465,0.19278264266260944,0.5452429016879878,0.02616785280776418,0.4480778629171423,0.15615415752871276,0.30024602398905115,0.10706756005413413,0.22364069780571885,0.10736036955076868,0.008344355011659504,0.026821162011278266,0.15508553081563808,-0.12346719504882989,0.0026090920410166696,0.5523117492095441,0.0047428623891156985,0.002817440291841361,0.002638647626717533,0.3926719519643152,0.14678921673171036,0.14678921673171036,0.004575605503988001,0.023895946065226117,-0.007711302808041595,0.6396948542626402,0.13760529800503127,0.22742903032043646,0.0033833502555001005,0.002864511197492342,0.0026090920410166696,0.0026090920410166696,0.1468101135835017,0.0026090920410166696,0.09692254220435716,0.18720321080091049,0.15508553081563808,0.02009583096551895,0.15207322847181526,0.017437606158956787,0.2217829604893115,0.3909336659769164,0.009790911981116951,0.2238481412117079,0.01275378288998065,0.1656030785942001,0.026833915269982522,0.0026090920410166696,0.40950163085199515,0.0026090920410166696,0.164650666995903,0.3648215641643822,0.3325591660309661,0.18673032091771447,-0.007628777898003827,0.1653446808784239,-0.12094619496891335,0.003956738590001702,0.02332473672785937,0.17951913078764362,0.0040145650890204,0.003891187152625847,0.22722096570542413,0.1889005567958767,0.19797019677809446,0.0026090920410166696,0.1575926113354072,0.49470440593181614,0.2542519264192944,-0.005669821111995307,0.0026090920410166696,0.22300215479456414,0.25650406600772613,0.5815893932622367,0.0026090920410166696,0.008640631592442272,0.002689316088392346,0.22139163974619777,0.002638647626717533,0.2639239019065054,0.002862107304181738,0.02544307218457567,0.00954177485668578,-0.1212852482888388,0.4569215775020109,0.19908040088354412,0.0026090920410166696,0.003168996282781833,0.004605218204412509,0.16447413507576158,0.15520694384887182,0.16464587347542523,0.002624031351647488,0.186636135401685,-0.09118506390388227,0.5293250267403592,-0.12240010606265835,0.10716623075146331,0.31853603789889495,0.0026090920410166696,-0.007711302808041595,0.05264722190625597,0.009790911981116951,0.18152112813825605,0.08375762844406866,0.003293222077351693,0.13612030411513637,0.15864763735241244,0.0219226593113165,0.005268824432825031,0.1639625448913484,0.0040145650890204,0.1451422390173137,0.004021410516996837,0.2429639298516826,0.0026090920410166696,0.22920435891235244,0.0026090920410166696,0.04655732802925559,0.003204829358622985,0.0026090920410166696,0.4109552447455355,0.004575605503988001,0.003175252242247406,0.597409886597702,0.6138768598511462,0.18466732794316965,0.607992113643455,0.0035801938955569435,0.0040145650890204,0.02485402973104313,0.21736187977301366,0.002638647626717533,0.26489015482155454,0.2647242455802188,0.003207536385587295,0.4768030415385378,0.002909871894062166,0.019591634077573555,0.5758590659128716,0.14935145198078176,0.1483517154203919,0.18448326391621694,-0.0028688681244962017,0.16289752543345346,0.16289752543345346,-0.12189025848732155,0.11778834229206848,0.00327187742093904,0.0026090920410166696,0.007814428917230692,0.004575605503988001,0.6119458181483709,0.34953508318693327,0.22589243171810952,-0.08741625778113793,0.04629934628646541,0.004575605503988001,0.16535223585649586,0.2155748845209532,-0.007475818083915287,0.0026090920410166696,0.7615771666814145,0.19895313086384797,0.0040145650890204,0.5529221654683889,-0.1802881676639943,0.34583170170392585,0.0026090920410166696,0.1451422390173137,0.0034962219713333686,0.10924833579102924,0.002638647626717533,-0.12292795576183888,0.1608255594927377,-0.022218638846179653,0.06300862503022639,-0.005770687846691158,0.046869794647711294,0.051025270275742024,-0.02230706882066083,0.00261276315692896,0.2584854980776491,0.02544307218457567,0.0026090920410166696
chr12:50111980:50111981:NM_001257134:COX14,0.004170271636275036,0.6314276455249799,0.003758641076482494,0.014587576911685607,0.00470491989643268,0.6279425815250455,0.46112883182550257,0.007193554337629637,0.6309205453828056,0.07160118151225192,0.08442242355024943,0.08473497628559548,0.010610069535857247,0.03854490738514982,0.07567871893380293,0.007193554337629637,0.6309005912145976,0.6613829978820536,0.5993518544475045,0.0036689701187722634,0.012902165026876078,0.01661801742326935,0.003976636341306239,0.032098400831110985,0.6270193633508758,0.0036301594575136042,0.016145594880105807,0.003972376424270785,0.0036689701187722634,0.5652750962238814,0.13256916573622196,0.7619170401343892,0.08356813115918271,0.021126150475874905,0.016653526943654573,0.6409357895319805,0.0036301594575136042,0.5655256549444171,0.009158544405828362,0.04695015339874642,0.6308624812749012,0.6271053527256149,0.02855776043492897,0.2686276664326992,0.6630195757533481,0.6813698690790052,0.0036301594575136042,0.4878308814943011,0.12422952039647953,0.005845269430862998,0.12726016350745112,0.6270265467898757,0.07286875800018588,0.0036689701187722634,0.6312002251229564,0.028265992869303036,0.6852512587980901,0.07392878304827588,0.5989823238371115,0.022642110517188785,0.12726016350745112,0.006914995992708894,0.004990852220469355,0.3214856653101492,0.026613507062481445,0.00449673612000695,0.0036301594575136042,0.027103806782657003,0.004928394118090207,0.004096287694427214,0.12420071882711581,0.006143388129684346,0.6312002251229564,0.016033394501958065,0.5637986501292137,0.026228727920566075,0.5989823238371115,0.009958166176567806,0.24103670461796367,0.5627803679623163,0.005228683487508823,0.0038976411258175303,0.07497560816331672,0.5655500356687887,0.003927301889897816,0.07553245172218706,0.626685335347136,0.15213747514852338,0.0036301594575136042,0.2417461623764514,0.006452958347026416,0.0037236277555220965,0.016612046568268646,0.015269946501093035,0.23933215431575816,0.40242802727506555,0.0927071594326328,0.1335753615347071,0.004435396962099991,0.028341271443430238,0.0036301594575136042,0.003943085122793344,0.2408936137083743,0.5704621833429517,0.6818713812897521,0.6232413933525709,0.07433771529906469,0.13103214998798754,0.40054771999399397,0.0036301594575136042,0.018910145989881444,0.012847871430125724,0.6270193633508758,0.5809861588089004,0.05376922650873922,0.006283399579221027,0.5700453313628757,0.6308624812749012,0.07516094710381613,0.339428792133942,0.07567871893380293,0.016544008424443313,0.08845867182338768,0.014002292932082827,0.028797388192902618,0.19079439850544952,0.0036689701187722634,0.07368487462863715,0.04639092797768618,0.0036301594575136042,0.6799808022601425,0.6308624812749012,0.046153612856674575,0.0036689701187722634,0.6771606741750014,0.5655256549444171,0.5655256549444171,0.021998419033884775,0.2406680421899261,0.5605291268620032,0.6802788058386264,0.48665318195220886,0.0440253117253952,0.03317150117931411,0.0038010984632637634,0.0036689701187722634,0.04589420581523185,0.6581354595099056,0.0036689701187722634,0.6211974418428095,0.015316079666223448,0.005337412549640652,0.007209401682046368,0.0036689701187722634,0.011845175009403242,0.2408936137083743,0.024498784044196253,0.0036301594575136042,0.4976280000001309,0.6305363961342627,0.6308624812749012,0.2367430418273609,0.0036301594575136042,0.049998168852009306,0.0036301594575136042,0.004893223805396196,0.41226463533637503,0.04816472352070278,0.6307076005229686,0.0055104000594157765,0.021268976140856266,0.09184167970173054,0.5384956580540012,0.005302348457459138,0.08805313298447598,0.5662054806708072,0.04709277520230143,0.5634510867526386,0.5649913626192563,0.32008517384907315,0.005809608836202018,0.6852244495868809,1.0597882964014906,0.021184332476670953,0.6335456022233733,0.0036301594575136042,0.0044195689159803875,0.042485596368298795,0.028674882207112007,0.0036689701187722634,0.012844953435684037,0.004434682134575152,0.00449673612000695,0.0036301594575136042,0.5740949931024403,0.03603993229526159,0.6270997055879122,0.6131068945568333,0.15202821834151792,0.09739520923024542,0.6237035656052132,0.0036301594575136042,0.5659696584340161,0.6645674824330887,0.03482908650656519,0.5654093237801917,0.0165590688344896,0.04909160290544917,0.014445617946226674,0.1454404275564614,0.6888863600972651,0.008055522197684073,0.0036689701187722634,0.6328937510367072,0.0036301594575136042,0.016064638596407554,0.24825366124413345,0.0036301594575136042,0.12830049793533374,0.6154605931888687,0.029963132078578147,0.45642352414216136,0.628484542912527,0.018882903618862967,0.16169728191078866,0.560644392557393,0.0036689701187722634,0.03482908650656519,0.07304521755305785,0.4139852678507008,0.0036301594575136042,0.6281083020704987,0.5606383362808175,0.011020203449118637,0.030711420043660065,0.0036689701187722634,0.2531898846598934,0.07488948331815806,0.028356397965708158,0.07543846103580817,0.49714979551489435,0.6327036517348107,0.9780977878274533,0.0881331287045258,0.007755566384116341,0.015408067887028976,0.5784324534252325,0.0036301594575136042,0.630954988747261,0.6799297370280373,0.028467841510071756,0.568867440629636,0.0035621647552914193,0.016145594880105807,0.26188136830958236,0.08433575897000603,0.6492116027103978,0.6308624812749012,0.25254721935605356,0.2366934292948542,0.2366934292948542,0.007784161056599015,0.08255833666219253,0.5605243018262391,0.0036301594575136042,0.05838622794898868,0.9738538328027979,0.5585192991728867,0.6038656193134213,0.7316846370683956,0.0634088368739878,0.0044919347766811946,0.5990008614044837,0.4857688270191328,0.6271633374140614,0.033301441546465416,0.0036301594575136042,0.3146524273784242,0.039259779305772236,0.004031464276684993,0.6801689975601691,0.6347075370685195,0.6448342464054315,0.015351533433869968,0.03482908650656519,0.006876042406416927,0.16150557205661278,0.0036301594575136042,0.008240674065272402,0.49176806643672977,0.623659156036966,0.004590321778814466,0.6280472976782324,0.003943594267574735,0.06591460426482404,0.028341271443430238,0.004651654667728156,0.9779879325768732,0.6311417247629625,0.00368053429228693
chr12:50504984:50504985:NM_173602:DIP2B,0.024087707121647824,0.032003008805010606,0.040430004109950006,0.6740722991274937,0.05061966580538387,0.07396153484751769,0.05922268840703581,-0.0028719299219877314,0.06048173638898801,0.15199148411212154,0.09588717757322693,0.6740722991274937,0.04807458850094,0.05788182372855236,0.6740722991274937,-0.0028719299219877314,1.0346016801503977,0.34558538116745074,0.0235673449987552,0.04798651578074643,0.11912459894670227,0.058698965910005126,0.007103727167416106,0.04272094532154679,0.6740722991274937,-0.0025318852523318475,0.6740722991274937,0.007103727167416106,-0.0024652978014890886,0.03394997320809705,0.336494275006585,0.7085750209611467,0.049475798665331715,-0.0009539682121503801,0.05873579345992976,0.7477590070243663,0.030233141747089458,0.6740722991274937,-0.0005418699588177339,0.28589220280868144,0.6740722991274937,-0.0029339379208818475,0.11263157953294183,0.005643295643655989,0.009364336991532177,0.7820836487153459,0.030233141747089458,0.039773582606239345,-0.15762765091817812,-0.0027848197123434212,-0.002937405413400186,0.6740722991274937,0.10579465239207328,0.048955591062509574,0.6740722991274937,0.04798651578074643,0.7079188520709361,-0.0029384960336408666,0.14446554798643096,0.6740722991274937,-0.002937405413400186,-0.0015087597391442026,-0.002923410708196579,-0.002648944314960537,0.08647216191803955,0.6740722991274937,-0.0029384960336408666,-0.0028406975311794716,-0.002923410708196579,0.031776801383602005,-0.004583716343821501,0.030489206594540005,0.6740722991274937,-0.16782530025825607,0.04971963606045736,0.04852898326504562,0.14446554798643096,-0.001937758318217804,0.6743598706049235,0.6740722991274937,0.6740722991274937,0.0667699981885842,0.6740783127052903,0.6741361897623146,0.041210154721708914,0.6740722991274937,0.6740722991274937,0.13635382196671128,0.04798651578074643,0.7081702440133744,0.04773591670789996,-0.0023536285637546783,-0.15444341533498337,0.7185502154541843,0.6740722991274937,-0.0029384960336408666,0.09331059269654629,0.7527946411024675,0.016141759702614104,0.04917636238677686,0.07482179182495362,0.7193748458480765,0.14169356962104024,0.6740722991274937,0.6740722991274937,-0.000378975645638293,0.03558451639394693,0.7527822998202942,-0.002779545155389182,0.04853403252911684,-0.0027915074951336202,0.05923946745393662,0.6740722991274937,0.7477885214335388,0.6741828926699699,0.05117996061494409,0.7085116119071364,0.6740722991274937,0.6740722991274937,-0.002851655236613182,0.6740722991274937,0.6740722991274937,0.16888101352545112,0.6740722991274937,0.03181595807311995,0.1638780922504184,-0.002822715909429674,-0.0029384960336408666,0.2905734813289657,-0.0029384960336408666,0.9153440501833189,0.6740722991274937,0.38583870104063045,-0.002698289272011281,-0.0029384960336408666,0.6740722991274937,0.6740722991274937,0.6696115340119919,0.684230729212723,0.6740722991274937,0.6745630316848543,0.67419950194366,0.6705168387934244,0.2569010821601875,0.041707819596197945,0.005645108531773753,0.07482179182495362,0.020986871414292087,0.08246696521160087,0.18671789806529482,0.6740722991274937,0.6740722991274937,0.0792708447072849,0.03048564455265234,-0.0025802666911908384,0.03268060289811678,-0.0029384960336408666,-0.0029384960336408666,0.6740722991274937,0.6741530299478928,0.6740722991274937,0.030391854517133096,0.03203744041632308,-0.0029384960336408666,0.04712452417229439,-0.15443406771302337,0.6740783127052903,0.7538783461808993,0.6740722991274937,0.7391831979365623,-0.002756143648288391,0.24853224686948205,0.3274041748525823,0.6740722991274937,0.7437928882480516,0.6740722991274937,0.25050221753670554,0.6740722991274937,0.05281974177790738,0.5674659852925423,-0.0029384960336408666,0.6740722991274937,0.6111667770303999,-0.16766156930095608,0.6740722991274937,0.048955591062509574,0.6740722991274937,0.6688823373638153,-0.16609875116662406,-0.0029384960336408666,0.059063734482221145,0.0061680752316019966,-0.0029384960336408666,0.04798651578074643,0.716177127650874,0.0919209005656037,0.6741187676715408,0.020497528995247608,0.7948339218017606,-0.0024370653488214947,-0.07492873771677663,0.047545628681213266,0.015570785457891194,0.04988346339784346,0.22769921558915818,0.6740722991274937,0.6674177923994072,0.18196032009264704,0.04272094532154679,-0.051589648447483136,0.7738003885429763,0.7476713407823252,0.0835734798169504,0.6740722991274937,0.04966309375500447,0.6740722991274937,0.12752526054550903,-0.0029384960336408666,0.7522764340831298,-0.12390037914807732,0.387826129943606,-0.033599473620936036,0.006351281866040594,0.6471339813580059,0.010279564945433466,0.6740722991274937,0.6841748688015427,0.1390269677785914,-0.002822715909429674,0.7247467573809989,0.6740722991274937,0.7172468626902286,0.6740781457618792,0.6740722991274937,-0.002566164339749287,-0.0029384960336408666,0.7775161958405876,0.04712452417229439,0.04712452417229439,0.6740722991274937,0.6740722991274937,0.6842369730167267,0.6740722991274937,0.07182099837563055,0.6740722991274937,0.6740722991274937,0.6740722991274937,0.04712452417229439,0.6740722991274937,0.7086753012943542,0.07363265885991709,0.7203748273553789,0.006773020861841943,0.6740722991274937,0.6740712026492408,0.7185809651372062,0.030554447999770737,0.6740722991274937,1.1889321011946437,0.03184088845504428,0.03184088845504428,0.6740722991274937,0.09535385098150227,0.6740722991274937,-0.0029384960336408666,-0.0022734938322431716,0.6740722991274937,0.6740653269517756,0.43561825664722476,0.6856839287585927,0.058297506783615935,0.05809459872484261,0.049832764112107394,0.6740722991274937,-0.0023006893773646966,0.2488228240111478,0.04712452417229439,-0.15317518802510668,-0.0024370653488214947,-0.0026981874196919456,0.9151649996522526,-0.15413028843845833,0.6740722991274937,-0.0029384960336408666,0.22855473855180305,0.030233141747089458,0.030272248214896866,0.048533918661529306,-0.0029384960336408666,0.030233141747089458,0.08615395760766073,0.10550598452215398,-0.0029384960336408666,0.031620727751544085,0.06980011533432193,0.04349158027568387,-0.0029384960336408666,0.6740722991274937,-0.0029384960336408666,-0.002936592876068393
chr12:53727523:53727524:NM_001143682:CALCOCO1,0.1674273962405695,0.581364926515721,0.009512222778408075,0.030710733060366077,0.5812995954637429,0.9087188468151723,0.01785992246406541,0.03215048907891742,-0.0027859201048470866,0.07733431907768143,0.3200915653343209,0.6198380831706083,0.5813360051202882,0.1442561092044402,0.013240517721185077,0.011212246618430496,0.020083807406954063,0.020272579969859122,0.011213734580197018,0.009507348263816578,-0.002484641475691496,0.011267667589714175,0.009507348263816578,-0.004338850722514567,0.562211498685925,0.009507348263816578,-0.0026203264972086415,0.009507348263816578,0.009507348263816578,0.03045735987242436,0.036379527583249374,0.5881417851453699,0.5813002688278357,-0.002645746686409073,1.0461043392031812,0.017867473229600223,0.009566057582928889,-0.002960145045544385,0.1399295210403575,0.024159089794198813,0.562211498685925,0.6393441027658793,-0.00267706624953791,0.011356734435965812,0.74661817012932,0.6347885417085203,0.009566057582928889,0.3173584516367728,-0.0034927651419681127,0.011212246618430496,0.009742941901762545,0.013221484896037153,0.17754066856057185,0.009566057582928889,0.022044972498544285,0.009566057582928889,0.5874336725713196,0.02800755829317922,0.7356571815997808,0.6391529586684996,0.009749957209773077,0.009507348263816578,0.005260579491212669,0.5586884627580053,0.8787604420734902,0.009640002690862945,-0.004338850722514567,-0.00267706624953791,0.005262259008349562,0.13990832430481948,-0.008889213673331495,0.03216171585459755,0.046192668262272835,-0.003740602074195881,0.8483831845626628,0.5815836019129084,0.7356571815997808,-0.004338850722514567,-0.002281341751892846,0.562211498685925,0.011505967662540376,0.02549765778251585,0.55778581106658,0.875711214060819,0.1399045099625207,0.005642012732582177,-0.004338850722514567,0.18200290669934505,0.009566057582928889,0.5640860265770697,-0.0009640168660165066,0.1399045099625207,0.01785992246406541,0.5577863896279759,0.005260579491212669,0.013221484896037153,0.5575145830106822,0.5858137775368091,-0.002984485691457414,-0.004334100585899114,0.5813793197823551,0.17176524449105884,0.036696923976814025,-0.00267706624953791,0.6573564253744189,0.7285374115729609,0.011511125356774107,0.5839963211551524,-0.004332772503775853,0.009566057582928889,0.16393128876622592,-0.002666262361428584,0.562211498685925,0.011505967662540376,0.5584813275120608,0.009769511436920522,1.4817420945064508,0.562211498685925,0.6135211822641526,0.5573232465872897,-0.002960145045544385,0.01327661837862601,0.10007891356080668,0.5727763194079755,0.14100334105988888,1.025053798796717,-0.004338850722514567,0.022044972498544285,0.010034212792375138,-0.004337396513974981,0.6110749489694416,0.562211498685925,0.009571598653548077,-0.004332772503775853,0.6100909208563231,0.6052676882786105,0.6052676882786105,0.5580421982231489,0.5905004734514772,-0.004338850722514567,0.563612162634801,0.5718769879409574,0.5585024572889948,0.10816573052156184,0.1399295210403575,0.011505967662540376,-0.004334100585899114,1.0554251997633703,0.009508836964971082,0.014689227713910374,-0.004338850722514567,-0.004338850722514567,0.017975298093659678,-0.00421495365936643,0.17948388857255682,0.008078853845990414,0.590781364660072,-0.0026203264972086415,0.609801753410203,0.019563035369234608,-0.002960145045544385,0.009775360951880405,0.009566057582928889,0.5866558247326452,0.009566057582928889,0.6066589198756711,0.569430217752455,0.8878161143711834,0.0007560720637758422,0.1924272970196244,0.167556801657899,0.6190345975576134,0.004561316767325296,0.013221484896037153,0.010662672562209624,-0.002960145045544385,0.08433898439810603,-0.002960145045544385,-0.002976282779482156,0.5848624086149039,0.5676123744197938,0.5814403683763312,0.9588840842276533,0.02849864958722577,0.5676517724361271,0.009566057582928889,0.026591337931164846,0.5578423016378444,0.6073723920573952,0.009566057582928889,-0.0026770647805496317,0.003812258642478833,-0.0026287110094490584,0.009508836964971082,0.5578152718543683,0.14213967197155136,0.562211498685925,0.0115436885014404,0.04133217187419293,0.6419921802727252,0.5941540333192474,0.009566057582928889,-0.00267706624953791,0.7095602186992205,-0.0030212576308483174,0.013240517721185077,0.4600737476986289,0.012176399535418492,0.016445061180166684,0.5800853210854816,0.6078070055309616,0.834867222289734,-0.004332772503775853,0.6215859088563583,0.009566057582928889,0.011505967662540376,-0.004338829655789897,0.5579019552317876,0.5755729719416722,0.63838505079779,0.5937585749544649,0.029706866835174497,0.8880988754008121,0.5860864371474244,0.7465591323527716,-0.004338850722514567,0.55778581106658,-0.0030225867124847733,-0.002645746686409073,0.6293402193091926,-0.004338850722514567,-0.0026662638369244346,0.012903034302779143,0.050303594367165236,0.001571160767314575,0.011212246618430496,0.5578019402771845,0.009611670818511733,-0.003185169495956486,0.02649600970905011,0.5967762997139754,0.5880685100075627,0.562211498685925,0.1399291112507443,0.562211498685925,0.6135211822641526,0.5934460359689934,0.009566057582928889,0.562211498685925,0.6046950443651232,0.0036643853708403645,0.14005777693755989,-0.004332667236936497,0.011505967662540376,0.5578089650944333,0.05059637998017798,0.022860807208847672,0.562211498685925,0.5518229503413867,-0.004338850722514567,-0.004338850722514567,0.13475950407508613,0.12890245545582635,-0.004338850722514567,0.009566057582928889,-0.0010369790847816612,0.567610693810084,0.6840551455247914,0.6032079811843594,0.17718130217787426,0.5577750060089461,0.5923453641576837,0.5689126693991922,0.5799300703901524,-0.004378693713250156,0.08434745350417251,0.5813791168670588,0.6439409033170299,0.6452435902803549,0.07743832688428501,0.6313936419709119,0.5578019402771845,0.6425148432270824,0.55778581106658,-0.0030212576308483174,-0.004338850722514567,0.0122635422566785,0.009569443801717342,-0.004241846317596762,-0.00267706624953791,0.26553986019883946,0.011463764858844483,0.5676123744197938,0.5813953115778003,0.030586790439938172,-0.004233853934472578,0.005266685572508381,0.562211498685925,0.5842986672883195,-0.004338850722514567
chr12:54419460:54419461:NM_002205:ITGA5,0.5688215817488423,0.5987407785613261,0.7132556745052453,0.030084058896806376,0.7132499163745835,0.27149005959973066,0.49864812989125756,0.0010184723233537807,0.5570225375187791,0.7401929755922346,0.43422355511596344,0.00305169315478504,0.5691542744510294,0.6615251816705365,0.028799841457927022,0.011545943161224426,0.05547321125094856,0.6582963682006738,0.5681157541819151,-0.1577141273103374,0.05837000233969525,0.9197321369186127,0.0010184723233537807,0.5962891769681287,0.20831135274009158,0.6521297930457088,0.004641233705890813,0.0014923675283501914,0.5763185383551301,0.638475081573648,0.6211871275579046,0.7100227407650874,0.8169964132469938,0.5570191784717498,0.8064688239841645,0.5702637228459435,-0.29121299788783767,0.21028262742373027,0.0006025634070450092,0.07947066194502117,0.029961313197426787,0.4109972019663105,0.9175364420300702,0.48603930657631783,0.9461839856860281,0.06264910584347988,0.4821715827368723,0.5722004174391511,0.12214193813281154,0.717088443483271,0.35406340426681315,0.0006025634070450092,0.3894639332261007,0.40326538428471925,0.03181028973707517,0.4821715827368723,0.30414134495306566,0.0005813907251425166,0.7904768458769419,0.04488766452682375,0.3029164166684416,0.22075918469832584,0.025662884402204322,0.006045270399084424,0.5029237376619615,0.00209015579665639,0.0005813907251425166,0.5570191784717498,0.0028762374962517656,-0.21702651585642896,0.0005909306513021684,0.849537759389704,0.35593833045659234,0.5026479476302261,0.7132499163745835,-0.23947900857766385,0.7904768458769419,0.002981071658369916,0.233260296888557,0.20831135274009158,0.004619977240499562,0.0014308448077054448,0.03309692640784084,0.40402158216429473,0.0006025634070450092,0.35473166929604494,0.21294277829721112,0.09909417906386597,0.39702484084551515,0.08467603142120958,0.1636128678776521,0.0006025634070450092,0.0046264145795911205,0.003017708594015678,0.025662884402204322,0.5565863178293684,0.07452372443800781,0.68176369254496,0.57047359148619,0.0035602366789768136,0.40549759672122326,-0.21700983757884917,0.5013243233912174,0.052190479109201104,0.9507152516837751,0.4641983197135522,0.0033338101681770205,0.6246727714272976,0.07914959618132508,0.22538559580380035,0.5691287742363349,0.0012712670318759667,0.0274260200872391,0.002401556224340684,0.00697090445548515,0.5753510028342301,0.5994851751775827,0.03171207551852878,0.004525463472488556,0.03139675236436168,0.0020793342665109127,0.03181028973707517,0.858894212901566,0.215585745300219,-0.24923228560213467,0.8020158204691835,0.0005813907251425166,0.0005813907251425166,-0.21345355421101342,0.0005813907251425166,0.06454630938526956,0.03173824695207417,-0.2303471513711794,0.001512858064230238,0.6515109880427435,0.21785499291544616,0.21785499291544616,0.027634412441691014,0.16788163261996836,0.004619977240499562,0.5601107380015335,0.6424456732770305,0.01795000406323166,0.005963915109817697,0.001086872025957586,0.0005930134104070173,0.0005813907251425166,0.7716289340924524,0.0005813907251425166,0.8425918115723126,0.031338661706137305,0.002401556224340684,0.03968180010964911,0.058186900722760115,0.0002594691635339208,0.009802602581750364,0.012041114068407688,0.002806479657948835,0.026114414129091712,0.026580088002852775,0.21593996212394345,0.05504952022755116,0.21043782355381374,0.07765400476993872,0.39702484084551515,0.06168540736717709,0.6509204596678708,0.7160062909879579,0.03402750006829891,0.0064484035084066416,0.5586743056414251,0.5394975194331215,0.0008215055715697361,0.002115243520316834,0.16466732479996687,0.20828559339052352,0.002570137694451191,0.2109403238204018,0.75503984256414,0.0352169199876603,0.005179999759288789,0.0256840588117192,0.650208635935194,0.748404335092741,0.0809043655048877,-0.29121299788783767,0.03445227373229198,0.0015365902116604158,0.39945631722189906,0.22538559580380035,0.0012712670318759667,0.006000456490895756,0.0005813907251425166,0.0005813907251425166,0.007947793722824559,0.00242278234310489,0.0274260200872391,0.026394274248453253,0.5563110288875631,0.44105562058862763,0.29424920654996073,0.3986662718602547,0.0005877472555950725,0.9658481437666112,0.0037101030178319228,0.0005813907251425166,0.032709239819072256,-0.22978508398065944,0.002115243520316834,0.9941260984915166,0.08127881595636322,0.0028912916755659546,0.03564089473584553,0.003964066843364866,0.40743302566008477,0.0005813907251425166,0.05839542847447082,0.0009852782549886197,0.143218839019083,0.29104261415375665,0.02903440791447126,0.8756939582594806,0.49959678500832483,0.5823311203002861,0.8014682917433973,0.0006025634070450092,0.0256840588117192,0.0037101030178319228,0.0005987680321226652,0.968491715209178,0.0005813907251425166,0.7487325254765371,0.0005813907251425166,0.030692516956639326,0.02697550985281938,0.0005813907251425166,0.16145002882037435,0.005879673236654448,0.021873448843428123,0.00452182637798626,0.03181028973707517,0.0321542196141722,0.03171207551852878,0.005621880297173476,0.5506385182215929,0.06036942419588803,0.006694107523251669,0.20805397539286608,0.029961313197426787,0.6155479763960948,0.023720448731985477,0.21547755771884206,0.014053574110477307,0.02705046634389846,0.030961005000094577,0.7794064157810152,0.24861761825886158,0.03171207551852878,0.08587144723638429,0.05410632497886203,0.05410632497886203,0.002416603093837122,0.1909155409502154,0.0006077829468649765,-0.25062559053101696,0.08416380086513378,0.00242278234310489,0.9095341977660686,0.9522273535381808,0.027983975921778204,0.004580341390867715,0.7594450620689837,0.5758833467814247,0.025890186184980457,0.7760920628242148,0.018240644192030753,0.5506385182215929,0.012446024487788698,0.3011545065450797,0.000644356275832314,0.06696497131057377,0.635162318881936,0.6355291501394174,0.0005813907251425166,0.48738571915835993,0.0010549983247914452,0.38765019039987864,0.39702484084551515,0.573546935882886,0.2749930737425956,0.7909099267399113,0.01027774426654715,0.0304089722155908,0.0012567282607644503,0.003946868937447112,0.21121094044123867,0.0005813907251425166,0.03218286582347435,0.07557312695484425,0.0005813907251425166
chr12:55743279:55743280:NM_005811:GDF11,0.0438390996943617,0.20600955332506315,0.004535369559372143,0.2438968679263855,0.07829512915780665,0.17781406021611734,-0.04997815614034515,0.015656328880682968,0.042048507090499565,0.10003643993375211,0.07829419730601556,0.22998157678743167,0.0880928144143309,0.03389188335851698,0.12937499466803412,0.01565592562324236,0.24874076058286484,0.4998364821053918,0.0802963025002234,-0.04997815614034515,0.06180032066361282,0.016703269479088623,0.01565592562324236,0.3964280465710987,0.26850755880771415,-0.04997911833233404,0.0471248116854366,0.022374612227989366,-0.04997815614034515,0.056315629471675316,0.17650721757724602,0.11160358271802837,0.07967951923321834,0.062158230492671246,0.016732990305697082,0.008224936848170383,-0.04997815614034515,0.2355408478224978,0.054375383671015104,0.09374564522537221,0.07188988332910767,0.45881061142704715,0.10007215370066516,0.028867610198456628,0.0413935374114843,0.08622834341283694,-0.04997815614034515,0.023398689196261868,0.056219042230472,0.08736552216356122,0.07118435850004262,0.13281407838012171,0.07831926637175707,-0.04997815614034515,0.2809757431134519,0.05960323898795589,0.46720115562944486,0.24111080161155837,0.024938256437064793,0.28727506364669486,0.07122247913705199,-0.0006208074846740796,0.21745759965750616,0.2350218915061118,0.15609883412421038,0.1329703712941196,-0.04997815614034515,0.025359823905671097,0.24300734336150703,0.05318444456624946,0.05567888130428053,0.14239486809592905,0.025225599860086212,0.10792810880057696,0.10732927717875387,-0.03145256951968711,0.024938256437064793,0.014695420521926406,0.12327698295687424,0.23441952010711084,0.0471248116854366,-0.0016566813361932886,0.1160507786351945,0.08030421184516215,0.0061392979087014354,0.2622062851351029,-0.0016566813361932886,0.2442509360287437,-0.04997815614034515,0.20234698603715526,0.04377486989306281,0.0061392979087014354,-0.044027608798034495,0.08517062854162913,0.18007823183607632,0.23568201707040884,0.14591526380924252,0.18576709902985428,-0.0016566813361932886,0.06490698698900269,-0.04997815614034515,0.08509462807240303,0.14353532404047842,0.23583636741714825,0.3662583600209187,0.04505625648179701,0.2767939655033016,0.006118127662430944,0.41158988293307797,-0.04997815614034515,0.008223109803473183,0.19405667010242897,0.11088617206033359,0.21003162522214577,0.19495576090290465,0.14353532404047842,0.21300098076815133,-0.025205429296366988,0.26204518192581194,0.14662944423325508,-0.0016566813361932886,0.054057867196719636,0.07196933824848037,0.11412998227383395,0.05318444456624946,0.14972146635100905,0.05521122849505314,0.05520863277385845,0.01353645420420263,-0.0016566813361932886,0.18591956408111843,0.08536857897672107,0.009397928675954625,0.018580670745168476,0.137851531260881,0.13474440873026372,0.13474440873026372,0.10851186404599161,0.33201392391212603,-0.04997538103675786,0.1485122999119864,0.23005801863146738,0.12180244918833144,-0.0013251114180897194,0.07935259113178783,-0.0016566813361932886,0.05521122849505314,0.2060419571323256,-0.0016566813361932886,0.25865260374648563,0.07023383504055658,-0.049955782962176426,0.16838198416056963,0.05523902853623924,0.1729237255911821,0.14353532404047842,0.0578173843033071,0.02546919257940833,0.07755905929723379,0.1328179069054694,0.26845628613978334,0.14353532404047842,-0.04997815614034515,0.15343384940212412,-0.0016566813361932886,0.2447767704471113,0.15456029017274617,0.08308786075286975,0.16507681284732256,0.24104442059669012,-0.048863484646486516,0.20684336811061707,0.004001691238933458,0.10792793402724296,0.14102255937361294,0.08512310520275312,-0.0014395108015916036,0.10925347932204998,-0.018434304718417838,0.2708411540110694,0.0038169903421163,-0.024088003436544603,0.2508468780228955,0.05521508961397159,0.20553593340695775,-0.04997815614034515,0.018585743798218812,0.19492337663954548,0.15116342529974808,-0.04997815614034515,0.1928366552208831,0.10795800789209517,-0.0016566813361932886,-0.04997815614034515,0.036034060569216375,0.07241353103874776,0.07061690147135963,0.005198194369618603,0.3681083307128582,0.24660441717456721,-0.0014268114911442642,-0.04997815614034515,-0.0016566813361932886,0.08035391781194834,-0.0016566813361932886,0.2340569402289669,0.11450944944345143,0.07624878960378123,0.0050094100195044455,0.24143289265911178,0.02822968402618725,0.3340559777738039,0.05421645784116863,0.3423533373888943,-0.04997815614034515,-0.031648196379331306,0.18633448298269725,0.02546919257940833,0.12864029937728974,0.24697215004381953,0.0057099020136547884,-0.044976907751811485,0.037500041324210726,0.009407473671440125,0.145721226788597,0.02441158526317827,-0.049834480195414976,-0.0016566813361932886,0.05521122849505314,0.46106204132677636,-0.0014496614484227899,0.06492207882903431,0.10792793402724296,0.028619001047172188,-0.0016566813361932886,-0.001658515478034861,0.42196977496954746,-0.0449306466724817,-0.0016566813361932886,0.27661209127756187,0.31827182374466695,0.1143123842336393,0.07185551415723146,0.2719900695457058,-0.030337772657525575,0.07729099843788065,0.100803276618051,-0.0016566813361932886,0.07061807668285375,0.5816663376268801,0.0029127099466682016,0.11542160960475689,0.16936658052028938,-0.04997815614034515,0.11976478411038352,0.29146078320587343,0.06628645017505594,0.07062099200371608,0.2092342456736109,-0.0016566813361932886,-0.0016566813361932886,0.2653372405755886,0.021801028441518322,0.0850943944874504,-0.0016566813361932886,0.03487013987092724,0.07466724894079624,0.3429421718789812,0.4928231294749461,0.10792757149160417,0.07603889035264111,-0.030515449949455736,-0.04995437781115103,0.1776292172296105,0.30795897505110453,-0.0013908197506728448,-0.048863484646486516,0.12608881119093296,0.30901519736696914,0.025635206931905352,0.14151890408640366,0.2530366739531497,0.27815525050832424,0.006015801366602014,0.0026225011675725107,-0.0016566813361932886,0.0979524809911522,-0.04997815614034515,0.19755798556589235,0.031216713198142232,0.062109451354759204,0.01857769106519369,0.19650647838355495,0.0600727151270915,0.08912440338879515,-0.001651693004345034,0.18007823183607632,0.07062099200371608,0.33663525053801135,0.06965603304694781
chr12:56116589:56116590:NM_021104:RPL41,0.1926875740432748,0.26849639524010893,0.11049278283475056,0.1950655871551102,0.0015875270694260535,0.32475775408918117,0.0036973769404479717,0.004374872028079235,0.1129139347823257,0.13558726187920628,0.15755810188828567,0.3217034028687733,0.017037759787906503,0.33764621569130615,0.17383967127379873,0.0016152819933104579,0.6769543053594465,0.9312056162653422,0.01298555271254076,0.012430459379877301,0.039014851643773996,0.24593529698410227,0.0015435771062432546,0.240415633859621,0.5474486890676378,0.01252195893412339,0.0004425318734093686,0.004382714165597379,0.006695497694182928,0.007369192672177172,0.10020918730933998,1.394242785516129,0.11494839663798928,0.004674046374335827,0.5538733395460875,0.6820699280529198,0.009107304065363753,0.21589494022093603,0.10977342110899108,0.1692519646191678,0.4671204498919495,0.9935236509522256,0.4883035877682672,0.17646878463210636,0.33312957375231894,0.3363099907999043,0.0034339128681075137,0.01099581521381321,0.021301117830680116,0.32417927793658324,0.01063585678752188,0.5420343249616544,0.15695762083126236,0.009107304065363753,0.543727415663691,0.0003884861017529606,0.7523254973132465,0.297221171241571,0.4732646251362043,0.5528354857103696,0.010638003337005986,0.0012887995925453533,0.006131011456356139,0.2252557964243742,0.34056353306745174,0.39573488524384703,0.0003884861017529606,0.007445600100545957,0.006131011456356139,0.006452230324498043,0.003209881423558991,0.01845229508544788,0.5388362180280819,0.04945403473170984,0.5581232788381191,0.30512507313640597,0.4732646251362043,0.004428280329858869,0.5421716157342649,0.5475446138200988,0.0004425318734093686,0.0004567192713741397,0.17784263870818418,0.6467031147291575,0.001995132303873104,0.3036848771799261,0.0390379523605191,0.09823094767556934,0.0003884861017529606,0.5480627314655822,0.033265250231951704,0.0012887995925453533,0.051539683058382746,0.12282743154610831,0.0061751366887553005,0.5325804846713973,0.4006503215858912,0.9305931389834342,0.04981997081030054,0.05213649636402784,0.009107304065363753,0.18143520059310358,0.4770970942543127,0.00849881080219217,0.5652666640675836,0.21597134569720966,0.41473959146246847,0.7591524706449906,0.5480492410467288,0.009107304065363753,0.4852243356870631,0.0008618432832954714,1.1309271529683336,0.11647940741328688,0.4549333822937994,0.41617700228195015,0.3956119378522333,0.8380198535096202,0.33147433131778814,0.5431019201000862,0.1264644457405441,0.2498052515632172,0.14232222801590966,0.14781077005617588,0.0019310482566078924,0.28806292231116387,0.40910966292040063,0.008787826484564998,0.000455370212400108,0.0034339128681075137,0.5354868700103229,0.5614419055852397,0.0005340495740365214,0.0011161027096259213,0.9760452867607319,0.4556067200845877,0.4556067200845877,0.22878299123150847,0.3904182457827034,0.11642168265690761,0.8154625646386497,0.6777786553072565,0.5377470195026969,0.05794363803917513,0.11558640730597297,0.18400260889887438,0.006775079571574749,0.488225788034634,0.0003884861017529606,0.2387110809320112,0.46325560582731184,0.3911813318101599,0.17162563943025394,0.0490092805231121,0.11854774253935546,0.41081298501840996,0.3032129636532692,0.37992070825503044,0.38132136761608204,0.17792860857146453,0.04784290341238612,0.4106787377786197,0.009107304065363753,0.8560161356768783,0.0034339128681075137,0.10918737488790209,0.5469272450337926,0.40011869585268917,0.20479046788216004,0.10323991379908343,0.19110292782309152,0.08078782052502265,0.056289076740536736,0.11648229715940822,0.4150225626958102,0.16778128353975896,0.05092002326773165,0.6224805346273047,0.7361247452099262,0.8667472137343809,0.2531260560113487,0.8573021787713571,0.9482341760905525,0.31582061887194907,0.9316015915790384,0.006046602818284397,0.23125421120555684,0.23138424810718383,0.1872499942741892,0.009107304065363753,0.04268202309787916,0.06052841432356726,0.011455214795880853,0.009107304065363753,0.33242886709594466,0.10427064049341211,0.9682621391709207,0.7361531096562549,0.37418087920175314,0.46594300118347304,0.38520603427009925,0.009107304065363753,0.0003827848472029438,0.6331068046118543,0.005219311994657361,0.4501989495428531,0.32767929345674507,-0.0019265974087575577,0.1235122435313401,0.5795189633767444,0.4550982510392017,0.04977458545411506,0.001264588088242924,0.5657417908369917,0.009107304065363753,0.0004425318734093686,0.18452522059922366,0.37992070825503044,0.3152036383551498,0.47368586188682466,0.1839774863872708,0.1981530554138296,0.32412694267860814,0.6375848659577769,0.33210230623585235,0.37656848820835676,0.825683640430414,0.1025014493070942,0.005770749226797323,0.3321040115494235,0.0003884861017529606,0.8632292103342508,0.319956511460844,0.28719931408323207,0.06923352004040562,0.0063751226097922276,0.7747152076669663,0.11998678589718914,0.0436828394466558,0.3056396901242714,0.5432826408153202,0.7897231493159389,0.9683503793031724,0.14592553381431078,0.23186338713212218,0.17779499915595565,0.849951969504269,0.009107304065363753,0.9800670611884867,1.62367694980132,0.17344346438721314,0.10769719715628179,0.04575390478843955,0.003488178053551505,0.8367673522228658,0.43333494137330136,0.5144716467268564,0.850045168966734,0.4659717280480221,0.009790213613359411,0.009790213613359411,0.006175983129830531,0.3743825128753373,0.3241536043430491,0.0003884861017529606,0.2336791843726702,0.328223294422225,0.5442070689240812,1.4464136073498768,0.39663937915321545,0.18010927624378698,0.014798209015814912,0.4539579706391973,0.7828938148427936,0.5110670726959075,0.06036724257570952,0.006046602818284397,0.37773855978571425,0.30411582684841765,0.0003884861017529606,0.5440684670329027,0.539399792117439,0.5657115045671159,0.17120518452484645,0.10226949818943665,0.0003884861017529606,0.13675513939022355,0.009107304065363753,0.23371991273612908,0.7478182396784546,0.674236738798639,0.006961010997426298,0.4635791754291473,0.38606126681855174,0.4161209940397334,0.1734034948295708,0.0007892828928757201,0.8573021787713571,0.2583228067558916,0.18400260889887438
chr12:62934885:62934886:NM_020700:PPM1H,0.009037196121776447,0.009246457458467847,0.008721369939496224,0.655527352008264,0.009485511405792457,0.020290590500296524,0.008451146921948732,0.00991197795840941,0.0033364969090092095,0.07543036480669764,0.042377693563706784,0.008451146921948732,0.4507191950488897,0.009037196121776447,1.2686051140861119,0.009857391164454776,1.8849185617155815,0.04316745675928291,0.008738381870059056,0.008766919247641475,0.023313108549127437,0.06382813623942984,0.009320946713000683,0.01780162247893048,0.008451146921948732,0.009017810183816394,0.5100479241466828,0.010662951452552999,0.008766919247641475,0.009062661138707143,0.11147149093131231,1.2690269075054421,0.009037196121776447,0.008564336830239216,0.09176897259170254,0.00954132720322523,0.008766919247641475,0.5100479241466828,0.025102154508348143,0.49035558522915973,0.40638615916291987,1.8776920095545273,0.049503555921703815,0.049973406527397776,0.06206891862655922,0.4596789039920422,0.008766919247641475,0.10163928677099027,0.019707740247122824,0.009736520025078466,0.08923714876428836,1.2686051140861119,0.036232352927117434,0.008766919247641475,1.2685987060831605,0.008766919247641475,1.2686051140861119,0.5100479241466828,0.032648762772503226,0.008451146921948732,0.08923714876428836,0.008451146921948732,0.03608493909492182,0.008451146921948732,0.0371346108792691,0.008451146921948732,0.5100479241466828,0.008579968178015165,0.06591391735420049,0.01490634064976383,0.21199637393682488,0.009017810183816394,1.2686051140861119,0.5100479241466828,0.009736520025078466,0.4064738302766611,0.032648762772503226,0.009243798556047206,0.5102380483524549,0.008451146921948732,0.5100479241466828,0.03322430735719255,1.2686051140861119,1.2842038391372275,0.025626180651701524,0.40638769483135084,0.008451146921948732,-0.002641948214439721,0.008451146921948732,0.6563424043259852,0.02455052692956633,0.024530898396754527,0.41230420342823315,0.5101537717027318,0.5316367879606654,1.2693698165226115,0.4301573769639557,0.00870198717427613,0.008451146921948732,0.014020089180778683,0.03671530990240504,0.01490634064976383,0.012274693728963504,0.5153826190337099,1.2685987060831605,0.04421877088370174,1.3615590144627745,0.008721369939496224,0.6561104720060329,0.008766919247641475,0.00954132720322523,0.0020193439609602487,0.6570239484553083,0.5179069652974146,1.2686051140861119,0.015755308855532613,0.009037196121776447,0.40668927761470874,0.5100479241466828,0.008451146921948732,0.008451146921948732,0.5100357747757084,0.08844409162044549,0.008451146921948732,0.01490634064976383,0.11643131800482692,0.008564336830239216,0.5100479241466828,0.07357895240800397,0.008451146921948732,0.40942551595088,0.5100479241466828,0.10251443275809635,0.008564336830239216,0.008451146921948732,0.5100479241466828,0.5100479241466828,1.3094977520793383,1.3939889718658534,0.5100479241466828,0.008451146921948732,0.40638615916291987,0.40917898847579404,-0.015398451252362333,0.02492468077804022,0.008470526916620313,0.015630299640594855,0.4365308048582107,0.008451146921948732,0.5808342517565244,0.40638615916291987,0.5100479241466828,0.0359471424990212,0.001963956473344422,0.021321532583115088,0.0038025400521463637,0.008456767079119465,0.40408681848815176,0.5100479241466828,0.40638615916291987,0.5100479241466828,0.40638615916291987,0.036232352927117434,0.40638615916291987,0.008766919247641475,0.40638615916291987,1.93358181476706,0.04861041866718889,0.4063933204369349,0.5100479241466828,0.00939798433912574,0.005912842646734209,0.07330383538378021,0.5100479241466828,0.5270688023638781,0.40638615916291987,0.5083052922864438,1.2686051140861119,0.018213662829786453,0.43931143763700875,0.40638615916291987,0.40639494557168393,0.43386974319450944,0.009062661138707143,1.270295707594962,0.008766919247641475,1.2690662313934704,0.4070722970947639,0.016697435798788574,0.008766919247641475,0.007195352311840736,0.00954132720322523,0.40638615916291987,0.008766919247641475,0.5491849021058915,0.07936246215202901,0.008451146921948732,0.5293257314190302,0.40658719966928847,0.5100479241466828,0.003156620076677899,0.036232352927117434,0.40638615916291987,0.033699122086572095,0.007447688645073877,0.5100479241466828,0.5132553630083925,0.08748527273829312,0.41569817717189783,0.47326444546859525,0.4159855691041288,0.42511608096562037,0.47926805335317096,0.008452807536937348,0.008766919247641475,0.40638615916291987,0.005907053939070039,0.40408681848815176,0.6650364914313882,1.2643679904683118,0.5204039765681807,0.05301592884481329,0.008451146921948732,0.009017810183816394,0.11555699757359425,0.40638615916291987,0.40638615916291987,0.008451146921948732,0.008506949838052155,0.5266307895054654,0.5100479241466828,0.40638615916291987,0.5100479241466828,0.5225842230979829,0.48141366497771143,0.00881175996523989,1.280457566807987,0.017428527609591765,0.015885193523420993,0.5086175558417683,0.5100357747757084,0.40639494557168393,0.5100479241466828,0.05776632760016638,0.40638615916291987,0.5100479241466828,0.414701284847956,0.009017810183816394,0.40638615916291987,1.2781437716422928,0.04857111585651114,0.5113794047337954,0.025672404712349772,0.40638615916291987,0.40638615916291987,0.5317213277096159,0.008766919247641475,0.5100479241466828,0.4073380434011238,0.0584415572343667,0.0584415572343667,0.42511608096562037,0.04192782631822603,0.5100479241466828,0.008451146921948732,-0.01879851213194543,0.008451146921948732,0.5100357747757084,0.06483754773362797,0.5100479241466828,0.4366172415597861,0.4048078953941898,0.015630299640594855,0.6564169413714971,0.008451146921948732,0.025871836840355628,0.009017810183816394,0.40638615916291987,1.2863351948132915,0.0036438430987835863,0.4348691612157344,0.008866322144239866,0.03590783335542275,0.008451146921948732,0.007447688645073877,0.00870198717427613,0.008451146921948732,0.03589003510423014,0.035914459755836944,0.008451146921948732,0.015025696172112607,0.008451146921948732,0.40638615916291987,0.015808188245328675,0.0035302577299680393,0.014859788404661525,0.008636035419400043,0.40638615916291987,1.2686684817569738,0.024530898396754527
chr12:70754608:70754609:NR_073474:PTPRR,-0.045182522928753244,0.07903685302400121,0.005733328018292627,0.003915060095715628,0.004104421654954393,0.07898419492945796,0.0038936727574513386,0.003971588985619223,0.05428610559513314,-0.04246225139216686,-0.04691730260371907,0.13765110868726327,-0.04270721493650864,-0.04043616318146326,0.0038936727574513386,0.0038936727574513386,0.003915060095715628,0.004392681149880229,0.004104421654954393,0.004104421654954393,0.027048747733538825,0.17507020700681497,0.004104421654954393,0.004009716028406829,0.0038936727574513386,0.005733328018292627,0.0038936727574513386,0.004104421654954393,0.0038936727574513386,0.07641314789923603,0.22345507425562594,0.10045676390939229,-0.04270721493650864,0.003839399446138314,0.1607845949774912,0.004104421654954393,0.0038936727574513386,0.0038936727574513386,-0.007160250118018241,0.1436702577124025,0.0038936727574513386,0.0038936727574513386,0.05319193699662439,0.0038936727574513386,0.054485395295434835,0.01895000918021894,0.0038936727574513386,0.0042204748690189975,0.0038936727574513386,0.004104421654954393,0.10918928118339444,0.0038936727574513386,-0.04256627285904646,-0.04544528661436986,0.007755049603378472,0.0038936727574513386,0.003971588985619223,0.0038936727574513386,0.054492977418897026,0.0038936727574513386,0.10918928118339444,0.05424898907760667,0.0038936727574513386,0.08754766422729121,-0.0418315756325115,0.003907194211372755,0.0038936727574513386,0.003839399446138314,0.0038936727574513386,-0.030150989636562597,0.0038936727574513386,0.05384281850929218,0.0038936727574513386,0.0038936727574513386,0.003971588985619223,-0.04553114699018812,0.054492977418897026,0.0038936727574513386,0.100179161718298,0.0038936727574513386,0.0038936727574513386,0.0038936727574513386,0.017189225187903667,0.05521275714101115,-0.007160250118018241,0.0038936727574513386,0.0038936727574513386,0.0309770871370475,0.0038936727574513386,0.0038936727574513386,-0.045304609249783634,0.0018613324697684952,0.0038936727574513386,0.0038936727574513386,0.0038936727574513386,0.0038936727574513386,-0.041691875175274506,0.1165945796861918,0.004019028343218101,-0.05380125420079407,-0.04544528661436986,0.03844417813810319,0.055658550118868444,0.004104421654954393,0.04208997600218889,-0.04380538311106952,0.053900356964866836,0.14747697765655288,0.0038936727574513386,-0.04544528661436986,0.004104421654954393,-0.04544296854785246,0.0038936727574513386,0.09160260644642315,0.039338209885515285,0.05422831242788684,-0.03650796955995106,0.003920995458255971,0.0039160601916865545,0.09984726748965655,0.0038936727574513386,0.0038936727574513386,0.09500401159823935,0.0038936727574513386,-0.03930552384186903,0.05656228841555477,0.0038936727574513386,0.0038936727574513386,0.08152302054465821,0.0877188938022101,0.10367971064852255,0.0038936727574513386,0.10736013450796733,0.00463171642485305,0.0038936727574513386,0.0038936727574513386,0.0038936727574513386,0.05159286259353246,0.0038936727574513386,0.0038936727574513386,0.004104421654954393,0.017189225187903667,0.0393229129637781,0.23756612430434376,-0.02955900848825832,0.10219793094744356,0.0038936727574513386,0.06309653247659253,0.0038936727574513386,0.0038936727574513386,0.0038936727574513386,0.0038936727574513386,0.0038936727574513386,0.07627449422825239,0.005430152129966115,-0.04342247073288408,0.01203320460906554,0.004019028343218101,0.0038936727574513386,0.0038936727574513386,0.0038936727574513386,0.004257125769035142,0.0038936727574513386,0.004104421654954393,0.0038936727574513386,0.0038936727574513386,0.004047234613237194,-0.03876434017211372,0.0038936727574513386,0.0038936727574513386,0.004743755938552807,0.0041290442695172125,0.07976799685687441,0.0038936727574513386,0.05643734296415903,0.0038936727574513386,0.16872536464597887,0.0038936727574513386,0.011764217317934311,-0.005211629347776414,0.10219422444494675,0.0038936727574513386,0.09452222500952034,0.0038936727574513386,0.0038936727574513386,-0.04544528661436986,0.017189225187903667,0.04401656580039115,0.03747551426936435,0.0038936727574513386,-0.04544296854785246,-0.04544528661436986,0.0038936727574513386,0.0038936727574513386,-0.04546796639499806,-0.006914927653862479,0.0038936727574513386,0.020850915950494375,0.05247256206294526,0.003897643208810364,-0.036843139447893636,0.0038936727574513386,0.012135655021730196,0.0757032439961246,0.026893592802097133,0.0038936727574513386,0.04211771191646252,0.06794841420992881,0.018940990930005785,0.05671662533084765,0.08360110645390106,0.0038936727574513386,-0.0434466216523548,0.0038936727574513386,0.0038936727574513386,0.0038936727574513386,-0.04517603228204081,0.004019028343218101,-0.045682944943404524,0.003971588985619223,0.13646675432410138,0.056238972016443345,0.0174020253577718,0.00655768279425295,0.05656228841555477,0.0038936727574513386,0.0038936727574513386,0.02633736738301551,0.0038936727574513386,0.0363225790104349,0.0038936727574513386,0.026346463843344714,0.0038936727574513386,0.0038936727574513386,-0.07366702051391283,0.0038936727574513386,0.10222277805993474,-0.04544528661436986,0.025033407640357552,0.0038936727574513386,0.007755049603378472,0.0038936727574513386,0.0038936727574513386,-0.007160250118018241,0.0038936727574513386,0.0038936727574513386,0.0038936727574513386,0.0038936727574513386,0.005760675974299412,0.01228166637907735,0.024254538776658396,-0.04495967591128147,0.0038985264689395116,0.0038936727574513386,0.0038936727574513386,0.02733292987254532,0.04805247635694854,0.0038936727574513386,0.0038936727574513386,0.0038936727574513386,0.0038936727574513386,0.0038936727574513386,0.0289141486679243,0.0038936727574513386,0.0038936727574513386,0.027986656454149883,0.004223713931088335,0.007755049603378472,-0.03042721968778972,-0.042970304342896504,-0.051091090041383014,-0.04544528661436986,0.003839399446138314,0.0038936727574513386,0.006768772913284815,0.2684156583262931,0.0038936727574513386,0.08757325073841471,0.003897643208810364,0.007059686494180317,0.023898455365329085,0.0041823459545312636,0.009539990503147022,0.0038936727574513386,0.026893592802097133,0.0038936727574513386,0.005733328018292627,-0.04544528661436986,0.004104421654954393,0.0038936727574513386,-0.04544528661436986,0.0038936727574513386,0.0038936727574513386,-0.009689027643171033,0.00417350722974863,-0.02697464927867199,0.0038936727574513386,0.0038936727574513386,0.0038936727574513386,0.003971588985619223
chr12:95790758:95790759:NM_021229:NTN4,0.1793297829795818,0.01830821225657392,0.22720363480194158,0.7549153921539089,0.0016645420910843534,0.38530973207138897,0.08656336943133419,0.08613249153675878,0.37277275420607797,0.20280993205342415,0.2126027950064653,0.1794108873720618,0.2279565939844748,0.00240658648891795,0.3025177219584262,0.08616834962209946,0.30627396720942046,0.4855788920906412,0.03957028242237126,0.03611401934565467,0.006094556948231855,0.2825279460268992,0.28709263157358955,0.03323775430544773,0.006230058554096918,0.11625417660975396,0.3025177219584262,0.13796646258171857,0.0800549370511977,0.06913692559691342,0.5965184373407051,0.2701576213078637,0.23350495632446072,0.024824245253856347,0.2891111179441751,-0.03515948120970375,0.00240658648891795,0.30282884643556995,0.015620116534253992,0.013582878386735608,0.006230058554096918,0.6861745128810347,0.15093990530797785,0.04554350304660865,0.242028248702771,0.3421488020058836,-0.000937626300903327,0.31101810740803393,0.004998169643588235,0.006084320043180547,0.2846500133943536,0.1785362040342543,0.19796986949190193,0.1447032132607095,0.3025177219584262,0.0800549370511977,1.403810104192669,0.3025177219584262,-0.03290679096321342,0.6864790324028838,0.3327132661766994,0.10209142438620894,0.006084320043180547,0.013258664222804584,0.004846033988917087,0.17789205126600915,0.006084320043180547,-0.037089610142077734,0.01597932478296704,0.013111891640449236,0.006084320043180547,0.1458132206547348,0.7273559204288335,0.30251559054510413,0.042783398265811234,-0.025211456897438644,-0.03290679096321342,0.32359953964511873,0.26609679187230384,0.30282884643556995,0.3025247637510299,0.01013008198698745,0.333637177686202,0.30238367774308605,0.015688332691797924,0.3025177219584262,0.3025177219584262,0.01783892837253015,0.007219653008254445,0.2657363891564566,0.0033524557400190225,0.03522152036553239,0.005618567545823905,0.1785362040342543,0.007051062119586671,0.3025177219584262,0.17038763008938573,-0.03706409546935513,-6.162596690406641e-05,0.009291797383830458,0.1719637354594567,0.14763906051340633,0.13703710393302526,0.04860214737279511,0.686478016138417,0.17130480978458573,0.005275192413706942,-0.029755232766425666,0.2656002724155625,0.1447032132607095,0.2664128251625998,0.0059862298783803225,0.3477861273428201,0.30282884643556995,0.17919381310725951,0.0021664358029515607,0.04632304583404562,0.005618567545823905,0.33330464807889293,0.12878736945709435,0.30282884643556995,0.3025177219584262,0.23040158992732546,0.30282884643556995,-0.03237805010942857,0.23879554357111263,0.3020471168558274,0.3025177219584262,0.09029740511596443,0.0033524557400190225,0.3419695719325255,0.006230058554096918,0.20713213448212356,0.01824418639874109,0.6864790324028838,0.1785362040342543,0.1785362040342543,0.3023321494118479,0.0043106303891422,0.006084320043180547,-0.029817341796381014,-0.029817341796381014,0.17959282136836857,0.05270092582685515,0.25710018735689355,0.16932020408839576,0.17639908575287644,0.2378050925324395,0.04581930682423746,0.006093318409298998,0.3025247637510299,0.3025177219584262,0.014837076814722516,0.050232138145291594,0.4207520939464589,-0.00564179258890829,0.006084320043180547,0.006084320043180547,0.1785362040342543,0.006084320043180547,0.30282884643556995,0.003076610862510154,0.00240658648891795,0.30288003127396745,0.007219653008254445,0.006099570241289376,0.3030210909944905,0.07205327026888286,0.30282884643556995,0.00906405429279683,0.04986987779158275,0.06404332665921719,0.21040165499561347,0.3025177219584262,0.005657148859501193,0.3023581617813648,0.0785533205404007,0.006230058554096918,0.006093318409298998,0.7255015770793932,0.3025177219584262,0.30282884643556995,0.5961091971876586,0.06730907541015924,0.39161866939870016,0.1447032132607095,0.30257799059802637,0.17919381310725951,0.18107990030651583,-0.000937626300903327,0.008403287957591155,0.006084320043180547,0.006230058554096918,0.00240658648891795,0.725926342529851,0.019045923391689756,0.3469693263074337,0.3024748713455101,-9.186698849095176e-05,1.4034911207682035,-0.08600101291798434,0.1447032132607095,0.006087770047468466,-0.03299868800753347,0.33619570503718216,0.3025177219584262,0.7322018709525766,0.1973114826182525,0.042783398265811234,0.2341730393691901,0.34054438493397543,0.3150340621689711,0.018247781103018945,0.33753341579749097,0.1447032132607095,0.006084320043180547,0.0059862298783803225,0.006084320043180547,0.33704345897056015,0.34302831857239213,0.2528929042318644,0.19151586318931144,0.010126501200886373,0.09482210244767142,0.24409082986249553,0.30282884643556995,0.006084320043180547,0.33619570503718216,0.005728372956939065,0.7274343966986874,0.006230058554096918,0.29705332933183115,0.30279617845037265,0.30158330573900605,0.029947370064289436,0.010560057844148207,0.30203411567800253,0.005057679090801903,0.0627905815384131,0.30282884643556995,0.3025177219584262,0.30241862117319546,0.30282884643556995,0.015486866867298998,0.5429488379949016,0.3333059284499059,0.0056226253829563255,0.00240658648891795,0.3111413048721696,1.4153166407597346,0.06266047681292541,0.3442652028132306,0.006069981219392673,0.3025177219584262,0.00564114845948771,0.3253570267323943,0.13470578714345455,0.30282884643556995,0.005658063033290306,0.006084320043180547,0.006084320043180547,0.31503888765447935,0.28237383944665617,0.006230058554096918,-0.029130095537159117,0.007336361785143575,0.005618567545823905,0.6864588797927652,0.5892054310219351,0.37821571317847,0.10589793921461116,0.1719637354594567,-0.036225252145906495,0.1785362040342543,-0.03434205447978511,0.07568469432389352,-0.000937626300903327,0.0077669902636455235,0.553434196722001,0.020390391555016762,0.342590541374699,0.018342327098072764,0.3375199009976961,0.006084320043180547,0.3376612513703804,0.04690629530178836,0.2967901479405694,0.09979093059056038,0.04364018344865561,0.006905303307522037,0.005630397216535243,0.011640391793178273,0.3028347082813053,0.06289715421521341,0.01080216704770498,0.009407283403932931,0.006084320043180547,0.30282884643556995,0.333637177686202,0.006084320043180547
chr12:100794595:100794596:NM_178826:ANO4,0.3750319101745595,0.000374681822756906,0.019552430418022904,0.000488835617149963,-0.3546495625204027,0.000374681822756906,0.1734634709525693,-0.09904216009140465,0.000374681822756906,0.03482996340406708,0.3099323061052004,0.000374681822756906,0.6325825523575348,0.6327208380595808,0.000488835617149963,0.000374681822756906,0.0007037602910104912,0.2740345673124577,0.3618006144299456,0.000374681822756906,0.1498670295069412,0.05524480449575997,0.054134428057644346,0.000374681822756906,0.000374681822756906,0.000374681822756906,0.000488835617149963,0.054134428057644346,0.000374681822756906,0.0005895899651946479,0.010779997056759139,0.010961477356388527,0.019552430418022904,0.026133186214058246,0.05524480449575997,0.0005895899651946479,0.000374681822756906,0.000374681822756906,0.008341905556701223,-0.16947242080596658,0.000488835617149963,0.000488835617149963,0.0010595707466090065,0.000374681822756906,0.28810089395362615,0.19559406753875996,0.000374681822756906,0.0005895899651946479,0.000374681822756906,0.05391287630180919,0.000374681822756906,0.000374681822756906,0.3099323061052004,0.000374681822756906,0.000374681822756906,0.034098314665742646,0.14345916966363348,0.000374681822756906,0.04287831358944416,0.14220474367139624,0.000374681822756906,0.3090979346326732,0.15024179778569824,0.0004153723893054462,-0.030740348346067314,0.000374681822756906,0.000488835617149963,0.008557284362702866,0.0034945157806874905,0.05391287630180919,0.000374681822756906,0.0010595707466090065,0.000488835617149963,0.000374681822756906,0.07336319230055954,-0.03999908165759436,0.04287831358944416,0.009615901708269425,0.000374681822756906,0.0007953996411683706,0.000488835617149963,0.000374681822756906,0.000374681822756906,0.000488835617149963,0.008313766197833306,0.000488835617149963,0.000374681822756906,0.003045021636064793,0.000374681822756906,0.0010595707466090065,0.000374681822756906,0.0006834300800401261,0.000374681822756906,0.000374681822756906,0.004234191891230865,0.142080114393493,0.000374681822756906,0.013235220605719356,0.011385367257091605,0.000374681822756906,0.000374681822756906,0.0005689051121628985,0.012489772526454557,0.14683448526053922,0.000488835617149963,0.03844631179426816,0.000374681822756906,0.0005895899651946479,0.000374681822756906,0.000374681822756906,0.0007037602910104912,0.162656449530459,0.000374681822756906,0.000374681822756906,0.007012900340021333,0.008170228238029598,-0.051920760249402065,0.000374681822756906,0.000488835617149963,0.030239795557670535,0.000374681822756906,0.000488835617149963,0.10550155674976713,0.000374681822756906,0.05483993120233488,0.677454682225135,0.000374681822756906,0.000374681822756906,-0.3428466403330793,0.000374681822756906,0.20653446700247058,0.000374681822756906,0.0004304084364534777,0.000374681822756906,0.000488835617149963,0.000484751446875209,0.000484751446875209,0.17767809488596054,0.000739988867784036,0.000488835617149963,0.01034518103071047,0.018584598514641337,0.007012900340021333,0.12798916702547158,0.05426131430730452,0.000374681822756906,0.000374681822756906,0.20918251107674135,0.3097842470812101,0.0011148887933672968,0.000488835617149963,0.000488835617149963,0.01056277705489772,0.000374681822756906,0.01763609505246644,0.008412707643964734,0.000374681822756906,0.17449783420280363,0.142080114393493,0.000374681822756906,0.000374681822756906,0.004232724566194945,0.000374681822756906,0.000374681822756906,0.000374681822756906,0.00037472843591002114,0.14258524777704118,-0.05609001190805296,0.000374681822756906,0.000374681822756906,0.07356959346095704,0.18131919654214368,-0.04128328871928555,0.000374681822756906,-0.14403710150095594,0.000488835617149963,-0.16441942551117072,0.000374681822756906,0.0011148887933672968,0.007124464521629292,0.0005989209783797689,0.000374681822756906,0.030878594489789357,0.0005895899651946479,0.000374681822756906,0.000374681822756906,0.14220474367139624,0.007012900340021333,0.09435671480385055,0.000374681822756906,0.1504526909120718,0.30895767719923395,0.000374681822756906,0.000374681822756906,0.000374681822756906,0.002852656013070609,0.000374681822756906,0.018780309096507963,0.01178677993945676,0.30946196195026077,0.5511188534645104,0.000374681822756906,0.01862549366479238,0.09950070162050262,0.007168651547167948,0.000374681822756906,0.3878724582030887,0.0005895899651946479,0.023080625117293474,0.000374681822756906,0.04059733984026892,0.1509969425244313,0.00038081193361760857,0.000374681822756906,0.000374681822756906,0.000374681822756906,0.1808963258608064,0.17449783420280363,0.15312235460589052,0.14800114535636932,0.08210719218457985,0.000374681822756906,-0.4086031193738012,0.0005689051121628985,0.20943204145282157,0.000374681822756906,0.000374681822756906,0.007168651547167948,0.0007715304384280364,0.1431225909178292,0.000374681822756906,0.000374681822756906,0.000374681822756906,0.062156164286179094,0.000374681822756906,0.000374681822756906,0.005779387072703535,0.00040073677581153877,0.000374681822756906,0.000488835617149963,0.000488835617149963,0.1512043280404355,0.000488835617149963,0.0016284902394669842,0.000374681822756906,0.000374681822756906,0.003709869130064547,0.000374681822756906,0.000488835617149963,0.15677527539884473,0.0005947825414356345,0.0003958510784137781,0.000374681822756906,0.000374681822756906,0.000374681822756906,0.14294569953759884,0.000374681822756906,0.000488835617149963,0.000374681822756906,0.000374681822756906,0.000374681822756906,0.004234191891230865,0.06250154815583531,0.000374681822756906,0.000374681822756906,0.11082403126452056,0.000374681822756906,0.000488835617149963,0.16622237118410377,0.000374681822756906,0.000374681822756906,0.0005367135910229193,0.000374681822756906,0.000488835617149963,0.31177588579798565,-0.14695589846152923,0.000374681822756906,0.0006201732053625619,0.001456522796053128,0.16347125549665364,0.21470027711762096,-0.12440467381290332,0.000374681822756906,0.000374681822756906,0.0106954105292002,0.000374681822756906,0.000374681822756906,0.000374681822756906,0.000374681822756906,0.000374681822756906,0.0005895899651946479,0.012025665049840817,0.0003776864428279847,0.000374681822756906,0.15700447758577885,0.000374681822756906,0.0034945157806874905,0.000488835617149963,0.000374681822756906,0.000374681822756906
chr12:101877326:101877327:NM_018370:DRAM1,0.43152511496795765,-0.02420862051579828,0.029285269778705575,-0.479222460867372,0.42276316417224963,-0.004608067104693442,0.020404978940608914,0.3812881973882508,-0.00727544020326254,0.23176080738914215,0.6144871591098351,-0.4795248324399415,-0.07162125482017664,0.4453979450636792,-0.4798092767280149,0.3812881973882508,-0.22258251923316943,-0.03509912731094145,0.2664535971162434,-0.0031227372536641873,0.015211514761278272,0.4655429098264643,0.46818209753120743,0.005436297778278781,-0.4760527333678815,0.029285269778705575,-0.4760527333678815,0.6225155632696546,-0.4798092767280149,0.0699918980059443,-0.4467090680583964,-0.018447801593959645,0.029285269778705575,-0.05368570924267688,0.46545748866224756,-0.38581788921383153,-0.0031227372536641873,-0.4760527333678815,0.024848341794902667,0.014540625605858365,-0.4760527333678815,-0.4760527333678815,0.6410033237383276,0.36990382328525184,-0.18061272314626511,0.014684408455371917,0.1934872885298837,0.5738351916999689,0.19118906876121483,-0.18055695072954042,0.1602976491153865,-0.4760527333678815,0.6382117097871502,0.2298787557189533,-0.4798092767280149,0.1934872885298837,-0.3675048641820784,-0.0006503073225215261,0.4839553593245207,-0.48003766986449387,0.38450971984558735,0.3791712023068429,-0.0017911969040960984,0.2043813929573295,0.06861768143435942,-0.4760527333678815,-0.0031227372536641873,-0.05345855337176056,-0.0018144104544064454,0.3432035029934522,0.01742112515437716,0.240986718379107,-0.4760527333678815,-0.4810837706949862,-0.0217249012946083,-0.07198224340271889,0.4839553593245207,0.017100737466196864,-0.3655095018946305,0.22286357864374892,-0.4760527333678815,0.19353625712423023,-0.48204406963905655,0.02877675513802147,-0.0014078484921391798,-0.4760527333678815,-0.0031227372536641873,0.23281915971957476,-0.0031227372536641873,-0.45339556759427513,0.21172542902706076,0.01176776920607181,-0.4798092767280149,-0.0006503073225215261,-0.0031227372536641873,-0.4865118537437784,-0.44395894844705336,-0.21099812665300313,0.03030557038098486,0.18560948717379472,0.2298787557189533,0.17295421036370515,-0.4544592328494215,-0.480983018898655,-0.4827820064469688,-0.18016690708654962,-0.45112162416999046,-0.17939704371727105,-0.45339556759427513,0.029285269778705575,-0.36916303700827113,0.013183074464493627,-0.4798092767280149,-0.4760527333678815,0.027791873316514726,-0.4454313685582413,-0.013638152280661842,-0.4760527333678815,-0.4728388113376414,0.25814430443055186,-0.4798092767280149,-0.4760527333678815,0.23323989156579986,-0.4760527333678815,0.1862856231556434,0.2976345031296225,-0.4524571512130762,-0.0031227372536641873,0.23001927943432973,0.029285269778705575,0.019450323136317865,-0.4760527333678815,0.16384705848898634,0.02999141352086454,-0.4798092767280149,-0.001497886621656952,-0.001497886621656952,-0.4826913509596093,-0.001793295003926998,-0.4798092767280149,-0.4764379946823548,-0.4395133882706994,0.22286357864374892,0.23377409455211,0.02516631985098053,0.1934872885298837,0.029285269778705575,-0.18681753576550628,0.029285269778705575,-0.3883331885079561,-0.4760527333678815,-0.4760527333678815,-0.07178734872534281,0.2110140469739818,-0.00242488446136907,-0.44548812406036076,-0.001497886621656952,-0.0015801974352026849,-0.4760527333678815,-0.4760527333678815,-0.4760527333678815,-0.445791838001407,0.2298787557189533,-0.48487822812832104,-0.0031227372536641873,-0.4798092767280149,-0.43799925818356045,0.44723972017198377,-0.4760527333678815,-0.4760527333678815,0.271419511103287,0.41071476804445395,0.158913830102432,-0.0031227372536641873,0.059799258265984395,-0.4798092767280149,0.22236572370840393,-0.4760527333678815,0.014289339075677143,-0.4760527333678815,0.22286357864374892,-0.4760527333678815,-0.45367721811210365,-0.3746302012817608,-0.4411465165050229,0.1934872885298837,-0.4798092767280149,0.23574472274769306,-0.4890348692200348,0.029285269778705575,0.011865010240051488,-0.0031207540109167986,-0.4760527333678815,-0.0031227372536641873,-0.4696260900181809,0.013532255365387214,-0.3712422431212843,-0.4799449236948813,0.15959669020233097,0.1267756577385476,-0.07015601012258821,0.2298787557189533,-0.0031227372536641873,0.22355001122380075,-0.450680354190241,-0.4760527333678815,-0.4723211218611688,0.1654668309363223,-0.00256175803716599,-0.18631586683300358,0.01848255097986537,-0.4810866365812541,0.02999141352086454,-0.30639643103626624,0.2298787557189533,-0.4760527333678815,0.011940427362762046,-0.0015801974352026849,0.42936184496607677,-0.4788263064749455,0.19993252505006812,0.03065443052228156,-0.05826986737542081,-0.0003797153687812027,0.48423042196817045,-0.4760527333678815,0.19612061008069107,-0.45157303895546436,-0.0031227372536641873,-0.295792813318156,-0.0006503073225215261,-0.44486521966370607,-0.0006503073225215261,0.008551247396479306,0.21245396514540732,-0.0031227372536641873,0.1215078726000407,-0.37546161064695777,0.15083538217272557,-0.4760527333678815,-0.4827820064469688,-0.22896233157905532,-0.4760527333678815,0.025175523346390116,-0.480983018898655,-0.4765970434003711,-0.4760550208832123,0.2298787557189533,-0.4760527333678815,-0.3355048018954496,0.16337124496134772,-0.47858140560801576,0.23419413764158403,-0.4798092767280149,-0.47786409525246154,0.19813464698030944,0.6935021364908187,-0.4760527333678815,-0.4202389775962396,0.010447716708320481,0.010447716708320481,-0.4798092767280149,0.3452511736898226,-0.005332277787433892,0.1934872885298837,-0.0029757751857990844,-0.0031227372536641873,-0.4827820064469688,0.41676421603607766,-0.44192414804818336,0.18564907149661347,0.4109881551379812,0.04398650551478994,-0.4760527333678815,-0.39415081843875666,0.22176103539205846,-0.0031227372536641873,-0.43067446519512453,-0.481213041056594,0.005964420109702079,0.026646000015152715,-0.07993530010180028,-0.22454138244148167,-0.0031227372536641873,-0.45327851667665725,0.0367104140330099,0.17295421036370515,-0.44569342866104417,0.005436297778278781,0.1554989598246076,0.2155100027167538,-0.47990547842883813,-0.478300268819563,-0.0031227372536641873,-0.4785786367665486,0.2140570306740305,-0.0018135662605727187,-0.4760527333678815,-0.36107632352623864,-0.0031227372536641873
chr12:106247935:106247936:NM_006825:CKAP4,0.1155409144291425,0.270566250964562,0.11469621787475504,-0.0009872546183002373,-0.0038730122872588923,0.5410456788385887,0.255469841607767,-0.00022941769939432977,0.30411155122658695,0.25533188254174416,0.6472394940823722,0.11295012049249606,0.2999205002522262,0.4401014200166148,0.3014976194075787,-0.00022941769939432977,0.3021196076722993,0.581123002814842,0.27378136242870577,-0.0002535028301061115,-0.0011040841433251902,0.030815692005271234,-0.00022941769939432977,0.006028584656379676,0.17644433503864676,-0.00025146054156727216,0.06521160184549682,-0.00022941769939432977,-0.00025146054156727216,0.12067290668096153,0.022391385784658435,0.07139419185349186,0.3969247532331317,0.272644498964805,0.5084689558790358,0.30000457290759935,-0.0009723659409442975,0.17644433503864676,0.02285266490136062,0.02553669544139997,0.1777404787362587,0.3042119224921521,0.0017711118351959043,-0.0019375344836189412,0.40969952889816147,0.03604166085518479,-0.0038730122872588923,0.1586061474166724,0.13452679355148445,0.06413525745825663,0.1903301033918488,0.17644433503864676,0.30918653380641503,0.11471669363896492,0.19030717267634817,-0.0009703337687561597,0.06914629355844834,0.17481253681748243,0.6648678098957018,0.3021196076722993,0.010025741667336108,-0.0019306490510216379,0.16599062729043595,0.27706352672274565,0.048615800915793206,0.12514574279377394,0.06455773270280343,0.257286972616966,0.014308446387727713,-0.003873570195303655,-0.0019418853715488793,0.11380369972724202,0.3042119224921521,0.16807877659174802,-0.0038730122872588923,0.03309856563733016,0.6648678098957018,0.004512057987061668,0.11498654793454993,0.17644433503864676,0.17481253681748243,0.0037648522611206103,0.06455773270280343,0.1855162461455133,0.04841371999881161,0.07511357366280808,0.17481253681748243,0.1961894539556343,-0.0038730122872588923,0.14214071995636762,0.0001656576055019121,-0.0038730122872588923,-0.0019401208950539095,0.1803768442798989,0.16599061570668244,0.0012171361004423287,0.18136385503041946,0.012114832886411908,0.11620979585531827,0.1820659855616728,-0.0009703337687561597,0.18508676108635197,0.13985682343478523,-0.000967324619388088,0.3183079473386239,0.12335500964296248,0.1359097712899946,0.06615999347881421,0.12363949109099981,-0.0009703337687561597,0.2983349179144882,0.008691524841800746,0.17610166378144734,0.17481253681748243,0.30945410189217126,0.1371282921282569,0.010840395401321867,0.17610166378144734,0.0028061468642076037,0.009101926007556327,0.06455773270280343,0.31556139420878865,0.3970756576583341,0.17644433503864676,0.16807822131995181,0.6637889430427001,0.004318369928321575,0.3014976194075787,0.018481950498337618,-0.0009703337687561597,0.08129785796952224,-0.0019418853715488793,0.004451058281986886,0.0002513234406660292,0.06455773270280343,0.07839374553400166,0.07839374553400166,0.1902650716508335,0.005850580230628455,0.1780763024125048,0.18444431352439417,0.006912442249864814,0.1789330995411083,0.004841311063748022,0.009947247189396602,-0.0019418853715488793,0.11471455894561583,0.2726829423900072,-0.0019418853715488793,0.20229921138053844,0.17610166378144734,0.17481253681748243,0.005913783730604305,-0.0019418853715488793,-0.0011196852830939186,0.1387959925739265,0.07010607869552524,-0.0019418853715488793,0.3021196076722993,0.1777882365365717,0.17481253681748243,0.012699788501259912,-0.0009703337687561597,0.1159046941813302,-0.0038730122872588923,0.06555557556112679,0.1938237379417001,0.041369772052936626,0.06521160184549682,0.005801067976981156,0.0017067563529112872,0.2705409927456994,0.013646380590987273,0.17481253681748243,0.20277062319618444,-0.0019418853715488793,0.001830957073556183,0.17644433503864676,0.0014840744021613617,0.31904587143045005,-0.0019401208950539095,0.06521160184549682,0.08475376510280663,0.2545829494259202,0.1761138969261249,-0.0038730122872588923,0.06455773270280343,0.3084726087757585,0.017003989530587127,-0.0038730122872588923,0.008691524841800746,0.06455773270280343,0.17481253681748243,-0.0009703337687561597,0.17730328292461936,0.022855380075069598,-0.0019418853715488793,0.0005311044161139811,0.013481814721072571,0.07241566227144522,0.17185236831197304,-0.0009703337687561597,-0.0019218313079102933,0.41753339707453974,0.05998837119830841,0.17644433503864676,0.31079936179349404,0.01237822504872832,0.16956924645909882,0.3105553127662782,0.014999686729894213,0.18758409371270895,0.023856572757161576,0.18459457401716245,-0.0009703337687561597,-0.0019418853715488793,-0.0022076993907019227,-0.0019418853715488793,0.08711481398232265,0.4200910288091956,0.20057704310454327,-0.0018325615196432832,0.0017067563529112872,0.2580365263460964,0.4104015276163555,0.17610166378144734,0.0009681028354779908,0.05716803170988122,0.162768995971995,0.4066887889620706,0.17481253681748243,0.01363902700283287,0.17610166378144734,0.061682637798628176,0.007607749053375468,0.0009681028354779908,0.07141798352163997,0.009055531749931678,0.0068256335608443686,0.3078424647821726,0.3139298293033228,0.06623587673679948,0.1777404787362587,0.018719923281061646,-0.0009891055055663567,0.00010043412275395625,0.08875081105680221,0.1113241221901824,0.06945979122722151,0.3503528104098844,0.018116193238346956,0.039691154540052453,0.01802593905622879,0.0009263162645719025,0.19973948295198857,0.04102941509570296,0.0015837172374437158,0.06455773270280343,0.0016628010569923468,0.004852666906266678,0.004852666906266678,0.011556248726568907,0.13388859127294434,-0.0012206308704483804,-0.0038730122872588923,0.00880175475972117,-0.0019526007591519345,0.18994386722179205,0.16037199984726713,0.17163196487684107,0.1835343745097629,0.1155303001087335,0.009756686708430884,0.0649272363705771,0.1430750041705438,0.0007370389377555076,-0.0038730122872588923,0.008680160880111643,0.2981660799298147,0.16871547059850556,0.016417201212108323,0.03881472975435124,0.2956823928932646,-0.0019418853715488793,0.05684549227058605,0.0009681028354779908,-0.0038730122872588923,-0.0009703337687561597,-0.0019418853715488793,0.0655795838778381,0.0003475599851120448,0.005801067976981156,0.0655795838778381,-0.0009457212490665556,0.0738550080869455,0.006388577821858643,0.014220840884868191,0.30621931758056214,0.15994529527203954,0.008476677543645617
chr12:109996389:109996390:NM_057170:GIT2,0.26341651662859106,0.3262842364560043,0.007667235849315279,-0.12438790062992666,0.2840398416459515,0.3246746706731802,0.07418808577177394,0.37432145557150587,-0.002477093380912343,0.20855286515066915,0.36300083903643576,-0.0029770745866982695,0.3588436751517622,0.34327363569595604,0.07825551616017251,0.2913240664150682,0.02823330583631481,0.5474836084857923,0.3179466133215133,-0.11612173623479055,0.007740916685978316,0.2944724001370211,0.29221891285353085,0.2012674335397227,-0.11026599395110417,-0.11320422407775438,-0.12151010907056425,0.29221891285353085,-0.11626490580839066,0.3068291947154494,0.012511591478916284,0.21893311031099028,0.29153587575594314,0.09169671775138394,0.29448128421288444,0.08448226369523132,0.0018029845283837886,-0.002983416842222142,0.014399665938448214,-0.000496288119714472,-0.11026599395110417,0.029180200684789853,0.08472631984756218,0.35801778546176294,0.3405802640419362,-0.08786968622300351,0.0018029845283837886,0.007575879113159989,0.021691004438120276,-0.00017488075913996148,-0.004802979249175443,0.07824757354514844,0.3652893132108936,0.0054189161177783385,-0.11026910991871292,0.2840398416459515,0.2994910328465922,0.07824757354514844,0.3355332527207193,0.12466872925729378,0.00010842465351029729,-0.0019512262821883009,0.2849311535143929,-0.1216483416992632,0.2684560749527233,-0.12151010907056425,-0.0019512262821883009,0.09773322468661005,0.28605256904294024,0.06340620237458905,0.011320403230015541,0.00116648745471859,-0.11026599395110417,-0.0007837400445787623,0.2834250000388363,0.05721104149994721,0.3349914837399534,-0.10579376095163459,-0.11026599395110417,-0.11026905412941959,-0.12439285603759448,-0.0019512262821883009,0.03489421348916388,0.08135465662383834,0.1066155289254313,-0.11026599395110417,-0.12151010907056425,0.05796651317210433,0.0017143252259760877,-0.1092677289041408,0.001048366970846537,0.004406842572281522,0.08344366805828746,-0.1215129583891541,-0.11562904083783265,-0.11033361310215206,0.002847182520818059,0.30591685775180294,-0.002988050144779708,0.0017143252259760877,0.0018029845283837886,-0.007164580043233226,0.09168999824906698,-0.0026133285792395156,-0.10294905167145216,0.34103127057841,0.09513227866767332,-0.15538726721414828,-0.1092677289041408,0.0017143252259760877,0.002803723809808978,0.007815570255664761,0.07686247196039864,-0.001447455054765956,0.0768541284578193,-0.0029815656328766593,0.4532965923624494,-0.10948452932583128,-0.12443131489560716,0.010608742846369035,0.07685455497347932,-0.11026599395110417,0.33927848121522325,-0.1243900926395266,0.05799557322145654,0.41997358831624015,-0.0019512262821883009,-0.002983416842222142,0.01492509971108874,0.007575879113159989,0.0962890948803729,-0.11026599395110417,0.06121562012409576,-0.11900093150198998,0.12418069107334778,0.12379760261822303,0.12379760261822303,0.01158618268025835,0.4241923500296248,-0.10579376095163459,-0.02045152661674976,-0.11788753225463999,0.1239640968447292,0.05841724259867259,0.11046491100860889,0.28608651311906397,0.0017143252259760877,0.41483183141024604,0.00284697623488539,-0.031282671510462656,0.07686247196039864,-0.12151010907056425,0.07461468869057175,0.007575879113159989,0.008541144040961124,0.091663206403085,-0.12439143046119672,-0.0019512262821883009,0.07686247196039864,-0.002983416842222142,-0.1243900926395266,0.09166856039374549,0.0018029845283837886,-0.002983046129240108,0.0017143252259760877,-0.0019512262821883009,-0.11033361310215206,0.3623204548748185,-0.11033673332058841,0.13475057937952684,0.29155411069548054,0.4008103522585676,0.06494336912225135,-0.0019512262821883009,-0.11296092148744463,-0.12151010907056425,0.05952491305913554,0.12379760261822303,-0.03365505886398573,0.17498338392412469,-0.11026599395110417,-0.11026599395110417,0.1922314282311512,-0.15240915140091377,-0.11026599395110417,0.0018029845283837886,-0.12138741413348969,-0.1054217506926251,-0.12213218320039587,0.0017143252259760877,0.007748701378035572,-0.0019512262821883009,0.07824757354514844,0.0018029845283837886,-0.12252104679145892,0.1108016838678505,-0.11026599395110417,-0.10300663937801743,8.466755084435285e-05,0.4040569452246602,-0.06845030191758833,0.0017143252259760877,0.17612390593975008,0.04359496710098415,0.005901758418090597,0.07825551616017251,-0.11732150873889041,0.013408264199951336,0.01288163291666744,0.37866159041493513,-0.11575468447058207,-0.09769924652618711,-0.12364492454201059,0.07686247196039864,0.0018029845283837886,0.0845798986287506,-0.1231074516006348,-0.00298990135710947,-0.003503907454811439,0.08574530312034234,0.11269196330915066,0.0022175598530330687,0.28656112795684785,0.28864825231719143,0.4199266356590949,-0.00298990135710947,0.08317490587519671,-0.0019512262821883009,-0.0019512262821883009,-0.10535272861351247,-0.0019447206912081016,-0.12190314131472813,0.07825551616017251,0.4263600052232802,0.007295058406158128,0.006533083344415214,0.07865188378573895,0.008730186287597752,0.0017294576413629525,-0.12151010907056425,-0.11026604776570006,-0.16506343932244597,-0.11026599395110417,0.014712583313361338,0.12378927027917919,-0.12443131489560716,-0.11259579535080044,0.0017143252259760877,-0.11026599395110417,0.29453694945732806,0.0072083858121090305,0.004321126996605806,-0.0019516141501724205,0.07825551616017251,-0.11026599395110417,-0.1211741324719654,0.0010551948749523143,-0.11026599395110417,0.17774390566030926,-0.0018623235265299298,-0.0018623235265299298,-0.10175444264468736,-0.06450408510530203,-0.00298990135710947,0.0017143252259760877,0.04965011123305468,-0.1215065802494254,-0.11026802124268442,0.32667970493493437,0.08680308165936867,0.0011134501949415787,-0.004276000870382046,-0.08212202381670297,-0.10955212469564166,-0.0028502314940122564,0.06176306355585287,0.0018029845283837886,-0.15210582625175645,0.08573163805332384,0.16674613369363256,0.11007583151244049,-0.07179884171333706,0.06537203952126136,-0.0019512262821883009,0.006995657626741647,0.020445944394477722,-0.0015342634226283014,0.0018029845283837886,0.12020597667477739,0.12484422201990003,0.007151195728140547,-0.0018632516366576812,-0.10421832839218212,0.006539618022358806,0.13219372923090084,0.0021536602952197947,-0.12055813904770346,-0.11026599395110417,0.24860645080020852,0.323764233238807
chr12:113358565:113358566:NM_001159727:PLBD2,0.004686235913789943,-0.027482990727237214,0.010200075589310686,0.01653590654286613,0.0060207537138310535,-0.027008829762363087,0.0069337641509398945,0.002089413661797601,0.06649068343339076,0.004281731854598042,0.010200075589310686,0.00276924606594503,0.21234181080129505,0.019145138520407834,0.24861980020497032,0.0018942887307087791,0.016542591702952393,-0.07092912528866538,0.002478427531208055,0.003994415186289735,0.041393943726795474,0.025516922659374837,0.0018942887307087791,0.7330349735981999,0.24861980020497032,0.003994415186289735,0.2647257767825192,0.0018942887307087791,0.003994415186289735,0.02335916418480579,0.0168958761237661,0.28836905929571377,0.023676288804814934,0.0021195863302054946,0.025516922659374837,0.017756696497561994,0.0019896786964479288,0.9340806189584678,0.008530839656369901,0.0023364963412497997,0.26454891142643094,0.27616030074866654,0.008153897188203495,0.15966101403499988,0.05319298604242357,0.31378251714334426,0.003994415186289735,-0.008037228358041326,0.06403651033390435,0.00631553423051482,0.0043889484288630945,0.30146018710631795,0.25977105306319165,0.004452387969655948,0.30286675425551135,0.003994415186289735,0.2756078750957168,0.30146018710631795,0.2650654244625325,0.2647257767825192,0.004357959833929503,0.0018942887307087791,0.21203642554533825,-0.1050782917008538,-0.007950847917883551,0.027348083441472784,0.0018942887307087791,0.0021120803229468174,0.21203642554533825,0.008089678155590252,0.0018948787239164572,0.004120150787647922,0.3047109908139563,0.12911120223393902,0.27020513498245824,-0.009850054636406196,0.2650654244625325,0.0018942887307087791,0.018567658363247606,0.24861980020497032,0.2647257767825192,0.0018942887307087791,0.2501139048129309,0.2588650321319916,0.008563129222206811,0.26475106480969435,0.30146018710631795,0.38731034327536096,0.003994415186289735,0.018477593397101644,0.0369612819077692,0.0019017912479539073,0.002187727535584348,0.2647257767825192,0.21203642554533825,0.014482504979861317,0.009938117770618607,0.288323720057529,0.00225715947432973,0.002770352366836197,0.003994415186289735,0.008096359006283527,0.01562587538015095,0.0021150912193784177,0.28178725534355015,0.038418426610868715,0.31459211191362946,0.288323720057529,0.26617651011762655,0.003898359657568823,0.26454891142643094,0.01685454015085927,0.26454891142643094,0.02938182648495246,0.31419957878035,0.003941885857134862,0.22569628329319752,0.26454891142643094,0.24861980020497032,-0.009971350725579316,0.0019896786964479288,0.26537267524467867,0.05696888892632754,0.30136509576983367,0.008089678155590252,0.06967868552154044,0.0018942887307087791,0.30146018710631795,0.0026723902856020804,0.003994415186289735,0.2606933521834605,0.26454891142643094,0.008929402144529364,0.0018942887307087791,0.25990397184549924,0.29024291730175694,0.29024291730175694,0.003931141978935113,0.26759691638162975,0.24861980020497032,0.26796793555607407,0.25209753511471483,0.3142229088042064,0.0022052221652985593,0.00868696795996688,0.0018942887307087791,0.003994415186289735,0.2521720023817989,0.003898359657568823,0.9245567116899025,0.0018942887307087791,0.0018942887307087791,0.2679963450875125,0.0018942887307087791,0.002747865830202305,0.017837885032854495,0.24926848890115566,0.002275509646773248,0.30146018710631795,0.016746804818335695,0.30136509576983367,0.018482206052994825,0.003994415186289735,0.042385448329268625,0.002058776986798308,0.2510025394939365,0.28053973037516416,0.2234896734148184,0.2647257767825192,0.3042845929794956,0.01867250812028936,0.01660902887365759,0.004635878663505906,0.016444249359262406,0.019397593665186057,0.0018942887307087791,0.0022052221652985593,0.30146018710631795,0.29771029925129766,0.30570312106552894,0.016739208347573115,0.26454891142643094,1.042216335792078,0.018475324888579947,0.27021377290502996,0.004063415223403789,0.3043171452912303,0.03867749006512374,0.010899554714719872,0.0018942887307087791,0.017052348832541753,0.24861980020497032,0.0018942887307087791,0.003898359657568823,0.30148904921036546,0.010545272831510043,0.26479846213265196,0.2513113644592299,0.3033554020334997,0.2764132591317008,0.004577147411051037,0.0018942887307087791,0.010954904367009272,0.26591703692112534,0.0018942887307087791,0.0018942887307087791,0.2674207389527719,0.008936224604035585,0.027739687743921007,0.2604611013013786,0.3134062390637095,0.21203642554533825,0.0019896786964479288,0.26691097128920177,0.003994415186289735,0.2647257767825192,0.02275322024909121,0.002275509646773248,0.32333548100465864,0.2804906258155539,0.06780600853225086,0.004120150787647922,0.0019896786964479288,0.006298337023662698,0.06835045519352212,0.2789098447583093,0.0018942887307087791,0.001937736873338189,0.0018942887307087791,0.23224827829066896,0.0018942887307087791,0.26454891142643094,0.24861980020497032,0.0023764404021375043,0.0027911668124373165,0.0018942887307087791,0.2481563304336094,0.002770352366836197,0.002770352366836197,0.30136509576983367,0.27166773503592745,0.26454891142643094,0.26454891142643094,0.008530409953067981,0.003905013762547864,0.24861980020497032,0.26618538376060946,0.003994415186289735,0.26454891142643094,0.42322036326370327,0.0034304111461412184,0.30700250378761124,0.004326703976212445,0.2647257767825192,0.2647702353996954,0.18551231628217027,0.017692376680012972,0.26454891142643094,0.26298889034265394,0.013034602224871739,0.013034602224871739,0.7311195228403196,0.2574810404658058,0.004095759238988611,0.002058776986798308,0.003797889364068517,0.0025177641191475655,0.2677519522369773,0.052544203038748426,0.3131035135274089,0.002770352366836197,0.005017732975252147,0.26454891142643094,0.2787173471143752,0.0018942887307087791,0.0022052221652985593,0.003898359657568823,0.01935840600577507,0.280999543241287,-0.08359149568186455,0.31340740446934184,0.252032704798235,0.8125007677157989,0.016444249359262406,0.0018942887307087791,0.003898359657568823,0.25992023547532606,0.0019896786964479288,0.27609347458091865,0.027451965030489522,0.09374818123373163,0.25139347720965216,0.30613322649877217,0.003898359657568823,0.03978686112673275,0.002770352366836197,0.21203642554533825,0.2645839422925223,0.001984616552423213,0.0018942887307087791
chr13:32031299:32031300:NM_023037:FRY,0.009021643605501395,0.1493217096773321,0.004904600529540365,0.798949843549666,0.0085780478278496,0.3451062131848453,0.00477480519018153,0.1636074863051207,-0.0003526678917969983,0.2362982749091104,0.037104326222298395,0.04510148876929493,0.012265280252322486,0.008976529167466635,0.004774218520641638,0.0371533527166463,0.798949843549666,0.7085425314789169,-0.0038692590940016536,0.004774218520641638,0.004950108032609535,0.0395573841048211,0.007016812346741175,0.21478677315237713,0.7988924939585321,0.004774218520641638,0.004774218520641638,0.009034606485193053,0.004774218520641638,0.007542814164520767,0.8857168015567819,0.8005704236694735,0.00678497123336505,-0.0002342240370323545,0.03958639742707151,0.006590931140967898,0.006443356503309239,0.004774218520641638,0.016228786032910614,0.0038884694011815657,0.004774218520641638,0.798949843549666,0.005753690543088108,0.004774218520641638,-0.0016222985229808473,0.8333183561969367,0.006443356503309239,0.07780639424646055,0.005054258570658832,0.008500722137288391,0.00708777160252283,0.7988924939585321,0.037104326222298395,0.004774218520641638,0.7988900229318424,0.006443356503309239,0.798949843549666,0.7988924939585321,0.006791888398840179,0.7988924939585321,0.801305436731345,0.04531823412799363,1.0082167408360787,0.008639378628527289,0.8553142325997112,0.7988924939585321,0.004774218520641638,0.00010529962090075062,1.147990637748239,0.016228786032910614,0.004774218520641638,-0.00376944578327007,0.7988923280476435,0.004774218520641638,0.008919861278061991,0.13277785647969328,0.006791888398840179,0.06124869207220143,0.008545971353625614,0.004774218520641638,0.005008177528286417,0.004830527578245841,0.7154969926516698,0.7988924939585321,0.016228786032910614,0.8133480500637478,0.004774218520641638,0.06538754429938984,0.006443356503309239,0.7988924939585321,0.004774218520641638,0.016228786032910614,0.7988924939585321,0.004774218520641638,0.817740107843603,0.004774218520641638,0.8911721841670946,0.004830527578245841,0.03747482488831136,0.0050057000761408454,0.006443356503309239,0.8133635744798559,0.019251966928428427,0.798949843549666,0.799173291009926,-0.0012490443498553716,0.01737954782972967,0.004774218520641638,0.7988924939585321,0.006443356503309239,0.004921532162148606,0.00477480519018153,0.004830527578245841,0.7988924939585321,0.7988900229318424,0.018405227129358354,0.92355347955623,0.004774218520641638,0.7988924939585321,0.20536159053199785,0.004774218520641638,0.7988924939585321,0.23637444313913367,0.004774218520641638,0.016241480021608856,0.013208628042011505,0.004774218520641638,0.7988924939585321,0.22545089282939978,0.004774218520641638,0.8339264515815088,0.004774218520641638,1.0527274255762213,0.004881603055316264,0.7988924939585321,0.7978963031800019,0.7978963031800019,0.9251444795681362,0.01715424317114475,0.7988924939585321,0.7988924939585321,0.7165732412890187,0.7988924939585321,0.06640566571639447,0.004774218520641638,0.016228786032910614,0.006443356503309239,0.7881473493134875,0.00678497123336505,0.08508007012943808,0.004774064258997596,0.004774218520641638,0.800839337921499,0.005114236898491109,0.0822068179551782,0.019194854663519112,0.004774218520641638,0.00633118942730615,0.7988924939585321,0.004774218520641638,0.004774218520641638,0.0051705658281330225,0.006443356503309239,0.13811718917783278,0.006443356503309239,0.004774218520641638,0.8569386639291083,0.1530274907505222,0.7988924939585321,0.8005131089721179,0.0085780478278496,0.008538805153922552,0.08039362066212172,0.7988924939585321,0.015008463893710383,0.004774218520641638,0.0803177737502696,0.004774218520641638,0.06215534629377542,0.798949843549666,0.7989081441011586,0.798949843549666,0.798949843549666,0.010204432852775891,0.798949843549666,0.006443356503309239,0.7988924939585321,0.7988923280476435,0.020321886750451656,0.006443356503309239,0.00477480519018153,0.004774218520641638,0.7988924939585321,0.006443356503309239,0.9058310712749553,0.016228786032910614,0.004774218520641638,0.03667790170996946,0.7125600442510911,0.798949843549666,0.2181710464598335,0.006443356503309239,0.7989988665394596,0.01037033704298565,0.037050807766801114,0.7988924939585321,0.798672206191106,0.9068075880279051,0.03584517381157848,0.004774218520641638,0.8339246909258021,0.8699591669789497,0.8237293554114427,0.798949843549666,0.006443356503309239,0.004774218520641638,0.00477480519018153,0.00633118942730615,0.8104506906845526,0.8029532128383702,0.1182759841030114,0.018060641382311754,0.006443356503309239,0.00654480951088332,0.012753778872123311,0.7988924939585321,0.004774218520641638,0.03741504873745766,0.05938434611966639,0.09690485488522996,0.7988924939585321,0.004830527578245841,0.004774218520641638,0.004774218520641638,0.11572226589358078,0.004774218520641638,0.7860644928532682,0.004888364030396386,0.1158857272500228,0.805623275643266,0.7988924939585321,0.004830527578245841,0.004774218520641638,0.016998446297977282,0.004774218520641638,0.7988924939585321,0.7958946550622604,0.006443356503309239,0.004774218520641638,0.9064537614544761,0.09917950451964175,0.7988924939585321,0.006443356503309239,0.004774218520641638,0.0048191450386651236,0.08981039345379355,0.022675567213169573,0.004774218520641638,0.799160953900825,0.004774218520641638,0.004774218520641638,0.8674045722522302,0.020763640280283463,0.004774218520641638,0.004774218520641638,-0.010391488601745852,0.004774218520641638,0.8141227232266447,-0.04396434449428577,0.8005131089721179,0.011258004980880337,0.006443356503309239,0.00654480951088332,0.7988924939585321,0.04136079816737581,0.8921012765124631,0.006443356503309239,0.004820248687754269,0.9064537614544761,0.004801953966098699,0.8358241860734813,0.006443356503309239,0.798949843549666,0.004774218520641638,0.03747482488831136,0.005114236898491109,0.006443356503309239,0.006443356503309239,0.8032604420587662,0.008500722137288391,0.004956902167499944,0.016285770446811593,0.004774218520641638,0.05267678706894288,0.7988924939585321,0.004784938057206367,0.04853712893373294,0.004774218520641638,0.006902515845872759,0.08063453194465023
chr13:45201040:45201041:NM_198404:KCTD4,0.7206999931875343,0.8478743708138319,0.8167090172069951,0.38059244448396934,0.6113401096217238,0.8555105909798768,0.009525534832069457,0.3670236439729961,0.5969867844756354,0.7283268539264827,0.5328092373379656,0.46072022155107284,0.4781317430060673,0.9941859271755258,0.0070538351578168235,0.3635196197846448,0.410193544263486,1.2716274829275949,0.6800177481318188,0.5866468770829606,0.07346880312195853,0.9001911564257684,0.9012614981309925,0.7492874399340601,0.007132927652664808,0.6906636876540627,0.0070538351578168235,0.9012614981309925,0.8994650940119762,0.692442839302928,0.993716198619689,0.9774423140871034,0.9330501026698164,0.6479286172327918,0.9406727726226243,0.3923879258857039,0.37106288500762286,0.007132927652664808,0.006943341409778203,0.21368989932138183,0.007132927652664808,0.0070538351578168235,0.525964976265229,0.5543855290425015,0.9300556297877207,0.007950438489321754,0.37075046349536733,0.9915398637133016,0.002109637398183442,0.6144110387115084,0.0696004858679409,0.0070538351578168235,0.5403212205219853,0.4654014949171487,0.007132927652664808,0.6893640248487063,0.007388240308309632,0.007046207157752296,0.860602958637159,0.0070538351578168235,0.06962562779657902,0.3734020776976707,0.030520939310214962,0.09803805729074509,0.7665433119600602,0.007132927652664808,0.0070538351578168235,0.584959281221623,0.0070528578611743775,0.0070538351578168235,-0.0018808239442243968,0.46671205690470274,0.007132927652664808,0.08350239305079017,0.5854201782078602,0.0036452885618550174,0.86239374111644,0.9679688101402297,0.015952324804186263,0.007132927652664808,0.0070538351578168235,0.6596791267717164,0.007132927652664808,0.018222572320578695,-0.0027236849158243648,0.0070538351578168235,0.0070538351578168235,-0.02415468298254242,0.3891390867011007,0.015664413347764708,0.00860025585520885,0.0068087293943593225,0.0070538351578168235,0.0070538351578168235,0.0070538351578168235,0.0070538351578168235,0.08433524231175313,1.1097563984776535,0.18070537270609874,0.07586081640375268,0.4654014949171487,0.007203709878049899,0.6588002805139336,0.0006809540779373346,0.007131029245808246,0.878226003809339,0.13973562161395942,0.6719001584323019,0.007067042445283653,0.47208861642029576,-0.0013194487573628677,0.008285956711765796,0.007132927652664808,0.007132927652664808,0.007132927652664808,0.20451798089203063,0.980761366177503,0.01820931774763175,0.0070538351578168235,-0.004259202003059889,0.0070538351578168235,0.0070538351578168235,0.7069738624117716,0.0071095520457250955,0.0070538351578168235,1.162429287481034,0.0070538351578168235,0.007132927652664808,0.24956627004276108,0.081876827482651,0.19325425687259287,0.007132927652664808,0.2490360187925233,0.04359769106760332,0.0070538351578168235,0.007132927652664808,0.007132927652664808,0.012589663510102336,0.06797973080261854,0.0070538351578168235,0.009865582478186724,0.018918330137084924,0.007132927652664808,0.1669483718653676,0.007376965657621901,0.22741708448803172,0.0070538351578168235,0.7118526398223133,0.7050869208889085,-0.01005115592446268,0.007132927652664808,0.0070538351578168235,0.5408634247462559,0.46364962618138233,0.005366893551006904,0.07752642315318,0.007132927652664808,0.0070538351578168235,0.007132927652664808,0.0070538351578168235,0.007132927652664808,0.0070538351578168235,0.47208861642029576,-0.002657580125997497,0.3827807199814351,0.0070538351578168235,-0.007877510284574979,1.008608680848699,0.007132927652664808,0.5933798268136075,0.729085471801183,0.38809677928759,0.8650365153296211,0.0070538351578168235,0.034335399250118054,0.0070538351578168235,0.645413414483987,0.007132927652664808,0.03402413371761194,0.0069045455560075575,0.13907766336990546,0.007132927652664808,0.018626882951681523,0.5878235052177647,0.01604560244644676,0.47208861642029576,0.007132927652664808,0.007132927652664808,0.06785392935054173,0.37075046349536733,0.06500535545925239,0.007067042445283653,0.0070538351578168235,0.4718667803522625,0.0070538351578168235,0.009159523506986691,0.013983626102088448,0.03402413371761194,0.3784539770359756,0.007389575116264938,0.3712297122974486,0.45935675328892533,0.0070538351578168235,0.9873499195234415,0.6545864978730972,0.0070538351578168235,0.007225758413651667,0.18235712994275186,0.0071005599621388055,0.8977082079793257,0.16145351370248992,0.3805940894745422,0.041827892471416356,0.01820931774763175,0.4718667803522625,0.0070538351578168235,0.008030014655842951,0.0070538351578168235,0.02207561520868613,0.007389512777093821,0.36428222492503504,0.46691268019128285,0.7831367785377779,0.938732142107582,1.1075397979794377,0.0070538351578168235,0.6206111196497939,0.5572743524347799,0.15404373233813778,0.07400529412326069,0.0070538351578168235,0.01603201108489441,0.0030732105032417467,0.0071146233947344956,0.05783277043793644,0.5888900570935807,0.007041672107532412,0.0070538351578168235,0.07254792800773202,0.007044312562589736,0.007132927652664808,0.039363941960219945,0.007132927652664808,0.006709107281132942,0.0070538351578168235,-0.0018808239442243968,0.007130988660487295,0.4657744648340124,0.007132927652664808,0.014990920489613757,0.08555832360540969,0.4705059358681509,0.008179289573357534,0.0070538351578168235,0.0070538351578168235,0.005521269725381292,0.4667402522905475,0.007132927652664808,0.419054390507257,-0.0018808239442243968,-0.0018808239442243968,0.0070538351578168235,0.47696886399628635,0.0070538351578168235,-0.002161551395564551,0.007119533019326163,0.0070538351578168235,0.007124066848963356,0.6028719473229341,0.37711132967545946,0.009128506231086075,0.49164350983631794,0.6073751912872395,0.007131929206795715,0.02682668622574902,0.072729444432168,0.47208861642029576,0.0050608349360997396,0.007384440133760092,0.7620821120934782,0.15889607817883633,0.15398861635279865,0.1330173666924775,0.0070538351578168235,0.6545105774403608,0.38059244448396934,0.37742011320894553,0.4718667803522625,0.2653079975704584,0.0070538351578168235,0.5642181507397362,0.3860016812035475,0.007132927652664808,0.466183419083818,0.009126272454472659,0.018081505671324563,0.0070538351578168235,0.007132927652664808,0.04536885783056435,0.0070538351578168235
chr13:45418455:45418456:NM_001286806:SLC25A30,0.008215638492828334,0.07429397665490207,0.0036821402210885992,0.46366984603740735,-0.0005763459085790894,0.4133270690267957,0.0028452204960100758,0.0003419018697794589,-0.000695710084959781,0.006388621828786901,0.008615590442024878,0.001051488368501094,0.026807162214515033,0.031218905231698825,0.4743003835006636,-0.001046453669837126,0.4755815153704705,0.4152499821359779,0.0019328016390712521,0.0016968008599880617,-0.006046045262374813,0.003955968147322041,-0.0011103936349473043,0.0002167360222035293,0.0045075019397905515,0.0018040662128337714,-0.0010801382647544662,0.02383107808293528,0.0015399123040679454,-0.015676197392814385,0.0973606918766657,0.5457163764577295,0.008249449711728644,0.022573857449905227,0.0018085519441207176,0.002330477549344158,-0.0009808448285143247,0.3672429541556713,0.5865679980554005,0.49631887224286286,0.4743003835006636,0.467906608845807,0.04850260020997779,-0.0011722184066464796,0.04147779981955387,0.0018834913780319401,-0.001184326789960357,0.09592199558099505,-0.0011729441376230297,-0.0010680339465727676,0.0492481138024918,0.4740830188080477,0.09891803511074379,0.001685053453872664,0.4762298676601514,0.0014978139376072043,0.38017115304485405,0.46007006340852,0.4996184787718584,-0.001036080460572377,0.04933797162139078,-0.001184326789960357,-0.0011202557250694078,-0.015758218496420753,0.5989447666001672,0.004507748916554494,-0.001184326789960357,0.022625236880172397,-0.000662333371637628,0.03728896477689628,-0.0011729441376230297,0.003816572688418087,0.4777263292056818,0.001438703234876805,-0.0008182017960727886,0.001418094306631909,0.4616924370978739,-0.012919505252498676,-0.00115540470885616,0.00454405958090039,0.0005064492647522678,0.04710443892422722,0.4754973134775229,0.5094060316261232,0.5826700060514696,0.4759176505017986,0.004401067306820949,0.0458320003369093,0.001434327383675365,0.48467314378810133,0.0017149237940571015,0.5566173433374917,0.4599788617874103,0.0009426358853573472,-0.0011253696657401308,0.005706448136931452,0.09644612667178576,1.327947916545301,-0.0008813945503392158,0.07386170684486502,0.0016381224369208143,0.09242912897246322,-0.013617912943631067,0.044898983214915714,0.4760509164587063,0.46918330718689055,0.024994157445166264,1.3169634602000584,0.02024162481313953,-0.0009339910812958679,0.0010625834344622602,-0.01574969922244157,0.47428556857304927,0.3708294451978473,0.004455857804731254,0.002141073485958298,0.4912135205748748,0.4739882558018738,0.4638814503508923,0.04631696900896945,0.0045075019397905515,0.4762298676601514,0.009744862992352773,0.4737712417784648,0.07620428182441671,0.47302087959301226,-0.001184326789960357,-0.0012008286134694082,0.053470012657246276,0.001434327383675365,0.03822617266196173,0.47771912220250534,0.00559377233415136,0.48814459399088117,0.46386981976863456,0.37112525994019,0.37112525994019,0.4958044675281725,-0.0008157609194923247,0.4739882558018738,0.5348348420631723,0.4799223771933149,0.4753299520181894,0.006017210059544961,0.596428473680253,-0.000904394725656895,0.001434327383675365,0.027738923309308394,0.0016968008599880617,0.39953901772929135,0.4599788617874103,0.4602708128357338,0.004863544595169609,-0.0011776238266191022,0.04430661598604063,0.0025230942044596784,0.010493483585095682,-0.0011402711945445246,0.4739882558018738,0.46007006340852,0.0045075019397905515,-0.001184326789960357,0.0016381224369208143,0.4639550840155017,-0.001184326789960357,0.48042168515685246,0.4770423820538168,0.021761619642105955,0.47571423924416256,0.009199293711192477,0.000932034396163399,0.007546574921214293,-0.0692718821540645,0.004401067306820949,0.11338966522186585,0.4599788617874103,-0.06955236346261184,0.4740830188080477,0.40498880397502346,0.4756270956561226,0.4737712417784648,0.4739882558018738,0.5240818430458793,0.05432059712073022,0.4740830188080477,-0.0009808448285143247,0.4614970909453937,0.49117350551632616,0.46430632812254136,-0.0009808448285143247,0.0018463026009845965,0.4597784078034088,0.0009000754977426459,-0.001184326789960357,0.46615566127926256,0.5944799525295708,0.4739882558018738,0.017247434981571257,0.03572144918636496,0.3708146501280736,0.4413271991065918,-0.0009808448285143247,0.0022014366235302563,0.5039523250464065,0.006045863906241868,0.4737712417784648,0.5345059233579901,0.007916635852953333,0.001434327383675365,0.46906898938721725,0.05784344242335426,0.004711177762871006,0.4932897918723733,0.5186888252545683,0.001685053453872664,-0.001036080460572377,-0.0028765531871742,-0.0011402711945445246,0.012040209237705535,0.3881048282177139,-0.0316215475660994,0.0037693755923840083,-0.0010813209519896297,0.09605091057282675,0.40347171890712163,0.004447147681672262,-0.0011402711945445246,0.005679243285105391,0.00036937816991661904,0.4919849386301282,0.4597784078034088,0.0010310358174528828,0.4740830188080477,0.4782995302107531,0.41794623159376854,-0.0167723080740406,0.4515076094041498,0.03882943548493614,-0.005028517165800828,0.4597784078034088,0.47602643359165697,0.46654366592365826,0.47428556857304927,0.5880695952300264,0.4603232354416783,0.4638814503508923,0.4813850796648764,0.0016381224369208143,0.47807320753318233,1.4633930279861473,0.005812936502964782,0.0820828988888139,0.04759746763349393,0.0005871969378554893,0.4746397171242459,0.48762080832280613,0.028944039324206604,0.4740830188080477,0.4642713727586397,0.001434327383675365,0.001434327383675365,-0.0004165686672959641,0.08222183821526999,-0.001184326789960357,-0.001184326789960357,-0.001184326789960357,0.46366984603740735,0.47800624963230776,1.323996932687052,0.007188879552212986,0.06847279581829276,0.00402173031097711,0.4681174213634057,0.4658885719639187,0.415803764145479,0.017501885168715158,-0.001184326789960357,0.40446282725387683,0.0018421505845092412,0.007795666969140042,0.007345664803539535,1.3156497868711559,0.4767309561132629,-0.001184326789960357,0.006127398459613288,-0.01563013963526841,0.054732637426947395,-0.0009808448285143247,0.0002167360222035293,1.2173177239016222,0.3948664930682945,0.0034038148005650394,0.4602708128357338,0.001434327383675365,1.3477683659270072,0.5665470570410984,-0.0011323676337360415,0.4740830188080477,0.3595249828127766,-0.001184326789960357
chr13:49585583:49585584:NM_018191:RCBTB1,0.006429161482823825,0.020512293806463536,0.5728655995677608,0.34023277990176404,0.0007830317231571592,0.0011906796210389703,0.05779465651673035,-0.0011450026708670902,0.02029687064828848,0.021995154171640923,0.6401438078587676,0.34018785092369896,0.008363730343502192,0.0052929681814376656,0.34018785092369896,-7.123130667847574e-05,0.3402442308780356,0.6224236756096009,0.023085673635978406,0.0007588820049822878,0.0031205594253359004,0.0007588820049822878,0.0007588820049822878,0.0006916220971261121,0.34018785092369896,0.0007588820049822878,0.34021881679407634,0.0007588820049822878,0.0007588820049822878,0.5726886503002634,0.9015879088605456,0.3154889818736195,0.6049488731808191,0.02030764566068295,0.603370889222176,0.3140162165860243,0.0007588820049822878,0.34018768757419726,0.002339506307570457,0.5628914721269506,0.34021881679407634,0.3402637486422952,0.03846543760522694,0.0007720017517114063,1.1562206493442497,0.0009133289518208458,0.0007588820049822878,0.5726886503002634,0.022309642592564363,-0.00031172181502832005,0.5712904739561334,0.34027889024367725,0.6401345833436642,0.0007588820049822878,0.34021652143188896,0.0007588820049822878,0.34018237515953775,0.34021881679407634,0.6046688593247033,0.34021881679407634,-0.0011434448960003472,0.0023444136690839792,0.0316126508037978,0.016087559405753373,0.016810357019732373,0.34018785092369896,0.0007588820049822878,0.020512208503845678,0.0316126508037978,-0.00011781775218983395,-0.002047721229023542,0.02040730718045133,0.34467124688503825,0.0007292792889836523,0.572772967318206,-0.0003023521375986604,0.6371986699066642,0.0007720017517114063,0.3537044420086353,0.34018785092369896,0.33067877327881623,0.06309996035724191,0.34018785092369896,0.3307148498583783,0.021481760661618044,0.34021652143188896,0.34018785092369896,0.18536284611828419,0.0007588820049822878,0.34972503341857253,0.0017696672372867553,-0.00030192620711198825,0.000776847588340606,0.34018785092369896,0.0007588820049822878,0.33199791925790406,0.6030681172376214,0.003098908102444571,0.0007588820049822878,0.0031472985945572886,0.0007588820049822878,0.004115771986983423,0.6056834836365198,0.31808939598423536,0.3382979876947878,1.148633951367807,0.13473901181830278,1.0585755311561287,0.33461877195829387,0.0007588820049822878,0.0008009977759537469,-0.0034945118300924102,0.34023277990176404,0.34020578957585246,0.34021652143188896,0.6047398264059258,0.03657415264966527,0.34021881679407634,0.3406541424377966,0.12915463065512442,0.000776847588340606,0.34021652143188896,0.02625805537532594,0.34018785092369896,0.00319829336075228,0.6758049982540455,0.0007588820049822878,0.34021881679407634,0.7332668887007628,0.0007588820049822878,0.34502271723037187,0.34021881679407634,0.8712300433269125,0.0007588820049822878,0.34018785092369896,0.3414707311584422,0.3414707311584422,0.34016919217399416,0.034337503757513495,0.34018785092369896,0.282957330354554,0.004316141133625981,0.3319672048677631,0.03547148846919532,0.1406358256840699,0.6047433077360551,0.021470864198250592,0.6038544512342447,0.0007588820049822878,0.00619376674397696,0.33378762673093043,0.34018785092369896,0.33802734029385756,0.0007588820049822878,0.0469639822940491,0.02155686855104585,0.0007588820049822878,0.0007588820049822878,0.34027889024367725,0.000776847588340606,0.318046818165709,0.000776847588340606,0.0007588820049822878,0.0015465199918104112,0.0007588820049822878,0.0008434134664102796,0.30985006275471844,0.01281849599192951,0.3414257175698646,0.34018785092369896,0.0007365971213557955,-0.0024186362071115033,0.0007958099335066138,0.34018785092369896,0.35997037651758984,0.34018785092369896,0.0009479131674408094,0.34023277990176404,0.03418306447084693,0.30250770720235637,0.0015644994176351144,0.34021881679407634,0.33735234242005957,0.5727094654543268,0.34018785092369896,0.0007588820049822878,0.3402637486422952,0.3423672982100481,0.48296180276117934,0.0007588820049822878,-0.0028139536650647994,0.0007830317231571592,0.34018785092369896,0.0007588820049822878,0.34852659995614715,-0.00030192620711198825,0.31808939598423536,0.025591618320042447,-0.014747965607628068,0.3401892451985644,0.0072895574515593545,0.0007588820049822878,0.34018785092369896,0.604147901379839,0.6293978061676118,0.34021881679407634,0.34098460149971527,0.6325570105926304,0.0004933057971542171,0.6910725661152309,-0.0006544236294101849,0.031959551938485986,0.03405526131651526,0.31926640627060887,0.0007588820049822878,0.34018785092369896,0.00015257277146167592,0.0007588820049822878,0.015324261433065,0.34023277990176404,0.647723739436981,0.35343118103846327,0.0007365971213557955,0.003540402999822209,0.6502809542919845,0.000776847588340606,0.5726886503002634,0.6294016123336885,0.0007588820049822878,0.3421714138514152,0.34018785092369896,-0.0026589724350793292,0.34021881679407634,0.006811843529904927,-0.005478005311318021,0.0007588820049822878,0.3405544075085575,0.17465543583624765,0.009631276384665977,0.34021881679407634,0.3402637486422952,0.5782683897947851,0.32985730720887135,0.0020215010323284197,0.34018785092369896,0.3406541424377966,0.37541343031821534,0.0007588820049822878,0.34021881679407634,0.5769473920485966,0.6190044757380317,0.3332345254358826,0.009197082603529541,0.34021652143188896,0.3320132165347864,0.34538498568377685,0.024467975847915546,0.33199791925790406,0.34023277990176404,0.002378313179249393,0.002378313179249393,0.031953214812756814,0.03313820241419824,0.34018785092369896,0.0007588820049822878,0.0007258714862292438,0.309930540869917,0.33884132241373377,0.04645759756444092,0.33810551746285944,0.010794981184773657,0.004304308816946177,0.02040730718045133,0.3412025708369264,0.020638161257697518,0.0035842037888348006,0.0007588820049822878,0.12837510035649444,0.5782646744596165,0.010120178789354381,0.3463030612482499,0.2797262505702676,0.3414707311584422,0.0007588820049822878,0.6293978061676118,0.0007588820049822878,0.34218930796681163,0.0007588820049822878,0.34018785092369896,0.0007246184694136362,0.02252737918904275,0.057398180142582605,0.34021881679407634,-0.004472062583902706,0.04687657007240344,0.007661044719067964,0.0316126508037978,0.3298434659719469,0.34018785092369896,0.0007588820049822878
chr13:67230336:67230337:NM_020403:PCDH9,0.38190114590156543,0.22848952500566683,0.3813022744294865,0.7930116420823453,0.0026083676182596383,0.22849360927284237,0.3811469257125367,0.0026621787829695376,0.11490442392992556,0.11100273162950089,0.6972618777043763,0.007102683923352948,0.38121019694570274,0.5577364900247911,0.3811469257125367,-0.0014036151396762675,0.41732231907137224,0.25838395260023084,0.11105038187998778,-0.0018775842532083031,0.004941299874325733,-0.0014036151396762675,-0.001823975281255441,0.001954674154075159,0.3811469257125367,-0.0018775842532083031,-0.0018775842532083031,-0.001823975281255441,-0.0018775842532083031,-0.0014509012815388522,0.110658347439199,0.5502392147990864,0.3813781381633012,-0.0018775842532083031,-0.0014036151396762675,0.38128875406081403,-0.0018775842532083031,-0.0018775842532083031,0.11399140439556493,0.013965431004597684,0.3811469257125367,0.3811469257125367,0.11051960456401855,-0.0018775842532083031,0.5532954665025429,0.3811469257125367,-0.001758837987819839,-0.001817635441814569,-0.0018490361233582386,-0.0018775842532083031,-0.0006566127665735833,0.3811469257125367,0.6972618777043763,-0.0013384388521886503,0.7511014865933,-0.0018775842532083031,0.3811469257125367,0.7511014865933,0.11043361900514034,0.3811469257125367,-0.00023547857203451428,-0.0018775842532083031,0.188935322780195,-0.0018731748591673814,0.7331922738395936,0.0035452861273246594,-0.0011583279770993604,-0.0018775842532083031,0.765176167809779,-0.0014572426336972866,-0.0018490361233582386,0.11059112287956835,0.7511014865933,-0.0018775842532083031,0.38826186663958073,0.3811469257125367,0.11043361900514034,-0.0018775842532083031,-0.0018775842532083031,0.3811469257125367,0.3811469257125367,0.12425602302696243,0.3811469257125367,0.497167439116266,-0.001415967636167581,0.3811469257125367,-0.0018775842532083031,0.08031168909790937,-0.0018775842532083031,-0.0018330758800413904,0.3813077747002002,0.11344797006450319,0.3811469257125367,-0.0018775842532083031,0.3814901171199658,0.7613328326177092,0.002257047260889461,0.6975649734199473,-0.0018775842532083031,0.00213786989682474,-0.001758837987819839,-0.0014572426336972866,0.24231093934698267,-0.0018775842532083031,0.3811469257125367,0.5532865234499906,0.11345481500057561,0.5386770564569381,-0.0018330758800413904,-0.001758837987819839,-0.001823975281255441,-0.0018158159526004414,-0.0018775842532083031,0.18058617297484356,0.18058617297484356,0.13533504807785748,0.5061200353295738,0.3811469257125367,0.41732231907137224,0.5501425535433657,0.7511014865933,0.3811469257125367,0.5530069855038813,-0.0018775842532083031,-0.0014572426336972866,0.5551805341727503,-0.0018775842532083031,0.7511014865933,0.11835815193630009,-0.0018775842532083031,0.7511313414682578,-0.0018775842532083031,0.15661208078020342,0.002108382696197869,0.3811469257125367,0.3811469257125367,0.3811469257125367,0.38113998805100263,0.18058617297484356,0.3811469257125367,0.3811469257125367,0.49711037184315765,0.1805895528701732,-0.0018775842532083031,0.11394553150484521,0.0021860267010545,-0.0018775842532083031,-0.0013374105236966805,-0.0018775842532083031,0.026766054674864398,0.7511014865933,0.3811469257125367,0.3811469257125367,-0.0018775842532083031,0.024508275683923886,0.018118812549120095,0.38625534852601145,0.0017444561905633205,0.3811469257125367,0.18058617297484356,-0.0018775842532083031,-0.0018712446171192387,0.09226133967975425,0.3811469257125367,-0.0018775842532083031,0.3811469257125367,0.9120531181789954,0.5213500207375024,0.3811469257125367,0.18058617297484356,0.0026640701334146866,0.97120132225316,-0.0018775842532083031,0.3811469257125367,0.001321988102674837,0.7511014865933,-0.0018775842532083031,-0.0018775842532083031,0.025513780063964403,0.3811469257125367,0.3811469257125367,0.3811469257125367,0.3811524252661873,0.09259598136523736,0.18058617297484356,-0.0018775842532083031,0.3811469257125367,-0.0018775842532083031,0.11575854953117773,-0.0018775842532083031,-0.0018693791577106544,-0.0018775842532083031,0.3811469257125367,-0.0018775842532083031,0.3869798354681953,0.11344797006450319,0.3811469257125367,0.42581676504293126,0.10686078089422493,0.3811469257125367,0.38625386855868105,-0.0018775842532083031,0.38625534852601145,0.11180434404508643,-0.0018775842532083031,0.7511014865933,0.7513326975446462,0.14593076234610405,-0.0018775842532083031,0.0029161355490672503,0.3811469257125367,0.392265730149428,0.002108382696197869,0.3811469257125367,0.10995036268301925,-0.0018775842532083031,-0.0018694252662355137,0.0017444561905633205,0.19531619794116578,0.38115109257904917,0.09382945962226227,-0.0018775842532083031,0.09680207983508524,0.09212887475061016,0.11255619488745927,-0.0018775842532083031,0.3811469257125367,-0.0018775842532083031,0.3811977060870035,-0.0006691115844173756,0.18058617297484356,0.3811469257125367,0.3811469257125367,0.3953606220661289,-0.0018775842532083031,-0.0018775842532083031,0.4971233740846164,-0.0018775842532083031,-0.0018775842532083031,0.3811469257125367,0.7511014865933,0.49711037184315765,-0.0018775842532083031,0.11344797006450319,0.3811469257125367,0.41732231907137224,0.5100531866313026,-0.001758837987819839,-0.0018775842532083031,0.41732231907137224,-0.0018775842532083031,0.18058617297484356,0.113447938011275,0.18058617297484356,0.3812408339540455,-0.0018786674275159954,0.21677683121503,-0.0018775842532083031,0.4198697934336148,-0.0018775842532083031,-0.0018775842532083031,0.765176167809779,0.7520211287924159,-0.0018775842532083031,-0.0018775842532083031,0.3883357101370994,-0.0018775842532083031,0.3811469257125367,0.8616433653410349,0.18058617297484356,0.0027375967896960673,-0.0013356277671595918,-0.0018775842532083031,0.3811469257125367,0.1134969817960571,-0.0018775842532083031,-0.0018775842532083031,0.8768896445986484,0.3811469257125367,0.017287609438494722,0.38116968424977965,0.8769948195359352,0.007030166191496434,-0.0018775842532083031,-0.0018775842532083031,-0.0018775842532083031,0.3811469257125367,-0.001758837987819839,0.001954674154075159,-0.0018775842532083031,-0.0018775842532083031,-0.0018775842532083031,0.3811469257125367,0.09213584672355449,0.41805359086411564,0.0021440707260625413,0.005548036855121369,-0.0018775842532083031,0.7511014865933,-0.0018775842532083031
chr13:79481123:79481124:NM_001161407:NDFIP2,0.05620749344901965,0.5063043859405442,0.4507722811865177,0.2933035260607051,0.058692837464595304,0.5386109078745003,0.02779362947791486,0.510493797562996,0.038437872374168236,0.05224375412822224,0.05632236711390348,0.2933143392033297,0.6466444994290861,0.07095495239683722,0.293540525331639,0.422010872093099,0.004123738539295929,0.8617965920592954,0.4747967402040056,0.026037705564254943,0.09472207688536477,0.5807743609687857,0.11553468652571208,0.42123540318965896,0.293489844649626,0.026037705564254943,0.293540525331639,0.11014573131140748,0.026037705564254943,0.49876631266830435,0.48609298767143067,0.33524059388352867,0.45517513757283323,0.47807988675212565,0.5807743609687857,0.9189305876089706,0.00412298908322245,0.293489844649626,0.05825982347850217,0.047928257947575825,0.29325263962986003,0.2933035260607051,0.04371828110329884,0.00412298908322245,0.9296168031197236,0.2981116053666325,0.00412298908322245,0.48073495561455803,0.07606768106164064,0.035255274541207804,0.44111614484704165,0.29325263962986003,0.05373232210242124,0.00412298908322245,0.293540525331639,0.00412298908322245,0.31918126675355474,0.2933035260607051,0.32468504578819674,0.00412298908322245,0.44111614484704165,0.007341558002139148,0.42207419877147556,0.4214843961038431,0.07186888209157147,0.2932681500730261,0.293540525331639,0.47807988675212565,0.42207419877147556,0.039674833508375806,0.07606685614786779,0.5305383545291772,0.29325263962986003,0.2933013673081633,0.3516849046348151,0.49830964500602143,0.32432895212392493,0.014397935124979,0.2932991212378324,0.29349853161838124,0.004196300597590297,0.1181713298751016,0.29325263962986003,0.31807536088404903,0.028960771716428413,0.293540525331639,0.2933035260607051,0.1395190982419547,0.00412298908322245,0.0041246048486882625,0.025286837423375008,0.004875648051720027,0.2933035260607051,0.00412298908322245,0.299920462733204,0.29332072572894513,0.004873138135965238,0.3350047577360837,0.01580462348643613,0.004143169654178769,0.00412298908322245,0.3367757753558002,0.45968100996539113,0.29332072572894513,0.2938353549251482,0.5550456028215938,0.020977809896945088,0.318894000626852,0.2933053268045355,0.00412298908322245,0.022129081706966203,0.026274958383464053,0.293489844649626,0.0040285136543475875,0.293489844649626,0.43351981504165793,0.3436305659371097,0.29325263962986003,0.2932839568220647,0.029616910692887688,0.293540525331639,0.293540525331639,0.05251859947262211,0.2933035260607051,0.3367757753558002,0.9573855176077843,0.00412298908322245,0.2933035260607051,0.4902316116219497,0.00412298908322245,0.37575040930059034,0.29325263962986003,0.6678035807115532,0.004144036057426026,0.2933035260607051,0.29325263962986003,0.29325263962986003,0.40050695473686687,0.00443857712325435,0.2937761685414969,0.017117957286326146,0.32343463855314974,0.2935538221545908,0.1419246457480283,0.0552532416033924,0.004218765366854782,0.00412298908322245,0.29330440658744455,0.00412298908322245,0.04555883773882635,0.293540525331639,0.29325263962986003,0.017142040255100688,0.5005213636102739,0.11171819699913749,0.030089004301434408,0.293540525331639,0.00412298908322245,0.29325263962986003,0.29151984232154,0.2933035260607051,0.02927027432510354,0.00412298908322245,0.019483672764668336,0.00412298908322245,0.2933035260607051,0.2965437358295867,0.9510056823563517,0.293489844649626,0.291609637190702,0.004705382538854885,0.5433460671042224,0.11673441505162072,0.004895300309833428,0.1016355608087583,0.29325263962986003,0.12357940915752547,0.293489844649626,0.013381722817799369,0.2932534540134882,0.2935391345629616,0.3952996812944035,0.3175090510063774,0.014186039932842454,0.004027764553166724,0.00412298908322245,0.293489844649626,0.29657593683837746,0.2921081956727706,0.00412298908322245,0.04572666506759113,0.2933035260607051,0.2933035260607051,0.00412298908322245,0.00412298908322245,0.05215213284603043,0.29325263962986003,0.3219749518854174,0.025388614938644194,0.31916444936548105,0.5068374800803094,0.00412298908322245,0.2933035260607051,0.23576384613094975,0.12619227533675137,0.00412298908322245,0.2966065873458974,0.5994862036475604,0.2935757926922244,0.4988787841007267,0.3220337487179663,0.8144410015678832,0.004144036057426026,0.293540525331639,0.00412298908322245,0.293540525331639,0.5454314624965468,0.00412298908322245,0.022070849086143707,0.3193098423027209,0.4270732432364148,0.4447092293648905,0.0402681847887979,0.5199013722194411,0.9554210967912157,0.29325263962986003,0.00412298908322245,0.13616123706588062,0.29332072572894513,0.2936484905457298,0.293540525331639,0.29325263962986003,0.293489844649626,0.29765960913473943,0.42158645215609164,0.42123540318965896,0.03233078950886126,0.004031968015188125,0.4215821099742503,0.2933035260607051,0.2937761685414969,0.29363416342935567,0.29325263962986003,0.05433552263717706,0.2932698398497121,0.00412298908322245,0.2934882379439557,0.00412298908322245,0.29325263962986003,0.3180669706949241,0.5333842704128664,0.028628527378032176,0.42547852860516666,0.2933035260607051,0.29325263962986003,0.2934875409357448,0.5006246943746,0.29325263962986003,0.3221087156594912,0.038888055450473524,0.038888055450473524,0.4285998636567367,0.33775348311627085,0.2933035260607051,0.00412298908322245,0.004940941725359083,0.2932534540134882,0.2937254777257642,0.2860751703768202,0.025359756950475487,0.004048729817173968,0.44862013590461747,0.2746376204679912,0.29325263962986003,0.013930964159142745,0.1204633338671767,0.00412298908322245,0.4214843961038431,0.29781862178244467,0.011723880433718414,0.358930437023661,0.49960640373291854,0.29325263962986003,0.00412298908322245,0.6090469337806079,0.4411032266997861,0.33597024360511935,0.00412298908322245,0.42123540318965896,0.32511724980907775,0.052483322900911844,0.0041265113796998265,0.29325263962986003,0.00412298908322245,0.29466052828254435,0.004144036057426026,0.004323330792182112,0.29325263962986003,0.29332154080512396,0.004214228832692846
chr13:97434220:97434221:NM_021033:RAP2A,0.6854127454388098,0.02842614854389236,0.6833927145551718,-0.0010698866039609012,0.0005594521796419283,0.11235017220481208,0.0012251297942431072,-0.0002013767851120063,0.02842252050254973,0.014666407111983693,0.000576219352009244,0.0004901933276142967,0.012723179302957688,0.7471993335705577,0.17142717646406674,-0.0010381302816959148,0.17142717646406674,0.6466283394800675,-0.00045647864361314516,-0.0010698866039609012,0.003171032720434397,0.0020236043686281957,0.00052712213646261,0.13555831280477149,0.17142717646406674,-0.00045647864361314516,0.17142717646406674,0.0011410713899182023,-0.00045647864361314516,-5.4880419679492753e-05,4.610510376273913e-05,0.003066194996577787,0.001185809089068568,0.002366008698098221,0.6906783492352933,0.9000861726245382,0.0005594521796419283,0.17142717646406674,-0.0009768676110979424,0.6952695689313723,1.4204883316005905,0.6817263090860032,0.6817263090860032,0.0003805380214146892,0.7230515692766762,-0.00047358961579885284,0.0005594521796419283,-0.0004442927703520727,-0.0010698866039609012,-0.0010698866039609012,0.02257224054912782,0.6817263090860032,0.0005884153903666922,0.0005594521796419283,0.17142877750335694,-0.0010698866039609012,0.6817263090860032,0.17142717646406674,0.7896344386264952,0.6817263090860032,0.16964006883162058,-0.0010698866039609012,0.6817629875294626,0.024291823368239873,0.7287683692270777,-0.0010696856243191943,0.17142717646406674,0.0030111192581417923,-0.0004227886866744468,-0.001062058662576526,-0.0010698866039609012,-0.0010381302816959148,0.17142717646406674,-0.0010698866039609012,0.6817263090860032,0.010611804287000037,0.7896235042659846,0.0033784929225668114,0.6817226872694128,0.17142717646406674,0.9976986302407669,0.017494271665001226,-0.0010381302816959148,0.9976956679785798,-0.001008625970211341,0.17142717646406674,-0.0010698866039609012,0.08869865786095654,-0.0010698866039609012,0.6830228215402316,-0.0010698866039609012,-0.0010013105657569188,-0.0010698866039609012,-0.0010698866039609012,-0.001039718515396082,0.6817263090860032,0.6817457376027771,0.6224750405880247,-0.0010698866039609012,-0.001071362338221582,0.0005646257547435862,0.6817420950887036,-0.0006296777538262188,0.13468235476697388,1.4204989823696863,0.7245043911679335,0.6844302035811246,0.16900726576809366,0.6817050395105121,-0.0010698866039609012,0.6817120153415447,0.006620879265586799,0.6817263090860032,0.17147181455218252,0.6862482965730061,-0.0006296777538262188,0.6887314322274005,1.4204883316005905,0.6817263090860032,0.027052185777555637,0.6817263090860032,0.9976988885185184,0.026385368476067206,0.17142717646406674,-0.001007230469896092,0.7248211717136172,-0.0010698866039609012,0.17142717646406674,0.0005997171601966333,-0.0010698866039609012,0.0027637478147361505,0.17142717646406674,0.011191005280709099,-0.0010698866039609012,0.6817263090860032,0.6896864843430417,0.6896864843430417,1.4209834915793003,0.1370521977942819,-0.0010698866039609012,0.6834185824719871,0.6817804520982274,0.13468880877136907,0.04628005432627519,0.023629077692077838,-0.0010698866039609012,-0.0010698866039609012,0.6854127454388098,-0.0010698866039609012,0.1377751099247536,0.17142717646406674,0.9976956679785798,0.6817661541215064,-0.00045647864361314516,0.005876407150385121,0.011089677599759318,0.6817804520982274,-0.0010698866039609012,0.9976956679785798,-0.0010698866039609012,0.17142717646406674,-0.0010698866039609012,0.0005594521796419283,0.6817263090860032,-0.0010698866039609012,-0.0010698866039609012,0.6832797608235563,0.936144600898807,0.17142717646406674,0.1720703486527022,0.7436642622695409,0.020563297397743596,0.012366908377445529,0.17142717646406674,0.7905825017770126,0.6817263090860032,0.009650452084249861,0.17142717646406674,0.685350748994673,0.6817263090860032,-0.0010698866039609012,1.4204883316005905,0.9978234534412402,0.683298395964707,0.6817263090860032,0.0005594521796419283,-0.0010698866039609012,0.13473166349136506,0.003089316553178123,-0.0010698866039609012,0.008223847710388088,0.17142717646406674,-0.0010698866039609012,0.0005594521796419283,-0.0010698866039609012,0.022111118769583438,0.8982369717135524,0.9272566034144787,-0.0010167263223923029,0.6817263090860032,0.7061962646672116,-0.0010698866039609012,-0.00045647864361314516,0.06268705117798934,-0.000644283510600252,0.17142717646406674,0.3536941984880288,0.0034080649730476864,-0.0010698866039609012,0.6817714820311274,-0.0010698866039609012,0.13539054108711074,-0.001071362338221582,0.6817804520982274,0.0005594521796419283,0.6817263090860032,0.012609878463626822,-0.0010698866039609012,0.9692805204354902,0.6817120153415447,0.6907471570147499,0.6817804520982274,0.6817263090860032,0.13471618402726215,0.7231202286531092,0.6817263090860032,0.13468639812542588,-0.0010698866039609012,-0.00045600601052775414,0.7418068419735121,0.17142717646406674,0.6817263090860032,0.17142717646406674,0.006806164015997762,0.6830546381056295,-0.0010698866039609012,0.6837319657569199,0.6817362482234339,-0.0010681969290982085,0.17142717646406674,0.17142717646406674,1.4204883316005905,0.6817263090860032,0.01069294872876464,0.6817263090860032,0.6817263090860032,1.4227408854369115,0.0005594521796419283,0.17142717646406674,0.6817589089894963,0.6830464904924466,0.18455934144861524,0.00887703576471327,-0.001068598622083805,0.6821258834513003,0.0015541881027871796,0.6817263090860032,0.9976956679785798,0.17142717646406674,0.0025356027601191045,0.0025356027601191045,0.1353916243945072,0.8221854715665491,-0.0010698866039609012,-0.0010698866039609012,-0.0010476969904577027,0.6817263090860032,1.42048852699168,0.684624709713425,0.1720703486527022,-0.0010664479232846413,0.0005903067848622712,-0.0010698866039609012,1.4204883316005905,0.7025140834913802,0.0073298196351881395,0.0005594521796419283,0.03969671715939982,0.6817263090860032,9.103719058212167e-05,0.0033559967366654786,0.6182191800929897,0.6817804520982274,0.6817263090860032,-0.0010698866039609012,-0.0004442927703520727,0.6817263090860032,0.0005646257547435862,0.13652815239485072,0.6833618106180605,0.0005594521796419283,0.17362357463710587,0.9976956679785798,0.6817263090860032,-0.0010418471782188132,0.6831331323376715,-0.0010362059834447268,0.9976956679785798,0.6817263090860032,-0.0010698866039609012
chr13:110307283:110307284:NM_001846:COL4A2,0.36970617799793726,0.3770875549651324,0.12922989442540594,0.14573885058053757,0.4482932477038164,0.4576962893775112,0.07076390669039856,0.31529765193776893,0.28057807210422403,0.13944378776736915,0.197143001867428,0.07910636163459739,0.4517805516027462,0.43539836626668244,0.13194156492261128,0.31505918498551566,0.3289218870999268,0.38341690040685134,0.11691545258514863,7.258940210291831e-05,-0.0011098711989667165,0.5788868034277949,0.0692710563458176,0.0467673742994435,0.13194156492261128,0.07502765403141454,-0.0010889430969961977,0.07424718396628116,0.07506765671098664,0.3261917370643537,0.5332419031425899,0.40035751956381893,0.12928800151623454,0.28680550208343225,0.5805813154974626,0.3202534041088032,0.07698427655223106,-0.0010889430969961977,0.07034982068579915,0.35540454470859184,0.13194156492261128,0.13194156492261128,0.10455217222976126,0.005343152864921874,0.37948563585338785,0.023179190235821434,0.004109552229394797,0.10340318297676115,-0.0008320122877440994,0.33191109046863865,0.4814887532216381,0.13194156492261128,0.1649916321578091,0.08242009978585713,0.15531616857698344,0.005274544083086585,0.22609510995367607,0.26141807183729854,0.24859928415683258,-0.0009152024042219931,0.17839378791573196,0.32955882262992064,0.03298880670396126,0.15645267590278455,0.4770646665306401,0.06966922164391748,-0.0010889430969961977,0.2749890270577262,0.03276051502756416,0.02507027691064251,-0.000879980394909663,0.0313446712491271,-0.04797774390845955,-0.001011593082299922,0.448552119175946,0.31225308625550746,0.246456444509063,-0.0010889430969961977,0.08242528588509523,0.13844143771613837,-0.0010889430969961977,-0.0007535196682531553,0.13201990514006504,0.12455660734710597,0.0843643668501633,0.2614136841127253,-0.0010889430969961977,-0.05028055538260662,-0.0010889430969961977,0.0011336309321638982,-0.0010889430969961977,-0.0005903854617394511,0.13194156492261128,-0.0010889430969961977,0.09708769939820255,0.3110085354981046,-0.0008153484261543831,0.3753766694073215,0.006286678821509795,-0.0009048010147658658,0.08242009978585713,0.02460583449860887,0.006106185572454126,0.2423995766747633,0.04085089247406687,0.11021463979020296,0.28975195829194395,0.4084246384507391,-0.0009048010147658658,0.005939271816705505,0.2940497072420386,-0.0011097947523570628,0.3186304695358919,-0.0010841522870043696,-0.0014602440780123738,0.03321020176682782,0.1030233914677986,0.13194156492261128,0.13217476718436091,0.11266795703039395,-0.0010889430969961977,0.2608554300803932,0.4815738351557382,-0.0010889430969961977,0.02590758786943631,0.11269428613169108,-0.0010889430969961977,-0.04823832511539988,0.10416892468533823,0.004109552229394797,0.09205021162628652,-0.0010889430969961977,0.001784200349641718,-0.0010889430969961977,0.13195353389712758,0.125634403685777,0.125634403685777,-0.006079627770730511,0.09014188848643062,0.13194156492261128,0.08621266412998929,-0.0010178851031690805,0.022080197543136115,0.008273569877580045,0.32905944356402006,0.07091967304419206,-0.0010889430969961977,0.10513309400516047,0.0696713860425815,0.0007406775180599512,-0.0010889430969961977,0.13194156492261128,0.4433656805112133,0.25285545580577645,0.40191005691120496,0.006015847470367985,0.13220986405455515,-0.0010889430969961977,0.1319368926364039,-0.0010889430969961977,-0.0010889430969961977,0.0060135924474397084,0.07698427655223106,-0.00032240199090971533,0.005939271816705505,-0.0009452395829604998,0.32640523048735937,0.43361155139561364,0.1319368926364039,0.007053436187725803,0.1034527584940681,0.1358949312281557,-0.00012323312134271402,-0.0010889430969961977,0.08946125045913078,0.13194156492261128,-0.00022624119508629636,-0.0010889430969961977,0.004609959548637188,0.00537270340505186,0.13194156492261128,0.13194156492261128,0.5051959850305019,0.0694796683882718,0.32479055501124743,0.07698427655223106,0.14218986869311392,-0.0014575986247906125,0.08029280203733452,0.005939271816705505,-0.0011097947523570628,0.13097385872116504,-0.0010889430969961977,-0.0010889430969961977,0.065735846273422,0.3344783304463648,0.12733101586567377,-0.007952197382355808,0.3050797965785216,0.12336896865016184,0.37685788364924616,0.004109552229394797,0.012197155624004807,0.10438495254845448,0.02283323254064057,-0.0010889430969961977,-0.014397860723030453,0.003890635501081985,0.005289680651788864,0.17279452345962298,0.005418766713829959,0.11139970275921818,-0.0009048010147658658,0.12473083510876776,0.07698427655223106,-0.0010889430969961977,0.03686379020386321,-0.0010889430969961977,0.2642060395566175,0.126954417015649,0.0020041486650790863,0.34259984484842776,0.06974319963553727,0.2730694836399173,0.16011273949786187,-0.0010889430969961977,0.1319205608821672,0.026870039404620738,-0.0010889430969961977,0.1439880291467518,-0.0010889430969961977,0.1393466906014278,0.13194156492261128,-0.00044045713866430747,-0.000550852300563287,0.054255592744448744,0.06399037737650709,-0.0011308863161601512,-0.000550852300563287,0.3107067091338665,0.12520629429777547,0.13194156492261128,0.1319368926364039,0.3318237961171663,0.06972375477606518,0.13217476718436091,0.16684496963276232,0.005939271816705505,0.13194156492261128,0.570692139686719,-0.00027467808974579455,0.07596377831684997,-0.0010889430969961977,0.061433269576257,0.2720457624567578,0.10519767188392437,0.10567898844464152,0.13194156492261128,0.01709685852634646,-0.0010889430969961977,-0.0010889430969961977,0.17308201869250145,0.052941856834382184,-0.0010889430969961977,0.0696713860425815,0.1422940561105959,-0.0010889430969961977,0.039084559629343485,0.34262558594455916,0.07624801120582281,0.06569351361331965,0.3682433620377878,0.0010589445671341235,0.1540257191879178,0.20118439892129786,0.0052315415086043315,-0.0010889430969961977,0.44205582686946066,-0.004549384619386698,0.057557171087206316,0.026072604671121102,0.514066928135196,0.06185563629131774,-0.0010889430969961977,0.021595860141453704,0.054290024598494246,0.09444353321826482,0.07712140846290555,-6.082256292583299e-05,-0.0010889430969961977,-0.0010885812603173561,0.07765555262168589,0.21484689040161795,0.16849394202126267,-0.00041961822802349946,-0.0010889430969961977,0.019802509563630277,0.13194156492261128,-0.0010409794218640966,-0.0003996336156290581
chr14:21476673:21476674:NM_001163380:RAB2B,0.31277020410841017,0.6052923333887146,0.562629403003045,0.14137363501848732,-0.00035436369699898274,0.05995703168160327,0.034077056247010684,0.6341970949776717,0.07039658306542623,-0.08723557300567733,0.30110688037221045,0.13557736002297313,0.034013250105212334,0.31277020410841017,0.5452097734362917,0.8365052669130277,0.5802019491795936,0.8348683161420253,0.12967052570219342,0.3164404294397333,0.0237977366420139,0.381730105770274,-0.0002958654550681561,-0.06650482299596167,0.6322548914559243,0.3164404294397333,-0.00035436369699898274,-0.0002969085045296249,0.3164404294397333,-0.0002969085045296249,-0.00022688192079589609,0.5120191807719177,0.5627924504122708,0.0323079865322049,0.3818580789811863,1.2306309141753202,-0.000246866415950564,0.6322548914559243,0.38569112937678807,0.025516098011321764,0.6600336752642924,1.5620268435364562,0.5131791475857742,0.023096751690550754,0.5174993894464187,0.3926078459039469,-0.00035436369699898274,-0.00012655364809160963,0.0022413268256957775,0.1039897145770424,0.10736790147612268,0.6626978770711658,0.38157445148487107,-0.000246866415950564,0.3736175075878858,-0.00035436369699898274,0.5453054519294909,0.0011991736906135642,1.5284570756767197,1.1199022737551807,0.0017386503294559152,-0.000246866415950564,-0.0002969085045296249,0.5630359861542664,0.26084184632742335,0.7418143763148365,-0.00035436369699898274,0.20765561366545926,0.0005698356775787339,-0.15658074999381041,0.0008329880151810576,0.74181634614819,0.5835753028439787,-0.00029256292325235966,0.10405872546571146,0.3787819446159557,1.5284570756767197,0.1296494842245376,0.7419860161028796,0.6322548914559243,-0.00035436369699898274,0.0033118215313693855,0.7343584519686006,0.8609393616539885,0.5405378630162632,0.0011991736906135642,-0.00032736057735160973,0.10613505330047412,-0.00035436369699898274,0.7633539783011069,0.7419240167999279,0.33009997935864577,0.5452428626152364,0.0011991736906135642,0.0820357806582428,0.7512490354842029,0.5119542334833376,0.7635608388231288,-0.00035436369699898274,-0.0002969085045296249,-0.000246866415950564,1.0843291024689055,0.01048816585699791,0.3313039375352829,1.3579203635432764,0.5280245519033366,0.01041034128163243,0.7635608388231288,0.763253997544214,-0.00035436369699898274,0.76639103194444,0.023798365812999434,1.775339019521926,0.173639631270796,0.6402826282849035,0.010397708303901965,0.2476855691366091,0.7663571535656934,0.5626962308020506,1.187652171037407,0.3623804539719972,-0.00035436369699898274,-0.06427428867496324,0.05001556680372432,-0.15979637364734145,0.5279727724916723,0.01041034128163243,0.0011991736906135642,0.010004482866267761,-0.00035436369699898274,0.056088947511886006,0.856577928216364,0.006990755787913416,1.1462359871762975,0.47900904672257594,0.8600724697644011,0.8600724697644011,0.7650755463551884,0.00586363457571043,-0.00035436369699898274,0.763408644158236,0.763187805227278,0.6402770896841058,0.19689149171857617,0.3192864314285876,-0.0002969085045296249,-0.00035436369699898274,0.74181634614819,-0.00035436369699898274,0.5293772248344485,0.3185673181263784,-0.00035436369699898274,0.7633539783011069,9.99953220288674e-05,-5.702798834794631e-05,0.010397708303901965,0.7666523275884739,0.5627151363219309,0.7664574584674467,0.034041085164621954,0.6128859629356164,0.01041034128163243,-0.000246866415950564,0.010302350939720761,-0.00035436369699898274,0.33360738499518483,0.7760160155802777,0.38596633234467925,1.5294791727772519,0.006118955812709159,0.3127538248711953,0.763255133662844,0.055238750089036615,-0.00035436369699898274,0.537030252835623,0.02303816889713689,0.3546052628152828,0.6322548914559243,0.5443200527430369,0.763247735146544,0.024721275477895877,1.5292525065414246,0.7750539801596411,0.3575615676687587,0.7633086595491605,-0.00035436369699898274,0.5251190168679419,0.6600856268791843,0.04069860797039071,-0.00035436369699898274,-0.0002903737731699274,-0.00035436369699898274,-0.00035436369699898274,-0.00035436369699898274,-0.00035436369699898274,0.3879412467967668,1.5224958938102704,0.5427672191319135,1.2168520512150167,0.545763691198651,0.9195206084098145,-0.00035436369699898274,0.7448832499159884,1.522711581503875,-0.0002527352190377363,0.02303816889713689,0.7648914662069333,-0.0002969085045296249,0.0012567180933105715,0.7419129218986006,0.6239628599544206,-0.1672439093706545,-0.0002969085045296249,0.76639103194444,-0.000246866415950564,0.02303816889713689,0.3478642063301288,0.5252022219642021,1.848464728890737,0.5453054519294909,0.3795107733154416,0.580882046094285,0.02303816889713689,0.7664574584674467,-0.0639530262933615,0.6600336752642924,0.11562019256377198,-0.0002649887306932497,0.00022192190231373754,1.557539880311978,0.034013250105212334,1.5224958938102704,-0.00032736057735160973,0.31698110613661423,0.023097197601788022,0.5252462187103053,0.5127964805200438,0.5627151363219309,-0.0002969085045296249,0.024730712908712926,1.2783907150607183,1.5292525065414246,1.5249527915458296,0.5435903445982394,0.7662907346978751,0.763187805227278,0.7663571535656934,0.5251190168679419,1.3524577675363518,1.729599610122398,0.023101296063834764,0.007624952163069354,0.000151504976405481,-0.00035436369699898274,0.763638657500341,0.5059544716798192,1.4762272678338293,1.5227573122835831,1.7755881520049916,-0.00035436369699898274,-0.00035436369699898274,-0.1673084473404826,0.9632205992554368,0.7418678448455445,-0.00035436369699898274,0.10591523413972756,-0.00035436369699898274,1.7932813022786753,0.816654814681646,0.05159003359763853,1.146524556743837,0.5811344953733727,0.4945299077324983,1.523327427782989,0.1415027122616468,0.013290535009214621,-0.000246866415950564,0.7551420450716316,0.5453054519294909,-0.005579409540693636,0.39678300483936485,0.34719320910049173,0.76639103194444,-0.00029256292325235966,-0.0002649887306932497,-0.00035436369699898274,0.74185052631948,0.5251190168679419,0.023982676593616026,0.6976468680940588,0.034013250105212334,0.3164404294397333,1.5291234367678856,0.12954436985017823,0.003025840939878288,0.025438994531569226,0.0005698356775787339,1.7755881520049916,0.5452097734362917,-0.00035436369699898274
chr14:22598237:22598238:NM_022060:ABHD4,0.39838545413677784,0.5042826186354248,0.2879904747251709,0.09986700521557795,0.3740466441105941,0.6478555617946817,0.3963151270020284,0.2942182765764774,0.3952252871572002,0.08947157292857286,0.4975032625197735,0.3475605651471655,0.39541161043340434,0.3981682715541643,0.00671755411017988,0.28710176244025903,0.09986700521557795,0.6329158652093805,0.08947345368766518,0.2850590892071042,0.09259112761813487,0.2916406718641989,0.28484103134642413,0.3152972452816565,0.410236833201634,0.28717809004893036,0.34726876526237893,0.2904236118249268,0.2879904747251709,0.3801929434898511,0.4251388414123697,0.6269302013269106,0.7703593639264987,0.3036533131279958,0.3791934239794136,1.676647487341112,0.3940369705943242,0.410236833201634,0.04141290392684738,0.48073351738510006,0.6296093929153872,1.1088917939979355,0.3989622761059486,0.2925901572545937,0.3947314694826589,0.4506719156418832,0.29657970452939764,0.2870507430789754,0.34742477958026213,0.6099416063840899,0.30586870283625517,0.6296093929153872,0.4975032625197735,0.39415340393652587,0.34747538269951167,0.0058221610484963104,0.10587245163128453,0.34726876526237893,0.3945624690878661,0.6296093929153872,0.4210799097820416,0.2871452809352636,0.10425988290330604,0.20725933378821354,0.3752981118849634,0.006720744706883719,0.00671755411017988,0.019386317327665853,0.10425988290330604,0.04130600579930632,0.006715789149429496,0.393963078829929,0.34726876526237893,0.028657390952064404,0.763996952453047,0.677068924297872,0.3942926230941247,0.2789945257972221,0.28506000542562204,0.410236833201634,0.34726876526237893,0.006557151726635069,0.6678697314154536,0.630639581950451,0.00763115451577473,0.34726876526237893,0.410236833201634,0.3746541693403895,0.2868746405483672,0.0050111917843299325,0.05018592982443673,0.03647742251666866,0.00671755411017988,0.34726876526237893,0.485405489528862,0.00671755411017988,0.4405382097363458,0.10032104662365782,0.3474427287979867,0.6342015212715456,0.4070370927081551,0.32529803218738884,0.12596822496363355,0.3474427287979867,0.6315856722955421,0.6256783278468602,0.9137044713903989,0.6267074312776367,0.036262276628289486,0.39415340393652587,0.7102310317707909,0.34710358899541005,1.3426720382546267,0.34726876526237893,0.35058490302555084,0.17091509948404263,1.1080451941434126,1.1129205094170787,0.3471055934653499,0.3076857185903098,0.00671755411017988,0.34747538269951167,0.14385044901185295,0.04120631694908905,0.33199883498457106,0.6294838348433812,0.00671755411017988,0.34726876526237893,0.3088742957140984,0.20140575697039073,0.9338469182229119,0.6320268622150113,0.31167281826588733,0.00671755411017988,0.6296093929153872,0.6296093929153872,0.6296093929153872,0.34997896412339763,0.8055607745347544,0.00671755411017988,1.106222719272957,0.4865549622271875,0.6296093929153872,0.10426812112081746,0.07363307868681476,0.006732158632717589,0.10254076540783769,1.5053973182287241,0.28710176244025903,0.1060349879076898,0.34695223085983984,0.00671755411017988,0.27146806750430175,0.37343725663080957,0.01837912190207669,0.17092296114137803,0.10074940745905869,0.010612217821756614,0.6296093929153872,0.00671755411017988,0.1288527836074102,0.9118696860096667,0.3724332181819842,0.6297973720601245,0.2848046103989872,0.34745264909650286,0.6809707272695081,0.47868734633476734,0.6259030922517156,0.2852840240720672,0.292212101953023,0.6251109106991405,0.008058604957967896,0.00671755411017988,0.025180445764269477,0.00671755411017988,0.0085759351574006,0.6296093929153872,0.10612715455415661,0.7351953125716483,0.10337052054896302,0.6293410613182503,1.1048191666116123,0.3001076330065998,0.48936572329633166,0.2848046103989872,0.35397456538276595,0.34726876526237893,0.011355706553643902,0.2848272327822955,0.09259112761813487,0.007585918006329934,0.00671755411017988,0.29674136488947833,0.3452588442380954,0.770486356019733,1.1088917939979355,0.10276101452844685,1.1891259970220767,0.10517485743400368,0.6783044695673895,0.39412800280244054,0.10337052054896302,0.3945663395252519,0.34818462420875673,0.00671755411017988,0.6765787581858366,0.30619912819224915,0.35111975525925876,1.2476455502101607,0.6429167314943749,0.485405489528862,0.007916239999144953,0.6267727275483616,0.4070370927081551,0.35100037178372334,0.09220983920080739,0.010612217821756614,0.5420345154233313,0.10495753923881262,0.6410077401818671,0.6259177667242418,0.48431019841130307,0.47751025305577166,0.6261918854627831,0.34726876526237893,0.10527267813001795,0.007257136772445327,0.009911439262888844,0.4177756212974473,0.00671755411017988,1.1060786954643202,0.34726876526237893,0.3483960352407664,0.6343772667872827,0.2869100041023243,0.6504480833370136,0.008031474753982498,0.3487094426670702,0.00671755411017988,0.6269227044020288,1.1104721776489066,1.1129205094170787,0.3248876152431185,0.34726876526237893,0.6271586451471626,0.6290285700651508,0.2966139498330371,0.6320268622150113,0.6391452410694585,0.6229236109542706,0.28993734532309445,0.016504902813721717,0.34747538269951167,0.650443394129653,0.3908122014988051,0.39376730289326267,0.6320268622150113,0.4943768043795718,0.1033380874682653,0.1033380874682653,0.48545261145416446,0.29745375986770306,0.10337052054896302,0.2868640661852474,0.34813751316511,0.00671755411017988,0.675339075071416,0.6609762989111311,0.28715543326138016,0.6829373715379008,0.7850587978069207,0.28728878536989044,0.6320272437135774,0.0082027356048614,0.008058511551588543,0.28423739513918916,1.1302072233536333,0.4879042142972134,0.006699264190109716,0.649169712373965,0.4741629331249252,0.6348093311978291,0.34726876526237893,0.012683342249528329,0.286874461203259,0.09505927022187344,0.2966139498330371,0.829773236660282,0.10496487023120246,0.3488082378686586,0.09693482045548438,0.6303204928099966,0.007931770110402248,0.10325108542474051,0.6211643238092646,0.030496094728106604,0.6262412640305766,0.34836699183355263,0.00671755411017988
chr14:23306761:23306762:NM_004050:BCL2L2,0.23638446042624423,0.23115989939437454,0.006302209950427018,0.4380465636051375,0.006300784369429935,0.23117961680002058,0.1772413964961863,0.01107750226570775,0.29045854427248063,0.09355634634673626,0.019069115074598797,0.23581340470932133,0.006302209950427018,0.12005347512968267,0.2872831937570787,0.006302209950427018,0.46919050236692866,0.23572113106750275,0.01053447599229207,0.006302209950427018,0.20625934321696537,0.011245607385618694,0.006302209950427018,0.2900369568423253,0.3339268585546262,0.006302209950427018,0.4909182435640339,0.006302209950427018,0.006302209950427018,0.1772413964961863,0.18860392360078887,0.48453139734023976,0.01107750226570775,0.2248764257024285,0.13735361129715262,0.46214164590182244,0.006302209950427018,0.32179544032486307,0.14293052668579953,0.23044951948359477,0.7532921056324473,0.6846342034006045,0.01107750226570775,0.26818468078140667,0.7413816915998294,0.37610792184661324,0.006302209950427018,0.1772413964961863,0.3614143441823029,0.11059842444507162,0.10386563328602566,0.23596729874484473,0.019069115074598797,0.006302209950427018,0.749091184797123,0.006302209950427018,0.5307718440367448,0.12064517031125388,0.3422889531161375,0.3712175153983356,0.10632002845121097,0.006302209950427018,0.2039831195122349,0.325657704642268,0.24702732725654875,0.20359790730542787,0.11966786785810557,0.13735361129715262,0.26812873632265805,0.01296827571028053,0.08378394143273582,0.011076061683846228,0.49197214808628487,0.006302209950427018,0.08456528386005407,0.48475065875053924,0.3482741460419253,0.0065320788072437685,0.26857457267663676,0.18536330773477633,0.45687452229454223,0.011245607385618694,0.20446740843370093,0.6293158197741352,0.1373554840043138,0.6386716191420537,0.07847025355608284,0.047778676410588805,0.006302209950427018,0.42541447709822966,0.008439360990455835,0.1373554840043138,0.2681653653599879,0.1373554840043138,0.20393529542915306,0.4129725820227571,0.09007532400345558,0.36926808000787453,0.006300245454487041,0.006282094084441914,0.006302209950427018,0.011245607385618694,0.22207556974938902,0.08457533127215128,0.5784618922379587,0.3330732907481428,0.3133564639104716,0.46308164060912077,0.4254762557924111,0.006302209950427018,0.3848961505962347,0.19093968282685142,0.6135343563722553,0.07847025355608284,0.23158825643281206,0.058716528351833774,0.4676679415060856,0.6383679813304634,0.3725097821318894,0.25362531310075787,0.2872831937570787,0.5806410444295568,0.09932934033758023,0.027773799814481914,0.006302209950427018,0.401632595829516,0.00645716657912776,0.145195026007991,0.011092492274225929,0.006302209950427018,0.37709878327088214,0.6385626259134495,0.024832697036491935,0.08378394143273582,0.4846733391235536,0.7152872680737383,0.7152872680737383,0.5797097531675155,0.580666650543061,0.2681821671327161,0.33455928282504294,0.48447797451828783,0.324925107799663,0.2187410848133043,0.14293052668579953,0.006302209950427018,0.006302209950427018,0.4826472780857692,0.006302209950427018,0.19749232035296777,0.48453139734023976,0.31138718480192656,0.01126575152825332,0.006282094084441914,0.032445602203689694,0.24076535864133874,0.28080568117791843,0.11447957537372572,0.2641168821592364,0.1772413964961863,0.07847025355608284,0.00645716657912776,0.006302209950427018,0.370729155327583,0.006302209950427018,0.3712958796695953,0.5083587619155372,0.46950727079568266,0.48411107415564525,0.02793146217985798,0.19479721230340624,0.31410183446673684,0.21971283941886688,0.20446740843370093,0.2623136201404766,0.41158510332948667,0.2197104031207061,0.3339268585546262,0.09450647082693692,0.4870075907728318,0.2689317314848694,0.36242111517247033,0.486182309718444,0.18009024167196103,0.42376024170619464,0.006302209950427018,0.20449060146378734,0.18270274284396654,0.23659383782694082,0.006302209950427018,0.018279563219806783,0.3135185087778276,0.1772413964961863,0.006302209950427018,0.5576518219100234,0.14331428512360517,0.6378078878867846,0.03442498127561261,0.3167615605719178,0.5466122134930355,0.42926225493722076,0.006302209950427018,0.20359790730542787,0.348314059848583,0.15801454378271923,0.20186618100184417,0.45884019436701107,0.13115613224906353,0.11967590284652369,0.35068321869345787,0.36655995765812116,0.2693202856393501,0.08466000962588183,0.2689539787271461,0.006302209950427018,0.3614792091202383,0.18150815164944167,0.11450243524824316,0.20437986027704802,0.5711614704584238,0.19998824231091006,0.23652942666366666,0.2427788469642479,0.3770597440626878,0.44784200063573865,0.11286029193884878,0.24693633824651484,0.15801454378271923,0.1373554840043138,0.9545144509614085,0.006302209950427018,0.4850471764841987,0.2603246255858833,0.26210551221406425,0.14284416684446505,0.006302209950427018,0.2953359308950499,0.3178492476903205,0.006298059610275519,0.20464913730644224,0.4960083974689322,0.5324093293312242,0.36844626020704135,0.1431016003967001,0.20446740843370093,0.390773180559213,0.6528643863111191,0.006302209950427018,0.6851529520716446,0.5523300682282871,0.01107313765046497,0.20168405162151565,0.019720535867749356,0.3626088563476139,0.48460846482819747,0.2573855024199542,0.01189408968620742,0.6391151793577785,0.6722240350105317,0.12452881456458176,0.12452881456458176,0.26858538100397455,0.2005590120124376,0.006302209950427018,0.006302209950427018,0.3840674895610735,0.08378394143273582,0.6546481377310078,0.5781057959946503,0.20186618100184417,0.4245653490945621,0.01599507179890508,0.1105897384638091,0.49968312571387835,0.499268218585971,0.21905043794208934,0.006302209950427018,0.41561519807370245,0.5466122134930355,0.08188902683276011,0.3788799897990429,0.5036988368510867,0.2984182059608715,0.17722702388146622,0.15801454378271923,0.1772413964961863,0.006302209950427018,0.006302209950427018,0.10034724222220703,0.5791876903364233,0.32575734591184474,0.10403592099534664,0.48475065875053924,0.2427788469642479,0.10090628140672248,0.2900369568423253,0.12081417747333928,0.4942298245850921,0.19479721230340624,0.006302209950427018
chr14:31420582:31420583:NM_015473:HEATR5A,0.31542930154674365,0.9628975342689697,0.0001516242177359295,0.0001516242177359295,-0.0038397817566501874,0.9598362912504488,0.272539557391351,0.0842793393733204,0.4345555209278845,0.000789979224928003,0.09667604026485786,0.00029208293603050217,0.38006022139098194,0.2384691736970842,0.0001516242177359295,-0.0037371508206326676,0.7306697243757547,0.9700159454064732,0.1843969854050053,-0.0038397817566501874,0.01756002590590683,0.18457623503464576,0.09048404789221372,0.23868021209941515,0.23696617297383932,-0.0038397817566501874,0.23868014922992342,-0.003194537677448872,-0.0038397817566501874,-0.0024504626902324828,-0.0026575426213582276,0.23696617297383932,-0.00255314717980315,0.44245621262204166,0.18457623503464576,0.23660047737430062,0.08902144689926522,0.23696617297383932,0.028239385868305156,0.06891379820703361,0.23696617297383932,0.23696617297383932,0.09058079837156204,0.0023086262837518773,0.09571859467158098,0.2672609418935836,-0.0038397817566501874,0.1830931750158279,0.23897642019344012,0.24343413619133458,-0.0037874501382301334,0.23696617297383932,0.1015808728739048,-0.0038397817566501874,0.23696617297383932,-0.0038397817566501874,0.23696617297383932,0.23696617297383932,0.23874947578125144,0.0001516242177359295,-0.0023580537910298793,0.31403947255262293,0.23697016451991576,0.5662815999108892,0.7656086000954586,0.0001516242177359295,0.0001516242177359295,0.4422497351128102,0.23697016451991576,-0.0031397800520415187,0.23868014922992342,0.1827545434262976,0.23696617297383932,-0.0038397817566501874,0.23696617297383932,0.7546164555892858,0.23874947578125144,-0.002859334235056299,0.380059640097469,0.23696617297383932,0.23792253549369785,0.32519400194916004,0.23696617297383932,0.2752801817267931,0.12469189119840532,0.23901246683137573,0.23696617297383932,0.07559636491289222,-0.0038397817566501874,0.38057870063221066,-0.0038397817566501874,0.01660788788427567,0.0001516242177359295,0.23730100502923157,0.23696617297383932,0.23868014922992342,0.12370045160622677,0.2384691736970842,-0.002806989261773432,0.09651153731187108,-0.0038397817566501874,-0.003934941640863596,-0.000998170736661072,0.23696617297383932,0.23696617297383932,0.09439826018522378,0.23800983424090955,0.23920299904192432,0.38057870063221066,-0.0038397817566501874,0.23696617297383932,0.08856241093755662,0.3804983463066893,0.2257797836411684,0.23696617297383932,-0.0025007707841982474,0.966067428831104,0.23696617297383932,0.23696617297383932,0.24558777308190233,0.0001516242177359295,0.23696617297383932,0.004330438238304396,0.24343413619133458,-0.0031397800520415187,0.09575876191601033,-0.0038397817566501874,0.23696617297383932,0.1149336287770816,-0.0038397817566501874,0.2746433574035966,0.23696617297383932,0.11453481909677163,0.09024673878375952,0.23696617297383932,0.23696617297383932,0.23696617297383932,0.38107000185795836,0.23696617297383932,0.23696617297383932,0.23696617297383932,0.23696617297383932,0.23696617297383932,0.17703715789568658,0.2484860740935927,-0.0025007707841982474,-0.0037874501382301334,0.006732647779921899,-0.0038397817566501874,0.2452463564559167,0.0001516242177359295,0.23868014922992342,0.23868014922992342,0.0849837517995268,-0.0035885763859223874,-0.002595563077547866,0.23868014922992342,-0.0038397817566501874,0.23696617297383932,0.23696617297383932,0.23696617297383932,0.24555472286973573,0.08902144689926522,0.23696617297383932,-0.0038397817566501874,0.23712679659560615,0.23309903384830755,0.7524733463583604,0.23696617297383932,0.20543454898086805,0.7501355976937286,0.4049392011394765,0.2506283858799799,0.23868014922992342,0.3037950795710733,0.23868014922992342,0.2110218882706189,0.23696617297383932,0.031284615109991934,0.3804851527808048,0.23696617297383932,0.23696617297383932,0.24227004140322256,0.2381764115340762,0.23696617297383932,-0.0038397817566501874,0.23696617297383932,0.23692126867213603,0.38102605907376363,-0.0038397817566501874,0.08413831978671188,-0.0038118576152738476,0.23868014922992342,-0.0038397817566501874,0.3804983463066893,0.8033929628511374,0.23696617297383932,-0.0038367939444136495,0.663997423327104,0.23868014922992342,0.3956685462177786,-0.0038397817566501874,0.0001516242177359295,0.11944982306938551,0.0024146230448093137,0.23696617297383932,0.5628708439946595,0.008794979896263239,0.23696617297383932,0.54750658942549,0.2429677761443781,0.23696617297383932,0.09024673878375952,0.23696617297383932,0.18303872615100103,0.23868014922992342,0.013403518776888362,0.23868014922992342,0.8724036334455032,0.23696617297383932,0.3010421771294097,0.00031243503064797007,0.21123556701562263,0.37976815082692633,0.09568367104709671,0.23696617297383932,0.23876415185892919,0.002362161013483133,0.23868014922992342,0.23596007139461894,0.24227004140322256,0.3804983463066893,0.0001516242177359295,0.09382862229102647,0.027566842875689404,-0.0038397817566501874,0.23700828382978095,0.23743340345753117,0.0018000877584656572,0.23696617297383932,0.23696617297383932,0.23696617297383932,0.23696617297383932,0.12339686557819972,0.23868014922992342,0.0014561975785597758,0.23696617297383932,-0.0038397817566501874,0.23696617297383932,0.24227004140322256,0.029076082447301962,0.11333544020892208,-0.0038425710010175085,0.23868014922992342,0.23696617297383932,0.2390341429538037,0.5334145986946566,0.23696617297383932,0.23692536469442493,0.23868014922992342,0.23868014922992342,0.23696617297383932,0.2370607625446326,0.23868014922992342,-0.0038397817566501874,-0.0038397817566501874,-0.0038397817566501874,0.23696617297383932,0.958375891008419,0.2384691736970842,0.09646622833331156,0.5367564879830278,0.00020452410520326036,0.23696617297383932,0.23876415185892919,0.05611470627956294,-0.0038397817566501874,0.2369779245523801,0.23868014922992342,0.09308287370309104,0.24284017652241224,0.2487253557625546,0.2362311519885959,0.23868014922992342,0.002352779761212148,-0.0038397817566501874,0.23696617297383932,-0.0038397817566501874,0.5625818374441535,-0.0038397817566501874,0.23876415185892919,0.3733396093595081,0.23696617297383932,0.00015546317518859432,-0.002859334235056299,0.140716732133887,-0.0038397817566501874,0.23696617297383932,0.0001516242177359295,-0.0038397817566501874
chr14:54567611:54567612:NM_001161576:SAMD4A,0.3374379241135535,0.10334198883353851,0.028595821980896552,0.13049728368318575,0.19745186304069473,0.1785671860585421,0.00190609326443697,0.19457681975536517,0.1816390322316413,0.12199237214804542,0.1064952079901601,0.1160789053110935,0.2086749743014007,0.3713296132964373,0.08281676524264131,0.07386715004213001,0.13871776714874096,0.3708173864985178,0.07837346747685858,0.0015873017447164406,0.017611615646201173,0.27482041344893704,0.14014271443100718,0.021316416206827393,0.0019531620679110184,0.0723711633835562,0.08281676524264131,0.10982811693443917,0.0015873017447164406,0.2511313162390622,0.09788942366506959,0.20181622831007973,0.13390010175549566,0.05612589964081338,0.2748152600505098,0.08282500433689399,0.0723711633835562,0.07408180774210021,0.003624544317265832,0.0012495397507541472,0.0019531620679110184,0.2262176388666659,0.14987098846675823,0.0018801609367584127,0.10269288203752658,0.1338720524914802,0.0723711633835562,0.11686980728468571,0.0008876393948647476,0.002995893696725982,0.07134659548183353,0.0019531620679110184,0.1064952079901601,0.07293950222912571,0.21348077681725364,0.10198183137286948,0.3394373614435899,0.001536483837785485,0.1166642374686147,0.7281454834229986,0.0013537962848180207,0.012848519753128895,0.02361555184952896,0.0016092701342783622,0.4051557093214552,0.08247183467064562,0.08281676524264131,0.056205519449977925,0.010987416929793659,0.005797913514914654,0.0015325737447587362,0.08751922151798186,0.0016443598269285098,0.10111686764564742,0.0743282092077387,0.0724589898152449,0.1166642374686147,0.0017398646291904574,0.136568424705663,0.34110883656834334,0.0828295555300182,0.0714821697934267,0.0016443598269285098,0.0020951992303783196,0.003607517964686058,0.10575697622988828,0.001536483837785485,0.3787835194483134,0.0015873017447164406,0.1461509783691805,0.005152640278961562,0.0036122077361254723,0.0828295555300182,0.08282874079397823,0.0018095748899330522,0.2569817095288024,0.17063007369203137,0.19207020792496393,0.0015325737447587362,0.04223907581835468,0.0723711633835562,0.009930806497542577,0.13066049027944104,0.00106954572067125,0.10562873702228698,0.11764166872968501,0.12964601644952656,0.10075312230663547,0.14614706619672418,0.0015873017447164406,0.08263084687141625,0.0019425476492527793,0.0016990848057426011,0.10162370740977678,0.13061763765000267,0.13056816387247155,0.29003640077013315,0.0828295555300182,0.13061763765000267,0.0722735822425215,0.001536483837785485,0.3209488641770861,0.1173215164075786,0.0019531620679110184,0.0059430250639093685,0.11753715792854014,0.13056129629333496,0.001536483837785485,0.08673374196375094,0.005209058634184804,0.14000129095571218,0.0016443598269285098,0.1316621562490256,0.0015325737447587362,0.22621293311384028,0.0019531620679110184,0.0019531620679110184,0.018967485308536036,0.36143029554756556,0.08281417638567767,0.18097901007019007,0.10638208332937665,0.13197184917750016,0.042846756444337886,0.006685204916235865,0.0016133988805568378,0.0015325737447587362,0.11351589446395477,0.0015873017447164406,0.048704567016254585,0.0828295555300182,0.08281417638567767,0.0016530142804943582,0.009827138033010274,0.005238221401768106,0.13065736736120942,0.13060735965164144,0.0015325737447587362,0.0019531620679110184,0.2262218888779028,0.0019531620679110184,0.13065582617895738,0.0015873017447164406,0.08281676524264131,0.0015873017447164406,0.13061763765000267,0.16442072589070944,0.2724118586586216,0.0828295555300182,0.0019531620679110184,0.1551288309279107,0.08820766110494477,0.18601229566085575,0.13049728368318575,0.16843477517869093,0.16211304194287984,0.10001950239687629,0.0019531620679110184,0.0016620516366594451,0.13092796251792949,0.0016443598269285098,0.0828295555300182,0.2094145386502203,0.00885511970738706,0.13061763765000267,0.0015873017447164406,0.0019492229217731305,0.0016443598269285098,0.029390608332115153,0.0015873017447164406,0.001123449550230915,0.08294102044350216,0.001536483837785485,0.0015873017447164406,0.1306445477978831,0.004465049779951269,0.0828295555300182,0.13054069075684427,0.0994917927766707,0.1010522636283212,0.10220249180891677,0.0015873017447164406,0.001536483837785485,0.16306774140217756,0.02889912680123513,0.21351776407748407,0.10669145096583482,0.10284109223910831,0.1309826644499275,0.34461834294577137,0.13427373766952083,0.02719916688680024,0.022238646301823983,0.13965159210489608,0.0723711633835562,0.001536483837785485,0.0067283901678116265,0.0015325737447587362,0.21610691842300123,0.2725786987826875,0.0008221600345832969,0.0017001015474730763,0.17145773219645633,0.07192702801019107,0.15858427921735085,0.0019531620679110184,0.0017761374229159355,0.015480789166127995,0.02130368508906083,0.25203120711964133,0.0019492229217731305,0.08306516015010185,0.08281676524264131,0.13441044294681675,0.03841813758412849,0.0015873017447164406,0.10115391897561982,0.001536483837785485,0.0010516691519667498,0.08078636621396601,0.13061763765000267,0.4104578744970536,0.0828295555300182,0.004238879507202031,0.0016443598269285098,0.0016367232341005233,0.00750804775040953,0.0015873017447164406,0.0828295555300182,0.3689082363779109,0.038623384183835874,0.0023606158255279897,0.0015347224899165401,0.07361233740176715,0.22649800790726138,0.10063778279311225,0.0715386950487446,0.0016443598269285098,0.08283272977505446,0.13457729485216885,0.13457729485216885,0.0018643257270771207,0.20659488267804305,0.0019531620679110184,0.0015873017447164406,0.0017294321368173105,0.1311228009827663,0.0828295555300182,0.37394678778889007,0.0025740323073950022,0.03856548854072872,0.07662336702230954,0.00185808011194033,0.4104578744970536,0.3235237075256457,0.027741080478809688,0.0723711633835562,0.13056713884332716,0.18576654114905106,0.07231693741215084,0.1397954584307719,0.2885555181493555,0.13959203839177553,0.0016443598269285098,0.0289267020102581,0.009783813850329781,0.005668755306011242,0.0015873017447164406,0.1729926393603347,0.0016133988805568378,0.001654098457798292,0.0025327466678282673,0.0828589225529146,0.0021289219480601917,0.017302960863204098,0.042540430998524725,0.023610881873824596,0.0828295555300182,0.10100567891661844,0.0015325737447587362
chr14:69191476:69191477:NR_034164:EXD2,0.49466078621708814,0.5735992033303556,0.4645954293684541,0.5231978172361894,-0.001789686913335753,0.6658665789211622,-0.0034249066259915972,-0.0005753282889508493,0.48631372697490544,0.0838017435717309,0.01165516546942548,0.48852470569538087,0.016230309324199388,0.4947183792139324,0.4873612670465355,-0.0005250724170693666,0.5306101124629455,0.6405688815836128,0.3047707259054817,-0.0034249066259915972,0.4647724663331269,-0.00159798763434095,0.2137682516200701,0.8175250991093166,0.5002768921802172,-0.0034249066259915972,0.5236191499416424,0.21506807347416285,-0.0034249066259915972,0.005939875985060572,0.4726799860981343,0.04431617451956715,0.46639059395120847,0.006412642693622156,0.47362871423574665,0.5273674638504674,-0.0034249066259915972,0.5002768921802172,0.23207283425242364,0.0050666017296998045,0.5226455439330348,0.5659026349388314,-8.714008333604584e-05,-0.001789686913335753,0.6047192818605589,0.530861265889955,-0.0034249066259915972,0.005524872478733123,0.024262080819690987,0.46517901062757394,0.0007439265319572064,0.5002768921802172,0.02243974535174259,0.012637083528520762,0.5233651174873877,-0.0032195105268906232,0.5495609765185326,0.4990244483033792,0.4812150403676602,0.5002768921802172,0.006415790390985068,0.0020915427313203255,0.022828006115689164,-0.0004800176123395533,0.5387413252821368,0.008466432514050395,0.48695810739302176,0.006412642693622156,0.5080122404410531,0.013090398299197628,0.024262080819690987,0.4689173131398701,0.5233706062789997,-0.003332511112938377,-0.001789686913335753,-0.0028318859373278604,0.4812150403676602,-0.0017620836635246495,0.5226455439330348,0.5002768921802172,0.02530502061676454,-0.0026713601621714267,0.5002768921802172,0.5317637143819003,0.22587143173483282,0.5237821379393939,0.5002768921802172,0.16571241314499027,-0.0034249066259915972,0.5161257776543091,0.4687945063464501,0.2310592414562848,0.49890771798255784,0.4645954293684541,0.5442410653717044,0.5232097324396654,0.4565279034441386,0.040660597207858196,-0.0034249066259915972,-0.006305315901077538,-0.0034249066259915972,0.00015527168373237477,0.5227727261400952,0.4645954293684541,0.5675487917793293,0.5090274458597766,0.49861502015647097,0.051455191476860035,0.5112011624161634,-0.0034249066259915972,0.5227019678921748,0.4717412274924834,0.5226455439330348,0.4660662590941274,0.11352164387590749,0.5225111303455208,0.5317182634766707,0.49861502015647097,0.4651176219674301,0.014227977480524609,0.5002768921802172,0.5663436478303336,0.0722005825303142,0.49861502015647097,-0.0029276629735738163,0.5031713873221109,0.46671097432311537,0.49931727837092454,0.017631095200470612,-0.0034249066259915972,0.5307639558107207,0.49861502015647097,0.01224665690365112,0.45355851720689,0.5384037805296196,0.8172939371494929,0.8172939371494929,0.548501211386743,0.8789639559595499,0.4645954293684541,0.019801833630548937,0.5005359196107594,0.4871889804982204,0.2241658479930297,0.30886555997184706,-0.0034249066259915972,-0.0034249066259915972,0.4689522953822675,-0.0034249066259915972,0.7032698537031369,0.4990244483033792,0.5236191499416424,-0.0017621012543877629,-0.0033928893566934903,0.03606584596134818,0.004702640535168071,0.4648810206661405,-0.009540349811313797,0.5378486124427445,0.5227019678921748,0.5378486124427445,0.5059290313767018,-0.0034249066259915972,0.4651176219674301,-0.0034249066259915972,0.5002768921802172,0.5299440380976905,0.5374003168108767,0.5226455439330348,0.4651176219674301,0.5010142993059199,0.006562042926204714,0.23678126625916082,0.49861502015647097,0.5482100622141257,0.015226537667115653,0.22071624353782462,0.5226455439330348,0.4418166173445944,0.5232593574077434,0.49890771798255784,0.4990244483033792,0.5709996452308794,0.46483470980390496,0.5241627701838152,-0.0034249066259915972,0.5230665979100878,0.5233893911956553,0.5415079288242971,-0.0034249066259915972,0.001403140236140299,-0.0034249066259915972,0.4645954293684541,-0.0034249066259915972,0.4771088883315525,0.30581244670780705,0.49861502015647097,-0.009544279567656952,0.4928334187143645,0.5491725032833226,-0.0009799661039520263,-0.0034249066259915972,-0.07240406142122394,0.5231432005822326,0.5057821074812917,0.4990244483033792,0.5086169508079394,0.02032230000709609,0.4664060492068635,0.5782915932185851,0.5238763605261252,0.5688169773794478,-0.007506538570032223,0.5009733211284262,-0.0034249066259915972,0.006563761611715652,0.004500395629272305,0.44162050531721814,0.5010762882160934,0.4698710314885538,0.007858083179303144,0.4689173131398701,-0.0024615333629854214,0.49901145748694986,0.6696083349403575,0.5002768921802172,-0.0034249066259915972,0.5139064191391554,0.46463705909702724,0.524156292966396,0.48695810739302176,0.5226455439330348,0.5002768921802172,0.03884343157891637,-0.004815237101084016,0.4645954293684541,0.538125188367207,0.4645954293684541,-0.0031051200174067733,0.5385743834705865,0.5238077186700734,0.5231978172361894,0.5226455439330348,0.23468544247545015,0.5002768921802172,0.48761445557362815,0.5015494063272667,-0.0034249066259915972,0.48695810739302176,0.5585223052738824,-0.004843491345920811,0.08226110291815061,-0.002956215290444708,0.02530502061676454,0.5304444004662104,0.5262747115060923,-0.0020829257626496372,0.5226455439330348,0.8813756553190362,-0.003047252343172907,-0.003047252343172907,0.5687711917830106,0.02457724073370135,0.014892657054601355,-0.0034249066259915972,-0.0034210109761635965,0.4990244483033792,0.5259993031155016,0.5751072721644555,0.4996227439782487,-0.005213528037019771,0.46612098406384705,-0.003374914242134555,0.49861502015647097,0.5227019678921748,0.22204136429591334,-0.0034249066259915972,0.015094440128304465,0.4653855322550166,-0.0006442409895780349,0.48521054174032985,0.5005117585521422,0.5010078365935949,-0.0034249066259915972,0.02615968787635853,0.4645954293684541,0.01873068553849458,-0.0034249066259915972,0.8192904329342651,0.4645954293684541,-0.0002930477482783189,-0.003332511112938377,0.5227083115193476,0.4645954293684541,0.9774377792724779,-0.006305315901077538,0.507436769213919,0.49861502015647097,0.06110566490129393,-0.0034249066259915972
chr14:72986956:72986957:NM_001281735:ZFYVE1,-0.0008529404444377331,0.13043941464122644,0.08906496508993444,0.042337502944010286,-0.0036413297120133636,0.08104512922175866,0.2697445960120147,0.17863127523518063,0.08072975092847157,0.09397612496663355,0.07520466813400828,0.03791089696035632,0.007059970476081423,0.11013202385321874,0.10402927783517024,-0.003562941798395558,0.04947899613301299,0.4176399704892094,0.13148596274950675,0.04255527712894169,0.06243759119381531,0.11071253710222695,-0.003562941798395558,0.24594876588957193,0.052970989769247745,0.04255527712894169,0.0037866744469061686,-0.003562941798395558,0.044540582240509496,0.16160650677494703,0.18372816758353727,0.1273277954325952,0.10158467884426214,-0.003474692150924663,0.1573874315609609,0.1814093173330832,-0.0010840805446932222,0.049181291990464726,0.07984071467722287,0.06870778174695702,0.006517227661841041,0.02409578237444543,0.04178203621210019,0.10768934994465418,0.10545600471102068,0.08874272283888185,-0.0010840805446932222,0.10802698066238392,0.017415522450376697,0.048582849102702275,0.13607957384235625,0.05005857458592111,0.0752774965322055,-0.0010840805446932222,0.05941304248594159,0.0008096227067063699,0.1336841673823711,0.05678444931039328,0.09025664914515119,0.04714596630953005,0.13607957384235625,-0.003872157501151663,0.14193899070718619,0.04185030275356261,0.11882350062420666,0.003663886366975455,-0.003872157501151663,0.07987682487667991,0.14193899070718619,0.0023634291904885973,0.003950379332754106,0.09569739594959126,0.05977351833290212,0.004889813055206194,0.03903961965911562,0.1534874783921404,0.16038649318067488,0.038842579492399665,0.10407608550139258,0.062124694124745417,0.04714119393146998,-0.003872157501151663,0.12578347004558132,0.11705899039773016,0.14926590742113777,0.05971092367340325,0.04943371435516086,0.15350617975554326,-0.0010840805446932222,0.10241838428133598,0.042021171222594966,-0.003872157501151663,-0.0010840805446932222,0.03880082496242798,0.01867578099457623,0.04746041302211901,0.11842323947048328,0.12812639799500347,-0.0010840805446932222,0.10892380374041644,-0.0010840805446932222,-0.0010455581031751926,0.07375092587891308,0.018462173682580185,0.10814259228822576,0.35024951995664255,0.05232510483205266,0.12575028468113847,0.0925694337781483,-0.0010840805446932222,0.06373422899319459,-0.0013022759751523116,0.05213090377676244,0.0499246916124757,-0.0037923069719935087,0.04686660946450516,0.050987759984832404,0.0499246916124757,0.058843517890905916,0.010340445203595006,-0.0010840805446932222,0.055949449733920464,0.06012801353379105,0.05328597629181453,0.0012455782466006537,0.3444290757704851,0.003663886366975455,0.0037866744469061686,0.12524259286874284,0.04345298088444305,0.10409478322979615,0.04178203621210019,-0.003645429411140655,-0.0035686800479733938,0.04686660946450516,0.05574324709650613,0.05574324709650613,0.05035661345328568,0.141954169175193,-0.003872157501151663,0.10775283021650328,0.05007869704931234,0.03888470994300275,0.018610466213498156,-0.003559015003372523,-0.003872157501151663,-0.0010840805446932222,0.19487413892983763,0.039691726891971646,0.06266561334319021,0.05971092367340325,0.04199621556075628,0.06373422899319459,0.039914203730705755,0.06625541945883118,0.02929563121708567,-0.0010800524880062445,0.05752007596450204,0.05012695377934595,-0.0008831879173368806,0.05405062776615521,0.05208614413540935,-0.0010840805446932222,0.057356424811149664,-0.0010840805446932222,0.008560080921712676,0.056527371309405106,0.051618351600556944,0.05006071518319111,0.050856823722783995,0.10887343984330577,0.1503151355794663,0.1242463907889847,-0.0010840805446932222,0.1540662961519632,-0.0009634407409986334,0.04283498869912383,0.05961708751367978,0.08573283598001702,0.10726701719536735,0.04178203621210019,0.0499246916124757,0.09001920532928231,0.10879739203542393,0.02718309989212031,-0.0010840805446932222,0.0066962876572216334,0.0037448131811390617,0.10262847756438631,-0.0010840805446932222,0.0012964855355378502,-0.031510474923202025,0.003663886366975455,-0.0010840805446932222,0.004090765731969093,0.1251166500031542,0.050010316698389956,0.0484542925455973,0.005899892403513518,0.12491768946083948,0.056656377936020186,-0.0010840805446932222,0.03880082496242798,0.1581978391597515,0.13531652528846172,0.05678444931039328,0.07462897594408735,0.042825355973706736,-0.002891078506571887,0.28289219236144647,0.06764656129130353,0.1562787759157903,0.003967967769858638,0.05950760348305484,-0.0010840805446932222,0.03880082496242798,0.07028165429896738,0.05752007596450204,0.06706833368740517,0.014660625233385516,0.19266490132517067,0.014699920693418633,0.10879118909705932,0.04208946168777883,0.34129281642958065,0.0499246916124757,-0.0010840805446932222,0.13514470424104486,-0.001083869479960864,0.1515322458866014,-0.0010840805446932222,0.050010316698389956,0.006600379892938157,0.04367206827603931,0.04185030275356261,0.014082874429660719,0.05252968811252168,0.04178203621210019,-0.003872157501151663,0.05624778826919952,0.05977351833290212,0.11718595007049182,0.0499246916124757,0.039151974831302394,0.016833178704051543,0.058843517890905916,0.050010316698389956,-0.0010840805446932222,0.0499246916124757,0.14107581659199264,-0.003872157501151663,0.11289894687725122,0.0015221644578852223,0.05609359092583255,0.20104708573037589,0.029153757224522847,0.04828865320536535,0.0499246916124757,0.13484567511929102,-0.0035686800479733938,-0.0035686800479733938,0.012382597641723114,0.15313956247881888,0.050344279619706,-0.003872157501151663,0.03353003453319259,0.047178594278678765,0.06550571912212966,0.3433036965067021,0.007311687412381307,0.10892380374041644,0.05050773637190986,0.04178203621210019,0.0499246916124757,0.04835193045983521,0.042214029668265374,-0.0010840805446932222,0.12360163869056728,0.11582212294849659,0.11154921502557491,0.083510307758902,0.022017112143952633,0.0644495926017139,0.003663886366975455,0.13848451004007956,0.10778807748530705,-0.0010174483286921054,0.006984944770004331,0.24224668463120724,0.04178203621210019,0.06643081957537844,0.04366456727578605,0.051679958821508554,0.04720203941188572,0.033202630842739,0.06411593720660713,-0.003872157501151663,0.0499246916124757,0.05736232656888052,-0.003806436609034569
chr14:73136434:73136435:NM_000021:PSEN1,0.6856599486127468,0.9571451415575372,-0.000545443006255128,0.891131526291054,0.260311523700763,0.6904521271616783,-0.0018694448097128502,0.26075014403479974,0.6796910231327868,-0.0006053417744814812,-0.0005716328555124758,-0.0015622414322461128,0.2966168879874107,0.6814727711014477,0.3012758495221779,-0.0029091500361789965,0.30159756673691795,0.6728584128411462,-0.0017670060259121836,-0.001431354779299808,-0.0006825014971134705,0.43153890110834936,0.26031268476358177,0.3014048812925265,0.3017645205571794,-0.001431354779299808,-0.0015789120174834678,0.2588977887178775,-0.0014416698531655517,0.2589091762028298,-0.020493605583752322,0.6795072103992543,0.6856628850853828,-0.0017894108341741724,0.43153890110834936,0.30132186936831684,-0.0027729277379916137,0.3016577674088605,-0.001036926902732542,0.014126609839896997,0.30138218806534633,0.30170420173973833,-0.0005716328555124758,0.26032084544965417,0.6820478778321906,0.3363512016352692,-0.0016540579767502506,0.25890594185123195,0.02276633009335613,-0.0015892073590388148,-0.020950968007901256,0.30138218806534633,-0.0005716328555124758,-0.0016540579767502506,0.30138218806534633,-0.001431354779299808,0.317551853281527,0.3012758495221779,0.2624556562035206,0.3012156489596137,-0.020950968007901256,-0.0015452642731470512,-0.0015851452607640454,-0.0002829544402529263,0.6854886762518893,0.301276452119844,0.3012758495221779,0.6803462226374268,-0.0017132334627251444,-0.0016385707966630192,0.00466102606123537,-0.0016434059636349155,0.30132245556908266,-0.001578254790871897,-0.0015892073590388148,0.29988931628651627,0.2624556562035206,0.2605444367067337,-0.0016434059636349155,0.30178261541441,-0.0015789120174834678,0.04154079434998223,-0.0015789120174834678,0.31405344819368886,0.2609931224139305,0.30138218806534633,0.3016577674088605,0.2371509402203164,-0.001431354779299808,-0.001431354779299808,0.30138218806534633,-0.0015789120174834678,0.30138218806534633,-0.0015789120174834678,-0.0017363559131391218,-0.0015789120174834678,0.008334566027295334,0.6805532120807063,-0.0003061314072046045,0.0038748201302960666,-0.0016540579767502506,-0.0014910528393426922,-0.00046349424057331307,0.22108978793952505,0.3045933177750543,0.2620945795352318,-0.0015892073590388148,0.6805561451754812,0.8911908668053996,-0.0003166319826741065,0.30138218806534633,-0.0006798555545761281,0.3017645205571794,0.30138218806534633,0.30407191520762333,-0.00046349424057331307,0.6953952353572597,0.30138218806534633,0.30138218806534633,0.0007432014704222695,0.30138218806534633,0.3012758495221779,-0.0007016608530279606,0.22126731698358099,-0.0014910528393426922,0.2620990311008225,-0.0015789120174834678,0.3012758495221779,-0.008122602294040035,-0.0014416698531655517,0.2953005086018917,0.30138218806534633,0.21888514582092664,-0.0016141028331398688,0.3012758495221779,0.3017645205571794,0.3017645205571794,0.316231715624136,0.3012758495221779,0.30128702524937245,0.298861311834158,0.30145816649286494,0.3040725404974074,0.5537091447640927,0.00758695335136559,0.26031268476358177,-0.001431354779299808,0.30138461697810004,-0.0015789120174834678,0.89195597166174,0.30138218806534633,-0.001431354779299808,-0.0027624625873876527,-0.0015724332275012312,0.039852280571407106,-0.0004530136620301134,-0.0014146823129036479,0.008595187914456341,0.30138218806534633,0.30138218806534633,0.30138218806534633,-0.0015789120174834678,-0.0016540579767502506,0.3012758495221779,-0.0003061314072046045,0.3017645205571794,0.3117282427856436,0.6856678066151074,0.30138360187085633,0.6869355266080234,0.6856599486127468,0.2607994833992327,0.470670692917452,0.30138218806534633,0.011712640205189598,-0.001431354779299808,0.5175564005787714,0.30138218806534633,0.893249233517857,0.3153551576380962,-0.001431354779299808,0.30138218806534633,0.33900492547663197,-0.0016434059636349155,0.3017645205571794,-0.0027624625873876527,0.30138218806534633,0.3044747016019652,0.004886210213513119,-0.0027729277379916137,-0.0006798555545761281,-0.0015789120174834678,0.3012758495221779,-0.0014416698531655517,0.30186403267019457,-0.0015789120174834678,0.30138218806534633,0.30138218806534633,-0.0029078201965475683,0.05146693440978904,0.2965580400446456,-0.0016540579767502506,0.008236536866668469,0.6861737928054452,0.0001736760494461878,0.3012758495221779,0.3357651129554554,0.23488922644739635,0.3014297138339972,0.6803346803425785,0.3166111138105996,0.0068979522589055695,0.0065197967829308395,0.30138218806534633,-0.0016434059636349155,0.3012758495221779,-0.0006798555545761281,0.008595187914456341,0.30137618867198424,0.317544022264418,0.278777718738243,-0.0027624625873876527,-0.0014416698531655517,-0.0014416698531655517,0.26093332882963455,0.30138218806534633,0.30138218806534633,0.00017902129439208853,-0.0014416698531655517,0.23005621169174773,0.30138218806534633,0.30138218806534633,0.30138218806534633,0.3217238852677511,0.22290203141279571,-0.0015789120174834678,0.2999181478601278,0.0002000328710164631,0.22108978793952505,0.3012758495221779,0.30138218806534633,0.3117282427856436,0.30138218806534633,-0.0016385707966630192,-0.001431354779299808,-0.001431354779299808,0.3117282427856436,-0.0003166319826741065,0.30138218806534633,0.3174975480168559,0.2226992477548427,0.6852328295037624,-0.0010065095142702957,0.3012758495221779,0.3019954872434225,0.005463775675813763,-0.0016434059636349155,0.3031257791399148,0.30135377288765486,-0.0015789120174834678,-0.0015789120174834678,0.0070456449536830945,0.3012128054355957,-0.001431354779299808,-0.0015789120174834678,0.00863217230777949,0.3012758495221779,0.3046025203953494,1.4404168635376928,0.6851970517543853,0.30722916329883565,0.29731041252784585,0.2624043212665236,0.30138218806534633,0.013591596526421786,0.32302206863696625,-0.0016434059636349155,0.30145287924641784,0.3929417673835599,0.002006740083115119,0.3363524047424551,0.22153960986998583,0.30138218806534633,-0.0015789120174834678,0.0003257538433323881,-0.0015789120174834678,0.30132186936831684,-0.0003166319826741065,-0.00155692273739573,-0.001431354779299808,-0.0014416698531655517,0.00018116317250909536,0.30132186936831684,-0.0015789120174834678,0.017177709455408224,0.0066671731838230525,0.007051575988124975,0.30138218806534633,-0.0014337226573538225,-0.001572433615375582
chr14:74084493:74084494:NM_005589:ALDH6A1,-0.0036290790958783403,-0.0005054230357984801,0.008566304270008901,-0.003703452491300663,0.007917400367911165,0.04951351083069752,0.26474683509247543,-0.017831419412383254,-0.002686550206336763,0.008566304270008901,0.0008759893814966613,-0.0027959970197154183,0.00809240562547095,0.009280558820985718,-0.003633048956025231,-0.017831419412383254,-0.003479814337025433,-0.01039437099522364,1.3989107734070012,0.007917400367911165,0.2649267391983904,0.23695922035857403,0.007917400367911165,1.3596332970319662,0.2655488033507438,0.007917400367911165,-0.0038566846086375284,0.007917400367911165,0.007917400367911165,0.009374852041894699,0.0017702509974135971,1.403694043464138,1.398848195488063,-0.004277055167481336,0.23695922035857403,-0.0038566846086375284,-0.004277055167481336,1.3586212777087723,0.009156262176154534,1.3561057930569635,1.3572031875418853,1.3632664824949443,0.0008759893814966613,-0.004277055167481336,1.3184195630439048,1.3730689991910974,-0.00427078786772625,1.3561022445984081,-0.002649808659016095,-0.017831419412383254,-0.004276490138735156,1.3586212777087723,0.014106389445186246,-0.00427078786772625,1.3586212777087723,0.007917400367911165,1.3586212777087723,-0.003212368495188078,1.312630369745286,1.3561022445984081,-0.0031862244976374743,-0.004277055167481336,-0.004277055167481336,1.361651750119084,1.362193201475833,1.3586212777087723,-0.004277055167481336,-0.004275377550224474,-0.004277055167481336,-0.017831419412383254,-0.004277055167481336,1.2757783942418153,1.3572031875418853,1.3561022445984081,1.3962526019875623,0.008086882733137069,1.3126330653321618,-0.004277055167481336,1.4089201104143318,1.3586212777087723,-0.0038566846086375284,-0.0032378724074676735,-0.003212368495188078,2.489407831345859,0.010277062787010571,0.00040709881667111425,-0.004277055167481336,0.004728737577832098,-0.00427078786772625,1.3572544372602833,-0.00427078786772625,0.05957383611195083,-0.0038566846086375284,-0.0036762887256662213,1.3607379866512717,1.3572031875418853,1.3733657984969958,0.2839440692218768,-0.0011322023927659297,1.3561166113192908,-0.00427078786772625,-0.0033871911216661055,-0.004247103471403307,2.4552569004633376,1.359726454754272,1.3147100967061658,-0.004277055167481336,1.4015105393013698,1.3572031875418853,-0.004277055167481336,1.3572031875418853,0.26569022532810005,2.449853386790732,1.3586212777087723,1.3611964089365707,-0.004247422875824219,1.3622886343201221,2.448989249858217,1.3648490381619602,1.365904917311497,-0.004277055167481336,1.3572031875418853,0.032680255267352964,-0.003633048956025231,-0.016938433700853878,1.3462433338207336,-0.004277055167481336,-0.0038566846086375284,0.008183039702953698,-0.004277055167481336,1.368488358985655,2.448989249858217,-0.004012204909764283,-0.0038566846086375284,1.3561022445984081,1.3572031875418853,1.3572031875418853,1.404165975033499,1.3596332970319662,-0.0038566846086375284,1.3572031875418853,1.3572031875418853,1.3586212777087723,-0.0382926390403443,0.06339225991931227,-0.003471000998477136,-0.004277055167481336,1.425046408615253,-0.004277055167481336,0.005772378993297189,-0.003855777940083599,-0.003212368495188078,0.007917400367911165,-0.004277055167481336,0.26556860099797397,-0.004247103471403307,-0.003633048956025231,-0.004277055167481336,1.3586212777087723,-0.003212368495188078,2.449853386790732,-0.004277055167481336,-0.00427078786772625,1.3586212777087723,-0.004277055167481336,1.3561022445984081,1.3608833358154553,1.362193201475833,1.3572031875418853,0.009204348094889153,1.3561338185299703,-0.01156062038975067,1.12220478657874,-0.004277055167481336,0.031724680354357604,-0.003633048956025231,1.2414963963981949,2.449853386790732,-0.0008230803238164497,1.36005125079097,1.3572031875418853,2.448989249858217,0.004645396762350262,-0.004277055167481336,1.3586212777087723,-0.00427078786772625,-0.003633048956025231,1.3674465260296953,0.0005097782407031681,-0.004277055167481336,-0.0034880945444364098,-0.0038566846086375284,-0.0038566846086375284,-0.00427078786772625,-0.003854472714401286,0.010343606619930279,1.3586212777087723,-0.0040769038140938685,1.3633708288817101,1.3754517402642201,1.3994647966525917,-0.00427078786772625,-0.004277055167481336,1.3203351181650862,0.265602828014496,-0.0038566846086375284,1.3612510171488013,-0.0042675505154480264,-0.0017660380011275123,1.2789832794288,1.3539824968112524,1.3561022445984081,0.00835286949850833,0.27150990372781036,-0.00427078786772625,-0.0038566846086375284,-0.0034841245775303342,-0.004277055167481336,0.266547700643074,1.3641294817162006,1.4199683074980887,1.3962620770482823,-0.0038566846086375284,0.26616006374088064,1.3147127970974102,1.3586212777087723,-0.0038566846086375284,-0.004083261151467038,-0.0038566846086375284,0.3544012954692015,-0.003633048956025231,2.4543795375246993,-0.003633048956025231,1.3586212777087723,1.3561022445984081,-0.003633048956025231,1.3621575425268257,-0.00427673578226892,1.35610669475798,1.359726454754272,1.3572031875418853,1.3607379866512717,2.449853386790732,0.06651441846954809,1.3607379866512717,-0.0015868008687472124,2.454376186975926,-0.00427078786772625,1.3586212777087723,1.3780163654239894,1.3561219041669892,0.28004339355882285,-0.003469737386464805,-0.0038566846086375284,1.347587575740241,0.3537415530279797,-0.0165666524577249,2.448989249858217,1.418391997103613,-0.003236608507916655,-0.003236608507916655,-0.004277055167481336,0.0011353112498825313,-0.004277055167481336,-0.004277055167481336,-0.004277055167481336,1.3572544372602833,1.3572031875418853,1.4118955101536337,0.2798393759076889,1.3585139814032343,0.2647551854967676,-0.004277055167481336,1.3572031875418853,0.008344272220803972,-0.024410421663595833,-0.00427078786772625,2.4694671848595435,1.3586244205538651,-0.003229397717533722,1.348659080759482,1.3974065135892082,0.27150990372781036,-0.0038566846086375284,0.26517526143516446,-0.004277055167481336,-0.0027428688077974495,-0.00427078786772625,1.3596332970319662,-0.004277055167481336,0.007930377956843843,0.008719851496425401,1.359726454754272,-0.0033800636127376826,0.002632145384980411,1.3561026540355616,-0.004277055167481336,1.3572031875418853,-0.0025935006380587433,-0.004277055167481336
chr14:74713104:74713105:NM_001039479:AREL1,0.04615608341561102,0.46954244519036625,0.467274071973142,0.016332730128232806,0.030020310319618482,0.7061032142788914,0.7363071039843867,0.4968704434282645,0.4518888404720569,0.054199335973612366,0.02452407247418015,0.439215521978208,0.017793970821129945,0.5397891319561048,0.012503999335202885,0.049883319727894025,0.014663932151011694,0.8048594818253327,0.0188115463383958,0.009499051666887092,0.4407143345639205,0.5073618712233514,0.011353366428624324,0.014486068965489294,0.25721035740225723,0.009704467971337172,0.009449497684724237,0.009506835834945972,0.009660480051345167,0.05749888173952419,0.029711302815199132,0.6763187270149196,0.4789979803021211,0.445867513437905,0.5142607370417747,0.4562261609990567,0.00949347820656304,0.25721035740225723,0.02795369552893618,0.009170756439099058,0.25721035740225723,0.44618146672447767,0.4620915788985045,0.014287580394720587,0.06259516461583636,0.034441356391944705,0.009449497684724237,0.019388656331116177,0.025896507488987655,0.20771584965754136,0.042329132946089684,0.44299340743865456,0.029129530498023807,0.030065006920137773,0.012503999335202885,0.030229264378797315,0.013914708424068778,0.009449497684724237,0.024164777772067995,0.012503999335202885,0.22645578089879284,0.44901033490456344,0.009562421200722697,0.469859746382944,0.6747774908729267,0.013156787401607337,0.009449497684724237,0.44600997403813614,0.009440623536495808,0.014491046177231931,0.009647771431301851,0.44924827758463115,0.44299340743865456,0.009779423117023903,0.01150868666004239,0.5131365867889977,0.024120116029818464,0.021952896047092448,0.44708960272553516,0.25721035740225723,0.012503999335202885,0.011837057524952316,0.25721035740225723,0.27120038345537956,0.02775287974781023,0.011785728483205724,0.009449497684724237,0.05179198423764594,0.009449497684724237,0.013038517948667495,0.44040930703789527,0.014077237170532445,0.012503999335202885,0.012503999335202885,0.02857703943524928,0.012503999335202885,0.009531351752270316,0.6627312713286277,0.009610913617789065,0.009531351752270316,0.009543034824419771,0.4459223195303106,0.01717842022086189,0.2546967594280849,0.25721035740225723,0.05140954634499262,0.022192005773248074,0.6763538334937854,0.01451776418479948,0.009555013277280602,1.1442933378364266,0.006996139788820091,0.25721035740225723,0.25725802218273225,0.2515973663777261,0.4388538865618211,0.8085982308996911,0.44299340743865456,0.4388735184090995,0.04569038210056661,0.25721035740225723,0.012503999335202885,0.05484332091023089,0.009449497684724237,0.4454271946591597,0.07757392270900972,0.44299340743865456,0.009458122019480906,0.012489180246183656,0.00949347820656304,0.26713954775808735,0.44299340743865456,0.03337667386950513,0.4415894637648846,0.012503999335202885,1.1374430853939386,1.1374430853939386,0.25723944697401213,0.01291703468114535,0.009449497684724237,0.4532241920622889,0.44299340743865456,0.25032437074871516,0.04629102029962448,0.08542160952327454,0.012854256196641926,0.009449497684724237,0.47366039120904413,0.009449497684724237,0.05189192868317577,0.012971299375214702,0.012503999335202885,0.4874700122798795,0.009506835834945972,0.01004115426216197,0.01717842022086189,0.44299340743865456,0.009449497684724237,0.012503999335202885,0.012503999335202885,0.44299340743865456,0.01717842022086189,0.009499051666887092,0.009449497684724237,0.009449497684724237,0.012645442792904475,0.4445529803513163,0.8136459470738103,0.44299340743865456,0.013761382365915766,0.05938040727731979,0.1952492683957665,0.08404943987936776,0.009449497684724237,0.27451464472656706,0.012503999335202885,0.08517478058953641,0.25721035740225723,0.019714453592278764,0.4439656525878619,0.009449497684724237,0.44299340743865456,0.029055452687983783,0.18760124872574163,0.44299340743865456,0.009598996853784018,0.012503999335202885,0.012503999335202885,0.20225820007542114,0.00949347820656304,0.011029638545996902,0.009449497684724237,0.009449497684724237,0.009449497684724237,0.01448111955343636,0.08594964611327285,0.44322214685212824,0.018718597211974077,0.7645974188215501,0.014753611662558539,0.45896556123449517,0.009543034824419771,0.009458720405864176,0.03443671127618843,0.019523399432122838,0.009449497684724237,0.45567720496176944,0.010607776715463969,0.009920208178605377,0.017258279414413925,0.03689730489505696,0.028988147672745407,0.014475786160600326,0.012503999335202885,0.030013903371359864,0.012503999335202885,0.011030307535599006,0.009449497684724237,0.034677223159636804,0.02157752775386998,0.05053912326770535,0.44358878118072265,0.47353322525411795,0.4453899655966336,0.05978002109902808,0.012503999335202885,0.4388901947467224,0.018825322363129646,0.009610913617789065,0.5024583974559231,0.012503999335202885,0.4432774817544394,0.009449497684724237,0.43899008194997685,0.04102295076348826,0.009449497684724237,0.0097286446712809,0.02023125136254815,0.009509741194126686,0.009449497684724237,0.25721035740225723,0.44299340743865456,0.44299340743865456,0.08792937024521112,0.012503999335202885,0.009449497684724237,0.44337490864992973,0.009555013277280602,0.44299340743865456,0.2592854054727206,0.017177718549290802,0.04361183797432629,0.04106817286879391,0.012503999335202885,0.2577570492524315,0.5046460718023553,0.4488600130308651,0.4429925552142006,0.44324474199616404,0.020304884168004734,0.020304884168004734,0.02857703943524928,0.019372616648990024,0.0145041571184173,0.009449497684724237,0.009449497684724237,0.43860754996145546,0.4332657922779034,0.5179803322875591,0.012503999335202885,0.01093881698359515,0.4902392748648971,0.01624330635950593,0.44299340743865456,0.45333205345646854,0.05862961520574052,0.009449497684724237,0.43580241049270296,0.02165636738650104,0.022782439388769945,0.47161369860238816,0.7528675076606022,0.012503999335202885,0.012503999335202885,0.019352883768671968,0.013981380282435847,0.014997717055953399,0.009604576669797981,0.0144501683277833,0.010151510944332257,0.675571679282035,0.01812988776957316,0.4430487195536281,0.009598996853784018,0.010061857136874849,0.012580912839297766,0.009449497684724237,0.44299340743865456,0.01256174696753858,0.009449497684724237
chr14:90816417:90816418:NM_001010854:TTC7B,0.050959611570143976,0.028434217283785895,0.11427919508789094,0.285534029335721,0.04911158468030569,0.07223122329737028,0.017845387906172544,0.06625588776950922,0.0731530262802352,0.11439834557567857,0.08301357700158324,0.26315979756378793,0.07075358890013586,0.05096120251915176,0.0038528795524257753,0.0030988053748869926,0.285534029335721,0.0737207139842917,0.06711680984159898,0.04737234165147522,0.003923370135818421,0.1591021208280524,0.0038528795524257753,0.14749728590794556,0.19804650034558022,0.04939421266476818,0.08541596674368102,0.023515929520259576,0.023515929520259576,0.02349895167698557,0.19267451090579824,0.8260537032901857,0.22839680828890696,0.01857712786598567,0.18715098958994084,0.0038199858379879825,0.005603800113890611,0.0038528795524257753,0.0038528795524257753,0.0038776930312894586,0.08541596674368102,0.1374578650961512,0.12574164819521993,0.03769645336777838,0.3223937886392162,0.18869423189280138,0.0038528795524257753,0.06987173238765151,0.00756045677146025,0.04737234165147522,0.0038528795524257753,0.0038528795524257753,0.08301357700158324,0.005603800113890611,0.2088166487504468,0.04911158468030569,0.20848079709654446,0.08536401867775761,0.2494606630465062,0.12078147126517669,0.020718434203129577,0.005529517251252336,0.0997928677430582,0.04111895244010824,0.05759961472867883,0.0038528795524257753,0.08536401867775761,0.020718434203129577,0.1114094747432407,0.08076848301245054,0.007505178389589723,0.0038528795524257753,0.1982077735140489,-0.00915201387717901,0.04737234165147522,0.007253527482677741,0.2494606630465062,0.007959001955402,0.0038528795524257753,0.08536401867775761,0.08541596674368102,0.005603800113890611,0.08541697979793583,0.09672404906762166,0.0038528795524257753,0.39624896698982115,0.0038528795524257753,0.23565585562812846,0.0038528795524257753,0.09932443341602765,0.013419479016084451,0.0038528795524257753,0.01877799512969941,0.047137063222486175,0.06072852797428621,0.009129614460087115,0.21525704933139306,0.3620163915378942,0.007903254420648237,0.018162740531987936,0.005603800113890611,0.08076848301245054,0.04769768461125479,0.26240188154752203,0.14454203157114387,0.3223243116583178,0.05120960166865923,0.3874577739432157,0.017834439485051423,0.005603800113890611,0.049074652141120556,0.008184635498195592,0.0038528795524257753,0.0038528795524257753,0.0038589170752046376,0.03788128472628874,0.050959611570143976,0.12049049103122716,0.05032770919195245,0.24085897566779083,0.0038528795524257753,0.12049049103122716,0.3470512540620862,0.0038528795524257753,0.08076848301245054,0.32476252655615134,0.0038589170752046376,0.08541596674368102,0.02232521051084771,0.04911158468030569,0.030411619333597734,0.0038528795524257753,0.023307187899961973,0.0038528795524257753,0.04737234165147522,0.03105983647357463,0.03105983647357463,0.0039013959615432914,0.3566710453081396,0.08541596674368102,0.09139867198737056,0.09106498534857146,0.0038528795524257753,0.008182225584225628,0.025510027357576237,0.005603800113890611,0.005603800113890611,0.2907848973201514,0.005603800113890611,0.15342438636068095,0.07820595522919482,0.08541596674368102,0.06621492784216829,0.0038538852051001604,0.03352060207734214,-0.0013888173495511524,0.04737234165147522,0.0038528795524257753,0.12049049103122716,0.11510928998846762,0.0038589170752046376,-0.006715189445495873,0.0038528795524257753,0.07841947224639112,0.0038528795524257753,0.014860054855631077,0.5626916479328664,0.1217754416277762,0.08541596674368102,0.3756529924076363,0.05096157898954731,0.04940690477731749,0.00765836894948585,0.08536401867775761,0.2307574123621261,0.0038589170752046376,0.005945604847463093,0.0038528795524257753,0.01667388093857894,0.3055377836119506,0.0038528795524257753,0.047137063222486175,0.1349762104996991,0.10217776901034037,0.047137063222486175,0.005603800113890611,0.047137063222486175,0.003858426352797928,0.11530173418747236,0.0038528795524257753,0.04721261901660517,0.08536401867775761,0.08536401867775761,0.005603800113890611,0.047137063222486175,0.05106881614200037,0.10651043992576406,0.0065893160894305025,0.1273984445962309,0.11003161618405213,0.07461114475329853,0.005603800113890611,0.018997825034404725,0.2494606630465062,0.15234552736314722,0.12078147126517669,0.20528797960511208,0.004620808706887192,0.023543788628170026,0.29071820171565094,0.18871900763421467,0.09922468989714428,0.008763938797585802,0.2859147177971246,0.005603800113890611,0.007928606347746947,0.00411053878099199,0.0038528795524257753,0.3162440680323126,0.20565040504906343,0.1974736453229009,0.04939421266476818,0.04911158468030569,0.1112408455200474,0.32452475718613216,0.0038528795524257753,0.0038528795524257753,0.15231284300633194,0.15036444524933876,0.4220555676259109,0.0038528795524257753,0.047137063222486175,0.0038528795524257753,0.0038589170752046376,0.19804336527977,0.008763938797585802,0.24127932249185166,0.0028713589926991356,0.19804650034558022,0.08518691764181507,0.12049049103122716,0.12078147126517669,0.12391482466324921,0.04911158468030569,0.0038528795524257753,0.05520333910358627,0.14676042305615816,0.0038528795524257753,0.12078147126517669,0.38582602919245024,0.19995592041254778,0.2859147177971246,0.009680423847715558,0.2623790878280747,0.3175975636146972,0.21319609984590426,0.0038417275122693273,0.12049049103122716,0.2649441908909716,0.1407978618594969,0.1407978618594969,0.06071568863716745,0.13708249606118533,0.0038528795524257753,0.0038528795524257753,0.023515929520259576,0.04737234165147522,0.24252164070559157,0.06922130004855756,0.1850322098926938,0.023276715586026148,0.050949005737387365,0.14937556944799651,0.047137063222486175,0.15713440705573287,0.007192234606182291,0.005603800113890611,0.31559625040209716,0.04874006588355562,0.005080850006272675,0.027974616002373165,0.14721064768567033,0.28599178933614294,0.0038528795524257753,0.15231284300633194,0.0038528795524257753,0.08076848301245054,0.005603800113890611,0.0038528795524257753,0.050095032896155856,0.27328940321281725,0.031074671117610836,0.047137063222486175,0.1758883293283854,0.04600619319140234,0.23281240057478625,0.1114094747432407,0.12391482466324921,0.0038528795524257753,0.0038528795524257753
chr14:94476333:94476334:NM_175739:SERPINA9,-0.003547492060598345,0.015164964503032174,-0.004066141805577628,-0.004066141805577628,0.45519277555307225,0.15233389033466638,-0.004066141805577628,-0.004066141805577628,0.34458041613363366,0.15496627294047471,0.4875940043654966,0.14386248889572995,-0.004066141805577628,-0.003449028816120747,-0.004066141805577628,-0.004066141805577628,-0.004066141805577628,0.43980937957741484,-0.004066141805577628,-0.004066141805577628,-0.004066141805577628,0.6390338314485254,0.10829569555045093,0.316683543625377,-0.004066141805577628,-0.004066141805577628,-0.004066141805577628,0.1028004919551303,-0.004066141805577628,0.4556985828060488,0.018349016505659677,0.36265190855318896,-0.0037290257803598292,0.01798462520206001,0.6396134187287749,-0.004066141805577628,-0.004066141805577628,-0.004066141805577628,-0.004679175310469907,0.327188839144656,-0.004066141805577628,-0.004066141805577628,-0.0037290257803598292,-0.004066141805577628,0.029510026415271784,0.01743234861642362,-0.004066141805577628,-0.004114790227245146,-0.004066141805577628,0.4492505634432937,-0.00392234667171143,-0.004066141805577628,0.31709492399234285,0.0279578178109271,-0.004066141805577628,0.316674813107355,0.3268302925606762,-0.004066141805577628,0.13342680755802683,-0.004066141805577628,-0.003877269136517092,-0.004066141805577628,0.14386248889572995,-0.003976885262230834,0.3168929444108951,-0.004066141805577628,-0.004066141805577628,-0.003918080058092355,-0.004066141805577628,-0.004066141805577628,-0.004066141805577628,-0.004066141805577628,-0.012246718622284214,-0.05045224676537807,0.4811630470192265,-0.004066141805577628,0.29201420170560854,0.31866076863203474,0.14381908773649965,-0.004066141805577628,-0.004066141805577628,-0.004066141805577628,0.14386248889572995,0.1635858483502668,-0.004066141805577628,-0.004066141805577628,-0.004066141805577628,-0.005063829914550566,-0.004066141805577628,0.1770946290501606,-0.004066141805577628,-0.004066141805577628,-0.004066141805577628,-0.004022288522387063,-0.004062994630299799,0.1510225010389955,0.025990358482139375,0.5376815399055027,-0.004027893599272359,0.028021224791744515,-0.004066141805577628,-0.004066141805577628,-0.003867941392781016,-0.003977306984633389,-0.006066842277091977,0.02946475689611283,-0.003816837994011002,0.5368221642889722,0.1768165798941832,-0.004066141805577628,-0.004066141805577628,-0.004066141805577628,-0.004066141805577628,-0.004066141805577628,-0.004066141805577628,-0.0038801142848537973,-0.003498365146685445,-0.004066141805577628,-0.004066141805577628,-0.003976885262230834,-0.004066141805577628,-0.004066141805577628,0.15267946896592044,-0.004066141805577628,-0.004066141805577628,0.3315317253336507,-0.0040566734102882585,-0.004066141805577628,-0.003976644345765723,-0.004066141805577628,0.017453619816396815,-0.004066141805577628,-0.002995263273711357,-0.0024805112459141965,-0.004066141805577628,-0.0032538099341909987,-0.0032538099341909987,0.0018941283416183952,0.017730741260526095,-0.004066141805577628,-0.004066141805577628,0.14397348060066073,0.14386248889572995,-0.0037384186168555322,-0.004066141805577628,-0.004049872733920656,0.0279578178109271,-0.003424117381190861,-0.004066141805577628,0.31686414473644875,0.14520546990820815,-0.004066141805577628,0.14386248889572995,-0.004066141805577628,0.012461197320382977,-0.0038351463834837007,0.14401704189174125,-0.0032442852731121574,-0.004066141805577628,-0.004066141805577628,-0.004066141805577628,-0.00406844838196041,0.0279578178109271,-0.004066141805577628,-0.004066141805577628,0.14386248889572995,0.1720943943882144,0.4928301671118961,-0.004033212256414398,-0.00396769234273342,0.1440616279297623,-0.0023616099744939723,-0.00309762446526185,-0.004066141805577628,0.12215445102511624,-0.004066141805577628,-0.0036006762042122276,-0.004066141805577628,-0.003947746454370127,0.257597585389599,-0.004066141805577628,-0.004066141805577628,0.14435123683737483,-0.004066141805577628,-0.004066141805577628,0.0279578178109271,0.14386248889572995,-0.004641240105216493,0.11125652116487084,0.0279578178109271,-0.004066141805577628,-0.003841699509385843,-0.004066141805577628,-0.004066141805577628,-0.005040069632898159,-0.004066141805577628,-0.004066141805577628,0.17823495138351753,0.14465799405618096,0.3244840354247589,-0.0034854800879153824,-0.004066141805577628,-0.0025055256470142284,0.1339026046139148,0.053770069474306514,-0.004066141805577628,-0.0035509034788120397,-0.0056968176429861295,-0.003884642229342039,-0.004066141805577628,0.16971161366391174,-0.004062994630299799,0.249654013693139,-0.002773481587040494,0.0279578178109271,-0.004066141805577628,-0.003563284570559877,-0.0032442852731121574,0.14404090605219555,0.3285086258850366,0.045165189942352524,-0.004066141805577628,-0.0038226051757678237,-0.003637020600365415,0.029501045174721408,-0.004066141805577628,-0.004066141805577628,0.052548941483327116,0.3167821131267847,-0.010648369738760377,-0.004066141805577628,-0.004066141805577628,-0.004066141805577628,0.14386248889572995,-0.0018413967142306698,-0.004066141805577628,0.0005878564969142852,-0.003496217735052043,-0.0034246434034165274,-0.004059799320903723,0.0020936490896943383,0.14386601005800836,-0.004066141805577628,-0.004066141805577628,0.14386248889572995,0.14386248889572995,0.14386248889572995,-0.004066141805577628,-0.004066141805577628,0.32919483359459056,0.030517690118240015,-0.004066141805577628,-0.003849533198363897,-0.004066141805577628,0.14405919600167238,-0.029442858682434347,-0.004066141805577628,-0.004066141805577628,0.14451437027031,-0.004066141805577628,-0.004066141805577628,-0.004066141805577628,-0.003849533198363897,-0.004066141805577628,-0.004066141805577628,0.10434438860232309,-0.004022288522387063,0.14269116952379224,-0.0035695097177468327,-0.00396769234273342,0.17714011437880384,0.13711316489938108,-0.003902546858285394,0.14496636501272553,0.1448788644464677,-0.004083625572426142,-0.004066141805577628,-0.003942460768049827,0.49759600639048485,-0.001050237047878655,0.16958833514339966,-0.004114790227245146,-0.002773481587040494,-0.004066141805577628,0.006170979168222512,0.1028004919551303,-0.0037226818985863774,0.0279578178109271,-0.004066141805577628,-0.0038742237233786447,-0.003630568552093427,-0.0038895840443516905,0.31356593674876965,-0.004022288522387063,-0.004066141805577628,0.025552014155792446,-0.004066141805577628,-0.004066141805577628,-0.004066141805577628,-0.004066141805577628
chr14:100065413:100065414:NM_016337:EVL,0.1358841192901903,0.1684945576359167,0.011978346539830709,0.011982976223255115,0.022751351166282796,0.29958756113544804,0.012003837598765277,0.017904948780963548,0.18098221092842037,0.13443581404580907,0.16313418064641966,0.19500637569436752,0.17009494546873222,0.12655119450737812,0.0011408683084324633,0.017904948780963548,0.21257962531688063,0.21498014334396315,-0.003861150942720659,0.011978346539830709,0.14487104050249933,0.29821169761676186,0.15262694478665,0.15541805724678076,0.0011408683084324633,0.011978346539830709,0.0010339904480188844,0.13585322966168345,0.011978346539830709,0.04309039977204843,0.3570432598604477,0.1427631666692608,0.011978346539830709,0.182264431585636,0.3038605907468114,0.01693486995484139,0.009889070483516615,0.0008486766007130275,0.3693952963677123,-0.005020695766172145,0.0010339904480188844,0.0010383643806372023,0.012028202522657239,0.011978346539830709,0.337644810470088,0.05172118529602476,0.009889070483516615,0.027213585664436546,0.0029058800687338238,0.17132731249501354,0.030505317551990485,0.0011408683084324633,0.16313418064641966,0.009889070483516615,0.19555530087079076,0.011978346539830709,0.2531912358918178,0.0011452444411157447,0.6222539684212971,0.0008530458125605711,0.24359181577063782,0.03217618373369091,0.029744065578577228,0.1477228635946945,0.3567928851938563,0.0008486766007130275,0.0008486766007130275,0.1748267895914653,0.23358814386499527,0.1688378488495833,0.008334847137541401,0.02856815924936873,0.0013309330590403068,0.2743115503268794,0.030710609136317568,0.16217652055826948,0.6398034032144294,0.16410028992222747,0.17912876445391696,0.0011408683084324633,0.0010383643806372023,0.03305288707685167,0.0006337777361767327,0.196157313878761,0.22639076538625347,0.0010385589696678688,0.0008486766007130275,0.1081543017648437,0.011978346539830709,0.31780448355400204,0.12218870957184286,0.01605446869060867,0.0008486766007130275,0.022465875234377763,0.0008427140864478155,0.14475708394554765,0.1713941357275064,0.18643133335288403,0.038669824730082625,-0.002214976642894051,0.044139231100685294,0.15101174276908813,0.16192879895968737,0.0008486766007130275,0.1960839570250058,0.34955482487320133,0.13980613300138134,0.015124505287124723,0.18715245948051618,0.02267186842153074,0.011978346539830709,0.0008486766007130275,0.013064504889033934,0.000621851272248064,0.14270487260616205,0.15446946467640565,0.3744405735409807,0.0010339904480188844,0.1952554157593716,0.13460350074591632,0.1223399085487305,0.002058698117531288,0.2915076320990587,0.0008486766007130275,0.1688378488495833,0.347343362103318,0.016912940201744886,0.19495846731341449,0.07110143952000697,0.011978346539830709,0.19011619270253977,0.0008486766007130275,0.056243788843684306,0.022564806770318968,0.0010383643806372023,0.000397763085067282,0.000397763085067282,0.007992562329119879,-0.05285925333255903,0.0017537208545355676,0.14483298693400082,0.011967517067076994,0.14444614679772483,0.03423464416264488,0.3772481001274871,0.1022402765442057,0.014102974067499663,0.3038439364951723,0.011978346539830709,0.3216956773155389,0.0008486766007130275,0.0010383643806372023,0.011021168935568093,0.0008486766007130275,0.029893889727431733,0.024692887195155777,0.0003228582909316491,0.0008471048684435267,0.0013265521877574016,0.19488580459545712,0.0008486766007130275,0.016912940201744886,0.015653902131192943,0.12849614311336222,0.011978346539830709,0.0010501829539584229,0.33356838982396786,0.36022422191820463,0.0010951793645258556,0.015845246463264684,0.13585322966168345,0.0922894228728357,0.012570656706489103,0.0010339904480188844,0.25636039050100856,0.0010383643806372023,0.020391506633916923,0.0008486766007130275,0.2921657734212229,0.3738342076251006,0.0008486766007130275,0.0010339904480188844,0.30573851386763595,0.011976576438940734,0.011343120710317622,0.009889070483516615,0.19506447684686917,0.14257980492903022,0.029906821050589616,0.009889070483516615,0.0008486766007130275,0.0010339904480188844,0.0010339904480188844,0.009889070483516615,0.03953544238600448,0.36781093783514957,0.01217809830815575,0.11893324407081352,0.14249565027001765,0.27321451284084497,0.19729576972035334,0.02856815924936873,0.0008469986271307239,0.3450636359378099,0.03619422308987841,0.0010339904480188844,0.019817493635408023,0.10357673977975718,0.0008530458125605711,0.33435658566994353,0.047705418700677016,0.188884729123995,0.07863778787184134,0.005746192507798675,0.02856815924936873,0.0010339904480188844,0.0008486766007130275,0.0008486766007130275,0.14029912993202576,0.2647443253550619,0.09910943090233915,0.15597922566308875,0.1358841192901903,0.1748267895914653,0.3735995519518057,0.0011408683084324633,0.11595868186266844,0.010275938058646239,0.19476670318570322,0.2781848585258001,0.0011408683084324633,0.011978346539830709,0.0013265521877574016,0.04874268824894468,0.034025735958370384,0.011978346539830709,0.5550981553724902,0.04265981511665218,0.030826147930359316,0.0011452444411157447,0.0015708102522573597,0.20083790427753156,0.0010339904480188844,0.37733063942202116,0.012293318248149887,0.1952473454258295,-0.039190318978988004,0.02856815924936873,0.0010339904480188844,0.271409367694318,0.06314373109152055,0.1375950546643253,0.017232076652278605,0.0010406909544997123,0.14114315207406675,0.036767741055702075,0.04415427308714176,0.0010339904480188844,0.13983239564280225,0.14981784021570743,0.14981784021570743,0.0019664667735793673,0.38596122894228824,0.005172678462901592,0.011978346539830709,0.0008469986271307239,0.019873116281971692,0.09308993947794764,0.2877925674621724,0.012297955994483467,0.02389713992581588,0.0285544425190144,0.03311667096126458,0.0033135781136799936,0.13844229250788742,0.013976248874964459,0.02267186842153074,0.17757900728680753,0.2522367592329969,-0.0119836921014575,0.17180197064877045,0.15997633815985746,0.005741504601467773,0.0008486766007130275,0.13795241148875526,0.011978346539830709,0.15501902736643558,0.02476038583088991,0.018075395804254546,0.7823969146729259,0.3085712097037785,0.012857539918580518,0.0008486766007130275,0.1547064633974875,0.1822630573020172,0.09932521804639016,0.01855803756151403,0.0010339904480188844,0.1957484595459139,0.006340651241047601
chr14:104865312:104865313:NM_015005:CEP170B,-0.0014935434499274494,0.017282785215764776,-0.0014935434499274494,0.6355747200399415,-0.003610390713012404,0.01700471304807362,-0.003746768250958585,-0.003610390713012404,-0.0030237063772634992,-0.0012493145591125146,-0.0010679895356909552,0.13883516371269558,0.38625316574704494,-0.0016245917494985135,0.3934701810997062,-0.003610390713012404,0.4073961071357821,0.04992985319656705,-0.003746768250958585,-0.003610390713012404,-0.00234421035302336,-0.003610390713012404,-0.003610390713012404,0.025842812913068308,0.0014477144574593925,-0.001354579152793009,0.3942334998559959,-0.003610390713012404,-0.003610390713012404,0.13959709396161063,0.09771364988095554,0.4571002561681674,-0.0016245917494985135,-0.003610390713012404,-0.003610390713012404,0.39771553755334005,-0.003610390713012404,0.1444117399269934,0.0018286609073930454,-0.001837857551836193,0.39052452695185047,0.4773073855008523,-0.003610390713012404,0.05689801993713809,-0.0014935434499274494,0.5671929481665791,-0.003610390713012404,0.022501808194691768,0.022501135614907894,-0.003036153044756712,0.016409351658902144,-0.001354579152793009,-0.00022419827676666698,-0.003610390713012404,0.3041826478077146,-0.003610390713012404,0.7133855508375696,0.4259240404465039,-0.002875099353798642,0.1926980956298103,0.016409351658902144,-0.003610390713012404,0.22823142266842927,0.026360659809367137,0.014239315932809013,0.11452445601868567,0.3905509771983772,-0.003610390713012404,0.23362004405473766,-0.003610390713012404,-0.0036112330028846146,-0.003746768250958585,0.018259787200399925,0.03542242819364277,0.0014477144574593925,0.14646290663258596,-0.002875099353798642,0.06619207499996288,0.08975550862567436,0.0014477144574593925,0.3942334998559959,-0.00333500937272041,0.024822473995060768,0.42706221751960366,-0.003335499635517228,0.4384935622265226,0.3909188725020333,0.05454273750014916,-0.003610390713012404,0.11902340889904528,0.4315313099613333,-0.003335499635517228,0.001443813473580427,0.015652589504856478,0.22936129977586964,0.08915984484226987,-0.003534198838025214,0.42659119994465,-0.0036148099420372226,-0.0020071887086916054,-0.003610390713012404,-0.001354579152793009,0.04969176205995372,0.1545118262278408,0.4191360313355946,-0.0014935434499274494,0.04102158641631933,0.3983697617831538,0.1248339859928022,-0.003610390713012404,0.39749523523941294,0.0022070749040885226,0.5543209142725686,-0.0005125247861594087,0.08852683532430487,0.035746102023255136,-0.000656958807161892,0.39424182318443113,0.14812341255419953,-0.002033275013769806,0.0037237222367727807,1.0526180635093332,-0.0011020338213576647,-0.0002575187010484467,-0.001354579152793009,-0.003746768250958585,0.023090420805440014,0.42026171908567783,0.09002506961106158,-0.003610390713012404,0.4724555668005852,0.39749523523941294,0.08672480719841334,-0.003610390713012404,0.2008737825172162,0.11965471131962996,0.11965471131962996,-0.001354579152793009,0.27338653131049767,-0.001354579152793009,0.3989844007493997,0.024736741018032235,0.09108792143112508,-0.003610390713012404,-0.003335499635517228,-0.003610390713012404,-0.003610390713012404,0.4274807953543769,-0.003610390713012404,-0.0012449269233998222,-0.0007686845517306459,0.39463919730208896,-0.001354579152793009,0.1384978953011469,0.10400857023290427,0.035746102023255136,0.5792123704859079,-0.003610390713012404,0.14360314108575584,0.39746799303861713,0.394613075339336,0.0017263796103973994,-0.003746768250958585,0.027842036952000757,-0.003610390713012404,0.44517357049787865,0.32263925621741907,0.39854011797913685,0.5555324298372895,0.0017055926107326438,-0.0014853547584916804,0.05703013681942867,0.0007170249664960049,0.3934701810997062,0.04456371227637243,-0.0012088314186690235,-0.003609517799643691,0.39094523154964267,-0.003425341913127461,0.12387366773881983,0.01188394507613822,0.390396853924685,1.2167817546368633,-0.0012254146269057922,0.002190944349954413,-0.003610390713012404,0.013101149309666903,0.08849542269391415,0.01404719464890826,-0.003610390713012404,-0.003746768250958585,0.39722285788391243,0.013666909251379943,-0.003610390713012404,0.4449079097256559,-0.003335499635517228,-0.0012444186890892411,-0.003400108527386217,0.03717416783745297,0.6797676385729474,0.02859598166112709,-0.003610390713012404,-0.003610390713012404,-0.0014738596434977075,0.019234655287863923,0.40181143144283793,-0.0009106963525524828,0.08997102179305423,0.049960450255339746,0.0892927574486356,0.6083308449935524,0.2340516349694981,0.0888055728830681,0.1510726048222007,-0.003610390713012404,0.002472820215309174,-0.0035763305574235266,-0.003610390713012404,0.04145944130446767,0.18093253519992814,-0.001877887104095359,-0.003746768250958585,-0.0016245917494985135,-0.000656958807161892,-0.0037464032759287474,-0.001354579152793009,-0.001354579152793009,0.019234655287863923,-0.0027536240507670187,0.23636762064299854,-0.001354579152793009,0.09092461006757215,-0.001354579152793009,0.03875624470752263,-0.0010777168604276383,-0.003610390713012404,-0.0004901269285921897,-0.003610390713012404,-0.00333500937272041,0.4259972694447218,0.5832639925829015,0.3951745818791778,0.39975438292251103,-0.003335499635517228,0.15069942108131099,0.148224220018608,0.6450543717560884,-0.003610390713012404,0.39424182318443113,0.4408337036952454,-0.003332652633132746,0.3980383149837804,-0.003610390713012404,0.40013804764390015,0.4351131588346909,0.23671126261852846,-0.003610390713012404,0.3905428111855524,0.0070255550399096825,-0.003610390713012404,-0.003610390713012404,0.22936129977586964,-0.0002660366317831647,0.09399176063484703,-0.003610390713012404,-0.001354579152793009,-0.001352586311237275,0.02306949796971075,0.062266585111363404,0.27691640000856704,0.11795669626154714,-0.0014935434499274494,-0.006969308792299442,0.5555397703296926,0.07891880526620987,-0.0033251225955790303,-0.0037399482804631873,0.19403735367999242,0.42306784715736834,-0.002423334457948789,0.6441644216567932,0.3920170125936903,0.1516809040885422,-0.0014853547584916804,0.019234655287863923,0.08849542269391415,0.3940445886873123,-0.003610390713012404,0.025842812913068308,-0.003610390713012404,-0.0037436982928431978,0.05462297266199412,0.003300348260895196,0.08849542269391415,0.15898256458136087,-0.003438121746412101,0.22804982672261875,0.3942334998559959,0.39758612023659345,-0.003610390713012404
chr15:22917313:22917314:NM_001033028:CYFIP1,0.2796638579671046,0.02967052089682476,0.31875024200151636,0.021436917190197025,0.37496342325190823,0.02550554265027183,0.03204955592178915,0.05089122922686817,0.02527885419440523,0.057116882535051317,0.30350091579843763,0.09796759373434161,0.03871543022832291,0.2813876866706492,0.012774093007623777,0.02561396846620767,0.021436917190197025,0.12755286177732994,0.10401306177817304,0.27064812702664354,0.03236991467376038,0.10382213479289126,0.007034892929067893,0.09292251534599161,0.015556310769298753,0.3579439451003211,0.012774093007623777,0.007034892929067893,0.31875024200151636,0.10221208628074019,0.1661556342709527,0.5992141132243307,0.3579439451003211,0.025898130661485608,0.11270847649740046,0.16365224718514926,0.08367714151314631,0.015556310769298753,0.03535016594069795,0.015160964772891972,0.013309349806314374,0.02946203429713634,0.05963903307482121,0.012774093007623777,0.4313739322256581,0.16788482346585332,0.030535798797009073,0.012774093007623777,0.006438314432998804,0.3618777644692752,0.10000291888314627,0.01545754697425017,0.3058063812295917,0.030535798797009073,0.10844876453607344,0.2643984357492064,0.08048570742852434,0.021436917190197025,0.22909934754217953,0.014467046778939618,0.08297048444668875,0.00724883665320375,0.16681441340735204,0.0075485759721949375,0.04871799818255351,0.017673960594687732,0.007034892929067893,0.008643447415002448,0.16685280911230427,0.008761298478456525,0.007034892929067893,0.07840922762346303,0.021436917190197025,0.09146974729622193,0.2184225154602656,0.09738047941190187,0.22909934754217953,0.18657789435351824,0.08518354155776187,0.052160085856821525,0.012774093007623777,0.0071015846953356165,0.013333847471249105,0.030030912598282722,0.01006140201602157,0.06991728650215501,0.015556310769298753,0.10185127039372754,0.012774093007623777,0.15860384924972704,0.10647233928700672,0.01006140201602157,0.007034892929067893,0.007034892929067893,0.131196684255929,0.012974341507005382,0.1393056218413956,0.5703295344371556,0.025243288149624066,0.08098728665855404,0.10647233928700672,0.01559724659942996,0.14126819246154387,0.031093731919711876,0.4342403083253852,0.5703295344371556,0.14665981952609164,0.28911393634830707,0.15770466377582226,0.08367714151314631,0.020138083673279072,0.018776819047912285,0.02209691061778052,0.021101976596182848,0.007552068277409507,0.07785533803128952,0.26596240082439193,0.013309349806314374,0.03163952916987356,0.07475035898114046,0.013309349806314374,0.031502479689060614,0.20231206940171043,0.015556310769298753,0.01559724659942996,0.5957416334574347,0.07785533803128952,0.012774093007623777,0.06780156017805261,0.17213101537789133,0.1872089926198175,0.013309349806314374,0.03241616300595085,0.08257173019988462,0.03119584730144076,0.03174075584263181,0.03174075584263181,0.007578943256959958,0.1306285485468479,0.012774093007623777,0.17007602438970426,0.19852591156453891,0.012192984177616384,0.05536099335657896,0.028046801603647364,0.007034892929067893,0.07785533803128952,0.4339969896829916,0.007034892929067893,0.10561080234913889,0.012817977470716335,0.013309349806314374,0.15097243013742667,0.10380624108350545,0.13988346068669222,0.07786128728972319,0.012988899746572913,0.007086956979858949,0.013309349806314374,0.037765620008966994,0.015625846316055125,0.08392692674614233,0.030535798797009073,0.08805407873722393,0.030535798797009073,0.013309349806314374,0.03489401682033044,0.4384133682510287,0.013309349806314374,0.3521692572434745,0.03547895397683254,0.027089953674761857,0.052987631695770476,0.012774093007623777,0.09769159514466008,0.013309349806314374,0.05534648887501492,0.015625846316055125,0.009966536187224428,0.15923095685255872,0.007035808729836224,0.013309349806314374,0.13003122455479899,0.2937640909452103,0.09719654039789294,0.10060328060564583,0.021436917190197025,0.013309349806314374,0.03846999286123798,0.030535798797009073,0.018759593533156038,0.0321528652353521,0.007552068277409507,0.10647233928700672,0.08116766956309185,0.01689213703404302,0.013309349806314374,0.015251113161755203,0.032531646081029986,0.26415962715667474,0.1238530748706882,0.030535798797009073,0.007034892929067893,0.12458119639441645,0.07102214182256117,0.020875522441228922,0.01767587371947188,0.032986202624059935,0.08474436579690636,0.5362319603802721,0.1604098216125186,0.4560011946889694,0.08997547563991937,0.013309349806314374,0.10647233928700672,0.013309349806314374,0.00705323796095414,0.007086956979858949,0.029031565258888392,0.059942637019665734,0.08226701408661641,0.07785533803128952,0.011900218034563315,0.015334739675390119,0.5711463229975979,0.007552068277409507,0.007552068277409507,0.07102214182256117,0.01006140201602157,0.2489575893958197,0.01545754697425017,0.013309349806314374,0.007034892929067893,0.007567354108927615,0.07494485369027915,0.23211861633512987,0.03265153740892368,0.025254910474376335,0.07494485369027915,0.013309349806314374,0.028498505585415446,0.014282917028287656,0.013309349806314374,0.01689213703404302,0.03712492887728425,0.03163952916987356,0.16407930273859472,0.030535798797009073,0.013309349806314374,0.33158344851545685,0.08531249713235123,0.0426334284079275,0.0071293759929415,0.013309349806314374,0.017673960594687732,0.15348227843860401,0.07785533803128952,0.013309349806314374,0.09097671473195634,0.04073336780829373,0.04073336780829373,0.4251488138834375,0.08113651074876549,0.021436917190197025,0.007034892929067893,0.007629383563337422,0.09035817639008048,0.39072499815680983,0.16064712820881188,0.35855705095395796,0.08100528134338059,0.36766172355182336,0.0946979990759278,0.013359376838620096,0.14795319252560202,0.026164725415789625,0.030535798797009073,0.07883532406011884,0.0376583738319507,0.014398299509979173,0.23880399980740152,0.06340790359507575,0.01545754697425017,0.007034892929067893,0.15081904212614528,0.007034892929067893,0.2819742702033108,0.10647233928700672,0.008294397353542204,0.007034892929067893,0.5700200710660064,0.16344234384880207,0.24123715790990374,0.07748754943983982,0.04951568656630967,0.07872493982443818,0.13022679731521536,0.013747141537319707,0.03163952916987356,0.007051338788150563
chr15:32641668:32641669:NM_003020:SCG5,0.1777125689223395,0.1497724245062283,0.15654292895684563,0.0015317176760040185,0.027612067254486283,0.49555704237568293,0.00010487184272633954,0.008786710449417978,0.035841166929471924,0.16386519622493373,0.16644351277387492,0.26711987253180947,0.26110371529762466,0.18556432511677662,0.00010576025995506777,0.008786710449417978,0.04275799786306084,0.5661436441246904,0.008839537580328627,0.0015317176760040185,0.00010487184272633954,0.1363146084967224,0.0031524122337897587,0.15283377755516214,0.00013472147781817823,0.0019613822746746834,0.00010576025995506777,0.026153775366046128,0.0033891605703075256,0.03923718107631463,0.17375084642144661,0.30464897392502965,0.17182932195129402,0.10999876634872324,0.20888312220424265,0.2291811409254197,0.011059298380925897,0.02651345465333932,0.16993824179657402,0.18220549636550065,0.00013472147781817823,0.00010576025995506777,0.00010576025995506777,0.14116323447993376,0.32598201900137447,0.08363062027625306,0.008839537580328627,0.0351938865743317,-0.0005365969308653296,0.012282164200990042,0.008839537580328627,-0.04141874875044815,0.29618218126482476,0.011059298380925897,-0.04141874875044815,0.00010576025995506777,-0.032133859746573956,0.0001375869594639756,0.43240128480246187,0.00010576025995506777,0.008839537580328627,0.019938025992573216,0.002929052244190933,0.08114070223425107,0.45726807147141085,0.00010576025995506777,0.00010576025995506777,0.08322422916969063,0.00010576025995506777,0.20427946971210295,0.00010576025995506777,0.010287085715825095,-0.06054796604913876,0.00010576025995506777,0.17255314759159845,0.13937407639686605,0.43240128480246187,0.15283377755516214,0.07157386401655974,0.026538115776325644,0.00010576025995506777,0.09893928332315055,0.00021126154932671337,0.00013160541861201303,0.008837883089747978,0.00013472147781817823,0.00010576025995506777,0.21099119318032805,0.002297225866081054,0.23257704089206613,0.00013160541861201303,0.008331620588671096,-0.04545355699931125,0.00010576025995506777,-0.06056139546058387,0.07384669483171985,0.23598948127061364,0.34339925783733216,0.03225766080275266,0.15724176405212725,0.011059298380925897,0.32724336777699914,0.1528779128349947,0.06382182763177074,-0.014028908287055497,0.3391915378536752,0.15440149239824985,0.30237131260911826,0.0717545327160326,0.011059298380925897,0.16388973889958153,0.00010487184272633954,0.06763192743599455,0.04192286628752273,0.033975361243940294,0.15664373605023674,0.18781264408884252,-0.0414242646295388,0.02651345465333932,-0.01123924728334541,0.00010576025995506777,0.00021438260362371953,0.2038418148958332,0.00010576025995506777,0.30777799889353585,0.5771476949188636,0.00010576025995506777,0.026619255596932012,0.08637622590698035,0.00010576025995506777,-0.0451013265229569,0.02651345465333932,0.17809030660279565,0.00010576025995506777,0.00010576025995506777,0.00010576025995506777,0.00010576025995506777,-0.04790153081039922,0.00010576025995506777,0.00010576025995506777,0.19384741947880174,0.053191107232475776,-0.025308963176298216,0.12354909079197468,0.15636198379738603,0.00010576025995506777,0.00010576025995506777,0.1832474409978584,0.00010576025995506777,0.018662462680811176,0.00010576025995506777,0.00010576025995506777,0.00010576025995506777,0.0015317176760040185,-0.0016935354323537322,0.15716194405172407,-0.06056139546058387,0.023055610459846054,-0.0414242646295388,0.00010576025995506777,0.00010576025995506777,0.12156486346588047,0.008839537580328627,0.00013160541861201303,0.011059298380925897,0.00013758392651325169,0.16791951304439678,0.29999434294535754,-0.060533296676938186,0.0019613822746746834,0.018022488233639278,0.18547019924898078,0.2233532970188501,0.00010576025995506777,0.006360835161779932,0.00010576025995506777,0.07619133823091934,0.03573136373559255,0.009567757959511425,0.15283377755516214,0.00013160541861201303,0.00010576025995506777,0.061520197508783736,0.0342195580146335,0.026539832419130216,0.008839537580328627,-0.060519865642995774,0.001863609322340254,0.011395785055933083,0.008839537580328627,0.00010487184272633954,0.00010576025995506777,0.00018541370494323806,0.012450257641844265,0.0003076934417554633,0.24394596728922788,-0.04141874875044815,0.00013830183788982042,0.011699389321524034,-0.030886233632212268,0.09238958859341306,0.01671773315688302,-0.06056139546058387,0.4329427371586171,0.2833884125089956,0.00010576025995506777,0.22649290532603716,0.2737811915759061,-0.06054796604913876,0.2619435880067657,0.11286964867348992,0.002929052244190933,0.02651345465333932,0.0969675708579108,0.008839537580328627,0.00010576025995506777,0.00010487184272633954,0.023055610459846054,0.11029105777850762,-0.012240155581562162,0.15141020362656588,0.007164657485174197,0.020385157809066135,0.09077012358881875,0.5771476949188636,-0.06056139546058387,0.00010576025995506777,0.2833884125089956,0.01469911580367711,0.07486588655653376,0.00010576025995506777,0.03618382410015564,0.00018541370494323806,0.02653233920101883,0.15959594641879044,0.0015317176760040185,0.4446996833870379,-0.0017322833618891864,0.15302688197519893,-0.0604872050259771,0.026539832419130216,-0.030414814201994544,-0.04664187455132768,0.16552986936495695,0.00367981747738233,0.026516610336169755,0.10842317093099241,0.014678253326162016,-0.041237590826377235,-0.019341735679920313,0.15964043916873016,0.00010576025995506777,0.00010576025995506777,0.00013472147781817823,0.008839537580328627,0.07426632908140596,0.07083485154653951,-0.04139563833312854,0.01469911580367711,-0.0414242646295388,-0.0414242646295388,0.002289637054241289,0.3102164682623663,-0.06056139546058387,0.00010576025995506777,0.03125240898986398,0.15283377755516214,-0.02533328470337315,0.28739765985856036,-0.0005365969308653296,0.23594391983569996,0.20694759228435877,0.20760564918182633,-0.04141874875044815,0.006014088967055076,0.07938213554107232,0.011059298380925897,0.08713567719870946,-0.0321599921694512,-0.0015829212595349085,-0.04519133299907613,0.16419153174241297,0.18989609790607725,0.00010576025995506777,0.2833884125089956,0.0015317176760040185,0.1642662083895125,0.014678253326162016,0.00010576025995506777,0.00010576025995506777,0.01145016913777408,0.07601939510889877,0.15554576034419854,0.028539945736938743,-0.028743603343939716,0.23594391983569996,0.00010576025995506777,-0.02871346803621755,0.00010576025995506777,0.00010576025995506777
chr15:45522804:45522805:NM_013309:SLC30A4,0.13060289726761304,0.07183269426752342,0.008571437727081563,0.007326178061314123,0.07584678361773754,0.07209212500724842,0.008750508032136284,0.0713703420107447,0.07036253774713858,0.07175070490956922,0.09131912580440008,0.06361487172425269,0.07173616995642165,0.13129569853438441,0.5099159121930545,0.07167946743291025,0.5099351770425302,0.14820076835783014,0.00828744840314112,0.00828744840314112,0.007088551741749327,0.2511291597134193,0.07003067014832594,0.008559098266848697,0.007719067489664638,0.008292120739251355,0.5078840159151372,0.13058987493545732,0.00828744840314112,0.14247838970063287,0.06591114684794047,0.5128055427618614,0.07175397953881327,0.07144430128381983,0.2511291597134193,0.511199483202742,0.00828744840314112,0.5099159121930545,0.007054050010754986,0.12634988098088545,0.8096429378618927,0.5101511611594849,0.008554799168167121,0.008875782452432882,0.0719941688785437,0.5100075122835706,0.00828744840314112,0.008565047357634595,0.007534187954615537,0.0707564792149794,0.008514980661943242,0.8097415923104421,0.08310157417784445,0.00828744840314112,0.5099203955648091,0.00828744840314112,0.5080878017618267,0.5078840159151372,0.008883422937941185,0.5101105413994464,0.007054050010754986,0.007054050010754986,0.00828744840314112,0.007438057047872829,0.13381691143014174,0.5100387974376603,0.007326178061314123,0.07144430128381983,0.008501519943358099,0.007054050010754986,0.007076292017340988,0.07165643820008395,0.5110100801210682,0.007054050010754986,0.07584678361773754,0.0713703420107447,0.008883422937941185,0.007446489725049493,0.585899628690788,0.007314045973296088,0.5078840159151372,0.007425917405624011,0.5099396510579406,0.5099203955648091,0.007054050010754986,0.5099203955648091,0.007054050010754986,0.18432798342481194,0.00828744840314112,0.5097197312102055,0.00828744840314112,0.007054050010754986,0.007356483562052388,0.00828584707562055,0.009050800451121832,0.5102084321456418,0.15715809679729412,0.09566064985826216,0.00828744840314112,0.007064148330794454,0.00828744840314112,0.509910725124773,0.639144168517982,0.007326178061314123,0.5112148912440441,0.07236561146199266,0.5079186790036119,0.5948667246216652,0.5110383038552264,0.00828744840314112,0.008559406959767715,0.004045616505425509,0.008559098266848697,0.5099159121930545,0.5857843922407171,0.639144168517982,0.0720576070839367,0.5099159121930545,0.13959856677456683,0.007119385901594236,0.007326178061314123,0.5078840159151372,0.1511321716532402,0.5078796437880922,0.5078765053477254,0.13182754371582306,0.4995665594956575,0.5078840159151372,0.09732758665579454,0.00828744840314112,0.530637924332062,0.5099159121930545,0.34526186437209305,0.00828744840314112,0.8034036567853242,0.007326178061314123,0.007326178061314123,0.5112959449873248,0.007331085220420794,0.5078840159151372,0.5109651935456324,0.008748598163283494,0.06365415240269894,0.4201678889460587,0.007550245198070266,0.007054050010754986,0.00828744840314112,0.07625364473286834,0.00828744840314112,0.008632656155730903,0.5099159121930545,0.5078840159151372,0.00828556583783066,0.00850162577551343,0.008145599285745264,0.639144168517982,0.007326178061314123,0.008176965967236466,0.8097415923104421,0.007326178061314123,0.5078796437880922,0.5110002541385261,0.00828744840314112,0.5079579811486659,0.00828744840314112,0.5078796437880922,0.511317938558266,0.06541374520490188,0.007326178061314123,0.5078765053477254,0.008836195956613377,0.1367422134373397,0.3286530027527381,0.5078796437880922,0.049861318470447835,0.5078840159151372,0.3214231435394087,0.5099159121930545,0.041593542707849526,0.8106854361403293,0.007326178061314123,0.8097630936912817,0.5101580519849236,0.007324278956976543,0.008624339282077217,0.00828744840314112,0.8165778857565295,0.0647465686544085,0.06621826861819459,0.00828744840314112,0.004045616505425509,0.5078796437880922,0.5078796437880922,0.00828744840314112,0.5078796437880922,0.08948340242687078,0.008559098266848697,0.008140996824102437,0.5086501454425989,0.5081670854645648,0.07144277111871526,0.00828744840314112,0.007054050010754986,0.009001113827131785,0.007446489725049493,0.5078840159151372,0.598358728351273,0.3284887499129465,0.007103877508645121,0.00883202860879638,0.5307068925439,0.5114439435290165,0.007119385901594236,0.5107090854836791,0.00828556583783066,0.00705217900140559,0.004011032747283802,0.008176965967236466,0.17963444964418138,0.5099159121930545,0.3180333000853608,0.07182561947310674,0.008565047357634595,0.14134600431511826,0.07207235278634788,0.007326178061314123,0.007326178061314123,0.008750674235052922,0.008565047357634595,0.9125743468697424,0.5099159121930545,0.008559098266848697,0.00737283029133072,0.1481266567749405,0.31702169432468386,0.00828744840314112,0.5126638592830339,0.1394289504088445,0.14661857551220378,0.5078840159151372,0.5109651935456324,0.5099159121930545,0.5100034451134019,0.1394289504088445,0.007324278956976543,0.1388107390409604,0.008613425090438748,0.00828744840314112,0.5099159121930545,0.5111705234167607,0.16540675792223708,0.509910725124773,0.007054050010754986,0.5078840159151372,0.00758059936506239,0.14004813948013872,0.07233135666043776,0.5099159121930545,0.5116645537389585,0.08978068278296353,0.08978068278296353,0.008836195956613377,0.04907784599138726,0.5078796437880922,0.00828744840314112,0.008074485078330376,0.007515346950677931,0.5112518383694297,0.5376756223137946,0.5099203955648091,0.08949388443883075,0.008571437727081563,0.007663482793761139,0.008182218219690979,0.5137193624965835,0.2390064397292473,0.00828744840314112,0.921212200120454,0.007338494965380166,0.027303729362866583,0.5098025817772106,0.008834280597100036,0.008093010878029508,0.007054050010754986,0.007446489725049493,0.008468163481792204,0.00828318957864882,0.00828744840314112,0.007331085220420794,0.008836195956613377,0.026981758094201475,0.007058381734072833,0.5111550601087926,0.0070592471704253035,0.013796479128791117,0.007054050010754986,0.00828744840314112,0.5099159121930545,0.007391412454082147,0.007054050010754986
chr15:50686815:50686816:NM_017672:TRPM7,0.35541256858955,0.0361051765582904,-0.006242387165734831,0.4439084290426036,0.4818480461409612,0.48069645790265125,-0.006242387165734831,0.1148681746565069,0.04503807201838042,-0.0064108190974283275,-0.0007249928484842905,0.4437765168103935,-0.005172563654019607,0.9236046597490006,-0.0062171716279047495,-0.00577730475018548,0.4439084290426036,0.6402166767135007,0.3544501008985247,-0.006242387165734831,-0.006242387165734831,0.35541057743208954,-0.00552263836455924,-0.006238916627070712,0.4439084290426036,-0.006242387165734831,0.4439084290426036,-0.00552263836455924,-0.006242387165734831,0.3552984523883778,0.47936707893627406,0.4439084290426036,-0.0062171716279047495,0.0338351146188782,0.35541057743208954,0.4439084290426036,-0.006242387165734831,0.4439084290426036,-0.00013064993514888545,0.09100483954085958,0.4439084290426036,0.4439084290426036,-0.00611441808721408,-0.006242387165734831,0.4455996974487824,0.0029414294901516647,-0.006242387165734831,0.355351789013028,-0.00622799837815366,0.35450878161629257,-0.006210703295570136,0.41553688185934584,-0.0006994633349989843,-0.006242387165734831,0.4439084290426036,-0.006242387165734831,0.4439084290426036,0.4439084290426036,0.12481380692690461,-0.0062171716279047495,0.0037936247683262037,-0.006242387165734831,-0.006242387165734831,0.033973006651530774,0.48799957720636933,0.4439084290426036,-0.006242387165734831,0.03401223938289784,-0.0062171716279047495,-0.006139641210976543,-0.006242387165734831,0.35450878161629257,0.4439084290426036,-0.006242387165734831,0.48286026885259675,-0.005532262845807517,0.12481380692690461,0.034138147268152175,0.44383289307688456,0.4439084290426036,0.4439084290426036,-0.006242387165734831,-0.0062171716279047495,0.44559743069857616,0.04120158944668406,0.4439084290426036,-0.006242387165734831,0.04820019907797314,-0.006242387165734831,0.44383411996370703,-0.0062171716279047495,0.0003668222770735752,-0.0062171716279047495,-0.0062171716279047495,-0.0062171716279047495,0.4437765168103935,0.1077345259364155,0.4439084290426036,0.4818195870447976,0.11439290868228091,-0.006242387165734831,-0.006139641210976543,0.03408571473827782,0.4437765168103935,0.4439084290426036,0.4439320326471535,0.03402837637708532,0.4439084290426036,0.44391101386662185,-0.006242387165734831,0.034018499892201015,0.034082050460285465,0.41553688185934584,0.4439084290426036,0.4439084290426036,0.03402837637708532,0.3559713793236996,0.4439084290426036,0.44390790378707,0.06473810882178407,0.4439084290426036,0.4439084290426036,0.03249713721422484,0.44396481672258736,0.03412577404983386,0.05714186194338547,-0.006196104765125082,0.4439084290426036,0.01959459236313335,-0.006242387165734831,0.5652102244624004,0.4439084290426036,0.02381094935911765,-0.006242387165734831,0.4439084290426036,0.4439084290426036,0.4439084290426036,0.4464666812155607,-0.006242387165734831,-0.0062171716279047495,0.4437842734268415,0.4439084290426036,0.4704282728831961,0.06701914864592769,0.004956675067248839,-0.006242387165734831,-0.006242387165734831,0.92145366714639,-0.006242387165734831,0.05562889836572943,0.4439084290426036,0.4439084290426036,0.9225675433901586,0.35623273495726837,-0.003394044674108726,0.0340789339580017,0.4439084290426036,-0.005809948502550649,0.41553688185934584,0.4439084290426036,0.4439084290426036,0.034018499892201015,-0.006242387165734831,0.35450878161629257,-0.006242387165734831,-0.006232846515429907,0.4439084290426036,0.9227703032985444,0.4439084290426036,0.4437765168103935,-0.005584165302261107,0.04425087404622251,0.4474520345441943,-0.0062171716279047495,0.04223095937494639,0.4437765168103935,0.5016412995829329,0.4437765168103935,-0.0062171716279047495,1.0301815458712602,-0.0062171716279047495,0.4439084290426036,0.4439084290426036,0.3544501008985247,0.4438870154025959,-0.006242387165734831,-0.0062171716279047495,0.4439084290426036,0.45202640031419694,-0.006242387165734831,-0.006132862648010634,0.4439084290426036,0.4437765168103935,-0.006242387165734831,0.4318049595556114,0.36217011626658135,0.44390827309513403,-0.0062171716279047495,0.4464096921844948,0.4439084290426036,0.44486352494299997,-0.0062171716279047495,0.03402837637708532,0.4223368545663838,0.03751158047065893,0.4439084290426036,0.44768236826612134,-0.0032248205486885007,-0.0062275901617721285,0.4439481743760219,0.016121079776386965,0.4439972193057499,-0.013105184636792944,0.4439084290426036,-0.006242387165734831,0.4439084290426036,0.035550310427397785,-0.005809948502550649,0.6478121554979197,0.4439084290426036,0.21957051991723303,-0.006242387165734831,0.9227703032985444,0.47935533234484917,0.013416058188883723,0.41553688185934584,0.4439084290426036,0.03751137621564471,-0.006242387165734831,0.4550439738693906,-0.006242387165734831,0.4439084290426036,0.4439084290426036,-0.0062171716279047495,0.11643368728959014,-0.006242387165734831,0.4439084290426036,-0.006210703295570136,-0.004237916773537853,0.4439084290426036,0.4439084290426036,0.4439084290426036,0.4439084290426036,0.36212153013949083,0.4439084290426036,0.4439084290426036,0.4439084290426036,-0.006242387165734831,0.4439084290426036,0.4439972193057499,-0.004237916773537853,0.35637586919252845,-0.005878584214148358,-0.0062171716279047495,0.4439084290426036,0.006404380942489768,0.0047001203926217705,0.4439084290426036,0.44388694561415276,0.35457051645760784,0.35457051645760784,0.4439972193057499,-0.005744986006614189,0.4437765168103935,-0.006242387165734831,-0.0062171716279047495,-0.0062171716279047495,0.4439084290426036,0.5005788518137689,0.4439084290426036,0.11384359481915468,0.35450878161629257,-0.006242387165734831,0.4439084290426036,0.4703493781176595,0.039522654995750084,-0.006242387165734831,0.04279652324643449,0.4439084290426036,-0.004737300150494006,0.45450236328671945,0.4437842734268415,0.4439084290426036,-0.006242387165734831,0.05919817740894913,-0.006242387165734831,-0.0062171716279047495,-0.006242387165734831,-0.0062641169199295355,0.4439481743760219,0.41553688185934584,-0.006243976380256755,0.4439084290426036,-0.006236553018826391,0.042105715053622955,-0.006242387165734831,-0.0062171716279047495,0.4439084290426036,0.4439084290426036,-0.006242387165734831
chr15:50908671:50908672:NM_001252127:AP4E1,0.1128057940267147,0.4404633179105212,0.09473891283093652,0.35094893610726074,0.46170544272133196,0.46885006166956344,0.08541257974475469,0.7281631140923697,0.44069388191252046,0.4628807755677037,0.09425043681795803,0.35199621857523894,0.4611590868738351,1.0357446455383743,0.35199621857523894,0.596224655363544,0.16592452078118175,0.4689746902934832,0.061710131541290236,0.000818584181964177,0.023777229838799097,0.7853897565383939,0.6081564571579257,0.0013870628935490348,0.35199621857523894,0.000818584181964177,0.35199621857523894,0.5659236563865426,0.03156821792629097,0.5903542046704945,0.5512837567020444,0.4035059554019759,0.45300642160786625,0.5043515156481893,0.7869182095660502,0.35825606794696724,0.06105409687877264,0.35199621857523894,0.001757482790444187,0.26639430165127864,0.35199621857523894,0.35199621857523894,0.4509433126527246,0.0008903906045401311,0.9399452116145108,0.8962303827577169,0.06105409687877264,0.4557553669840563,0.0008256425210400042,0.06105409687877264,0.118582683348082,0.35199621857523894,0.11736602278388841,0.40342218011404385,0.3519972094415602,0.000818584181964177,0.35102307506739755,0.35199621857523894,0.4875831684879736,0.000818584181964177,0.08553142741000225,0.000818584181964177,0.0009298287943030614,0.3539583757003202,0.9482299369818437,0.35199621857523894,0.000818584181964177,0.45624147765270084,0.019600197105038603,-0.0010946114543436136,0.0008256425210400042,0.04027896014946855,0.35199621857523894,0.000849432763383895,0.06105409687877264,0.0022680514838024635,0.48774888319136966,0.45575007472517437,0.39136618936859463,0.35199621857523894,0.35199621857523894,0.0045953978259542505,0.35199621857523894,0.35477058421230256,0.14941118247361274,0.35199621857523894,0.35199621857523894,0.3534614794857409,0.06105409687877264,0.7773007662366151,0.061169922361802964,-0.000993190256687676,0.000818584181964177,0.35199621857523894,0.35211459049592314,0.2641339196187208,0.5392309343476946,0.4284615547782329,0.3574920734261929,0.08115452557756386,0.06105409687877264,0.000818584181964177,0.802449870483751,0.3752956590799734,0.3519972094415602,0.5079137906265582,0.8023080525989814,0.43022898383454855,0.39128739228157094,0.06105409687877264,0.4055480983279454,0.019132727433967822,0.35199621857523894,0.35199621857523894,0.7959970490218884,0.4570563222412135,0.4290694090348601,0.35199621857523894,0.35199621857523894,0.30823230759936704,0.35199621857523894,0.3519972094415602,0.5162939240707088,0.40342218011404385,-0.001099991638954606,0.4932435391705101,0.0008192582123417169,0.35199621857523894,0.03872243204504991,0.06105409687877264,0.9370203118439817,0.35199621857523894,0.06798346492894156,0.3524464661023943,0.35199621857523894,0.16499343861834975,0.16499343861834975,0.35262975113892947,0.0008878453146871634,0.35199621857523894,0.9528569610984816,0.43018783306553127,0.3519972094415602,0.523936049696317,0.019016349540884242,0.000818584181964177,0.0008903906045401311,0.40354535550522513,0.000818584181964177,0.6746535805187339,0.35199621857523894,0.35199621857523894,0.4285957765939388,0.38723335534268855,0.004578733331695839,0.0011680484765350385,0.35199621857523894,0.06105409687877264,0.35199621857523894,0.35199621857523894,0.35199621857523894,0.01984058161423566,0.000818584181964177,0.000818584181964177,0.06105409687877264,0.000818584181964177,0.35200126234150053,0.42425648746012756,0.35199621857523894,0.0853261519499274,0.08106300813554931,0.4301904803114022,0.5274360239079534,0.35199621857523894,0.1861786690234805,0.35199621857523894,0.42437428096452834,0.35199621857523894,0.3869670591874123,0.3606341266595472,0.352009738843471,0.35199621857523894,0.3516279257878591,0.4281391746954821,0.3787627474340016,0.000818584181964177,0.35199621857523894,0.40342218011404385,0.008144261356679477,0.000818584181964177,0.08151100524330004,0.000818584181964177,0.000818584181964177,0.000818584181964177,0.35247097788695936,0.019301458159218188,0.4034260075380137,0.3915571982217967,0.43437217670479755,0.3520655271841476,0.9553197632683065,0.06105409687877264,0.0008323816341788692,0.4013510065731647,0.3574628541195298,0.35199621857523894,0.39737546932443624,0.06324775636796018,0.39913943027418664,0.4148828816368423,0.8339682112035458,0.0009272835866480367,0.3524467721609957,0.35199621857523894,0.06522169759883448,0.35199621857523894,0.0280019216813735,0.06105409687877264,0.7694904152535915,0.35102307506739755,0.28259840808631465,0.3909068547974569,0.42821983651870416,0.4739890126174817,0.5091882534079156,0.35199621857523894,0.35199621857523894,0.3574628541195298,0.0008878453146871634,0.34914689774840985,0.35199621857523894,0.43018227148869026,0.35199621857523894,0.16505438696305857,0.30080979932521446,0.003379331867775781,0.181521958074785,0.3538421367938875,0.08755129277439408,0.35199621857523894,0.3519972094415602,0.3520014537291792,0.40342218011404385,0.020734227859848325,0.35199621857523894,0.35199621857523894,0.3520655271841476,0.000818584181964177,0.40342218011404385,0.35207796783437323,0.006601991464049162,0.026977394293366735,0.000818584181964177,0.35199621857523894,0.35094893610726074,0.34952993221638634,0.3376517726331306,0.35199621857523894,0.5401756061077289,0.0010511192685175308,0.0010511192685175308,0.35211459049592314,0.4126597622046285,0.000818584181964177,0.000818584181964177,0.16499343861834975,0.35199621857523894,0.3519966437831422,0.6293294681920216,0.3511017991874195,0.10842771816444968,0.4349579881346755,0.09469632647353762,0.35199621857523894,0.19916577029045687,0.40252664234926977,0.40342218011404385,0.7955741973067129,0.3520705711378506,0.014647339534535786,0.8301599645994154,0.9586013659274851,0.40342218011404385,0.000818584181964177,0.35886597433522993,0.3570601026036756,0.09432320091078272,0.004591939895287611,0.0013870628935490348,0.05574801224514414,0.09440736254991594,0.03019436460276298,0.35199621857523894,0.309348672604077,0.7400632302150456,0.08115452557756386,0.0009272835866480367,0.40342218011404385,0.000818584181964177,0.0008580182234190492
chr15:51751560:51751561:NM_001142885:TMOD2,0.34747369360788716,0.06852139588793343,0.05644017926515754,0.8415693857290863,0.09626994079781809,0.11618974055814046,0.17281295323965196,0.05569403384125127,0.06914587806064107,0.06342422793105192,0.059856062365775425,0.1817737385842,0.05877392558095512,0.35488990346082805,0.4399473297836673,-0.0022271471893593464,0.440403181536427,0.47181130876057775,0.05573321517933419,0.05573613687520766,0.16716393765539728,0.4065036395846524,-0.002189287014531832,0.05921526889946624,0.11934549002068133,0.05569403384125127,0.4399473297836673,0.17706757455562877,0.05571205826760284,0.21023839272775435,0.3625121359748776,0.6205337291821849,0.056420585168955956,0.07350858360476226,0.4065036395846524,0.013617867580030335,0.059713895121788874,0.8415702533056866,0.005829954738978682,0.047096954488165615,0.44001970475377794,0.9212485798608668,0.0017349714057394716,-0.002189287014531832,0.12039218462652093,0.45653672185689687,0.05626671887892713,-0.0015331304153986813,0.011675338384888573,0.03293062008782309,-0.0010502971401081251,0.11951988641518034,0.059856062365775425,0.056963097738667215,0.8415693857290863,-0.0022271471893593464,0.44012686872306417,0.44001970475377794,0.07066312005984256,0.4397848820359842,-0.0004339472254115406,0.05569403384125127,0.05950206284403449,0.05914340070381727,0.4114561231823578,0.1194317258852981,0.4399473297836673,0.07345871307232078,0.25606849503584256,-0.002173270020001228,0.007644679228075893,0.05990205943580185,0.8426569374869978,0.013617867580030335,0.09202519206774876,0.06440553629678042,0.07066312005984256,0.036453045326315284,0.18381840737591457,0.11934549002068133,0.4399473297836673,-0.0027961809213399025,0.18021191218448718,0.440403181536427,0.01876904247383261,0.440140211588287,0.19155284845160345,0.1939604091426021,0.05692388905484838,0.18019546377516954,0.0561381085477092,-0.0015843056956337809,-0.0020887735588299428,0.44001970475377794,0.26484223423033076,0.11925661668469766,0.03571192215163713,0.42897968326349745,-0.002209736123020223,0.00036541450360058625,0.056963097738667215,0.017866043119854416,0.012932326847399575,0.45042858208920666,0.44012686872306417,0.08044442227690052,0.01060437349804591,0.19625612787367896,0.5122070634725299,0.05626671887892713,-0.0022271471893593464,0.18797383961267589,0.11951999847899923,0.11934549002068133,0.1215548987367355,0.017059680682365755,0.6401821755209693,-0.002086328604702467,0.2200707690828938,0.0010463985251166347,0.11943108352325252,0.44001970475377794,0.06784370044528126,0.4399473297836673,0.013872910710700612,0.12118001409606992,-0.002086328604702467,0.4396714119591778,0.0013931225273940001,0.05692388905484838,0.49882361410134674,0.11943108352325252,-0.0018258540848936078,-0.0022271471893593464,0.11934540291237769,0.19239261942436575,0.19239261942436575,0.44136825969600046,-0.0014738273905754717,0.4399473297836673,0.339867544785417,0.5512112357859226,0.12167623907968454,0.005778482219548103,0.04103220189546215,-0.0022271471893593464,0.05692388905484838,0.5102576956577721,-0.002048463830366054,0.06190508995819827,0.44012686872306417,0.440403181536427,0.05655508021585277,0.07317168113889462,0.013839325674325817,-0.00013872640449966167,0.4586966229601782,0.05569403384125127,0.339867544785417,0.44012686872306417,0.4399473297836673,0.11947411515957428,0.05626671887892713,0.11951999847899923,-0.0010136164938723963,-0.0014885862879874534,0.44832621818741225,0.39296994392739437,0.440403181536427,-0.0022271471893593464,0.13062589769258465,0.06289090444094293,0.051690286057540946,0.4396714119591778,0.33139023354515773,-0.0019479236508978398,0.04871097523515437,0.4399473297836673,0.16982074642519826,0.9489957712874197,0.19684096161614156,0.44001970475377794,1.0573450440381233,0.2517670262186481,0.2926342823063293,0.05692388905484838,0.4400544724888781,0.12482589416551046,0.22094735934691298,-0.0010515019486533328,0.01313712880752324,-0.002113013097929675,-0.0022271471893593464,0.05573321517933419,0.44168941758913904,0.06409328240926275,0.11943108352325252,0.013124854607881556,0.13569022181401333,0.44012686872306417,0.09032192371779475,0.05626671887892713,0.05569403384125127,0.05707638454020668,0.02662992740066515,0.4399473297836673,0.5037340141127926,0.010561084261796111,0.4396714119591778,0.057154450450836156,0.4565391473345909,0.5284158462189641,-0.0011490792664784755,0.5544367272329717,0.059713895121788874,0.11934549002068133,0.030289372231980694,0.05575286549925035,0.21788721306322356,0.44012686872306417,0.02253232271056188,0.059221322755816305,0.34486697099089836,0.18138734687964664,0.4499475926562324,0.11951988641518034,-0.002086328604702467,0.02662849563671235,-0.002220811753195079,0.7475941603780216,-0.0021719690907362754,0.05589867010160876,0.11934549002068133,0.508220913289738,0.004095609991324703,-0.0015884546777741454,0.1880140786045319,-0.002189287014531832,-0.0022271471893593464,0.44002243126319474,0.44012686872306417,0.8417072379624899,0.11943108352325252,0.005530380356170886,0.055926913020291624,0.19175244890914983,0.6414333018163909,0.056963097738667215,0.11943108352325252,0.44014212128779373,0.014630104308431521,0.2857484700426843,0.0033684316422684935,0.11934549002068133,-0.002569762950039106,0.44977387766692234,0.0962904992607729,0.11943108352325252,0.28231977412330816,-0.00025898655697653705,-0.00025898655697653705,0.5052619047990224,0.23226147017096693,0.3395356705316148,-0.002189287014531832,0.055760090855234035,0.22017008717570263,0.443189747129001,0.4171558814676888,0.4399473297836673,0.049211117767987714,0.06035971774128633,-0.002086328604702467,0.44012686872306417,0.0007759220555128704,0.054093530754371816,0.05622752209583935,0.00037005750035648544,-0.002003118248758623,0.005652992215690142,0.45919869867993324,0.4915043154508339,0.5543307728372774,-0.0021719690907362754,0.007086946131978078,-0.001086172446620709,-0.0021545568510785568,0.056963097738667215,0.05575286549925035,0.17126871903307891,0.1002741782058643,0.013617867580030335,0.4414949800818545,-0.001120704222127497,0.1921136391591324,-0.00023642060654401054,0.05950206284403449,0.11943108352325252,0.3402595866875693,-0.0022271471893593464
chr15:58749978:58749979:NM_001110:ADAM10,0.04046672685325847,0.03116594357692226,0.10650841925227844,0.26428958372195566,0.11275028168079732,0.0749873409120812,0.11275028168079732,0.11283653445399366,0.03134596093825531,0.03123132145370494,0.18413853560252424,0.0987342314061957,0.2249530532710567,0.13618100939479455,0.3641074188151906,0.11897111458345011,0.5557881127076385,0.146112401693834,0.003666588027483375,0.0036594986809248553,0.0036323093019625663,0.1526008744777252,0.0058805018795357045,0.11490762272046345,0.3641074188151906,0.0036594986809248553,0.3641074188151906,0.04274758429835901,0.0036594986809248553,0.04388438491065477,0.05963571260893408,0.42463661139378184,0.13617305457617496,0.0038538708879159445,0.20458150272678471,0.584419976594247,0.0036594986809248553,0.3641074188151906,0.06648700591222756,0.11031809329528708,0.3641074188151906,0.39943847761458645,0.1433964175965926,0.04046672685325847,0.4689098375844462,0.08543694373670163,0.0036594986809248553,0.04046672685325847,0.007607957844745716,0.04883614562766325,0.02135265574813633,0.3641074188151906,0.25905227973857287,0.0036594986809248553,0.3641074188151906,0.0036594986809248553,0.7137337397306671,0.3641074188151906,0.14879279082118751,0.3641074188151906,0.021482315465078505,0.0036594986809248553,0.0673385405420206,0.4214511698475858,0.4220710844266093,0.36411142900334353,0.0036594986809248553,0.0037421334197441647,0.11488925914958098,0.0036673176464461776,0.007556670432319834,0.0687595060006741,0.3641074188151906,0.0036594986809248553,0.5182778552930768,0.049215045068680796,0.08104317626124558,0.0048877761501284755,0.25824462706814616,0.3641074188151906,0.3641074188151906,0.06719309459565814,0.3641074188151906,0.4573652877306476,0.06509811669713189,0.3641074188151906,0.3641074188151906,0.589460925180611,0.0036594986809248553,0.20325508403786985,0.10873153598662122,0.009938355802635579,0.2269655398609991,0.0673385405420206,0.0673385405420206,0.347499215383522,0.004023674240687003,0.3641134098024331,0.0036594986809248553,0.0036674864094052295,0.0036594986809248553,0.048844313138410644,0.04388727213742605,0.2643189069287933,0.36411142900334353,0.13992152986652423,0.36376314415396205,0.49356435055273257,0.3474739592469244,0.0036594986809248553,0.10650841925227844,0.0036454365814699297,0.4218852196423035,0.38596128125566764,0.3674990185014039,0.007006977654903157,0.13619130654107503,0.5489407617958842,0.0673385405420206,0.04763951229474278,0.3641074188151906,0.3641074188151906,0.13868960119388057,0.3641074188151906,0.0036673176464461776,0.18782815341660153,0.006998327746363275,0.3641074188151906,0.06465875563370233,0.0036594986809248553,0.09956529042459134,0.49356435055273257,0.20513223861733576,0.06542943381133237,0.3641074188151906,0.5548674600503511,0.5548674600503511,0.376947911561775,0.0673385405420206,0.3641074188151906,0.4224509926062066,0.7137328003308733,0.3695281709600934,0.3325123346806563,0.06655966396240359,0.05231539669749413,0.0036594986809248553,0.4591213138810641,0.04046672685325847,0.2643122643397269,0.264288864066975,0.3641074188151906,0.4072757976912625,0.15625896215033813,0.005041855771549253,0.04388727213742605,0.0673385405420206,0.0036790545628331284,0.3641609746741465,0.3641074188151906,0.3641074188151906,0.2694562917268313,0.0036594986809248553,0.0673385405420206,0.0036594986809248553,0.36711638468190916,0.3710283970094978,0.37453079906079345,0.4218852196423035,0.4224509926062066,0.10650841925227844,0.188743723908745,0.27033144819427274,0.0036594986809248553,0.10929504962325504,0.3641074188151906,0.1908808424037377,0.3641074188151906,0.26442246754956084,0.0673385405420206,0.264288864066975,0.4218852196423035,0.37223415941650845,0.04872144820747959,0.3641074188151906,0.0036594986809248553,0.4218852196423035,0.36457886462179695,0.29283072722519266,0.0036594986809248553,0.0036409314456747888,0.04883614562766325,0.264288864066975,0.0036594986809248553,0.3787829344275241,0.07294725777171113,0.49356435055273257,0.0036594986809248553,0.09006515769049,0.3641081417511757,0.215629241027884,0.0036594986809248553,0.15276257963617013,0.45865619269414815,0.1715370515148169,0.3641074188151906,0.3637703898185685,0.13966437011026456,0.07324520656806294,0.32033891560301797,0.09977591119285872,0.28039842794326664,0.019607050368317336,0.23666882158521857,0.0036594986809248553,0.3641074188151906,0.0042559248520019355,0.003666588027483375,0.6335457417202609,0.7137337397306671,0.06886234727185808,0.04046672685325847,0.04883614562766325,0.0673385405420206,0.07221262355312147,0.3641074188151906,0.31076010640527074,0.018686079266377997,0.0036323093019625663,0.455334406183465,0.3641074188151906,0.49356435055273257,0.3641074188151906,0.3699807625197541,0.004048733141551131,0.0036594986809248553,0.4200217308326843,0.3641074188151906,0.0036594986809248553,0.3641074188151906,0.3641074188151906,0.49356435055273257,0.49356435055273257,0.06639487549446116,0.3641074188151906,0.0673385405420206,0.49362311374313333,0.0036594986809248553,0.3641074188151906,0.8228644296744655,0.004031664179601491,0.27115179375202875,0.0037156038594258756,0.3641074188151906,0.3641074188151906,0.13942176263877704,0.0036594986809248553,0.5489407617958842,0.3644630518888801,0.005697414824759994,0.005697414824759994,0.11488925914958098,0.5216324009352156,0.0036594986809248553,0.0036594986809248553,0.3641298606428903,0.3180792624841067,0.36424127624082925,1.1927344156834803,0.3641074188151906,0.0036674864094052295,0.1065160347967975,0.0036594986809248553,0.4935733442404991,0.2685776900440768,0.18592996550670815,0.0036594986809248553,0.36415622723988067,0.7137328003308733,0.009259500953822442,0.10632312509214709,0.5944488878531139,0.26884841767390405,0.0673385405420206,0.17234691717289413,0.0438763584719431,0.10650841925227844,0.0036594986809248553,0.06735624903106097,0.2269655398609991,0.6856359326157235,0.0673385405420206,0.3641074188151906,0.02297193092594496,0.415394810308954,0.06734697152560187,0.0036594986809248553,0.5489407617958842,0.39943847761458645,0.0036594986809248553
chr15:59372872:59372873:NM_004998:MYO1E,0.08081710756480118,0.42063299009767163,0.13317184165469137,0.2866433497458174,0.13355009306884075,0.4407793568646505,0.1808388573531904,0.07120431607212108,0.037882023326430314,0.20731373077177181,0.20976337253627045,0.0753947072285081,0.09783397914145645,0.2029489823754626,0.2859405264349845,0.010456217995215622,0.28665844131241525,0.4133799552491194,0.14892334720925618,0.060918843573238624,0.06059226161377684,0.2114982545772817,0.12716265377697591,0.08621357266277152,0.2859319665393404,0.06091876449314393,0.28596111829751897,0.07093717000125077,0.060918843573238624,0.0906722357279044,0.2961062167179394,0.4003024637677153,0.18695116422784497,0.02526434379532616,0.211464196013097,0.38502431496964784,0.0801692653042575,0.28596111829751897,0.08144952846555731,0.2832464210883249,0.28596111829751897,0.7087668173992483,0.15182352246397196,0.0008021382238296293,0.3561959858605025,0.19926353813014305,0.13377663422110467,0.08116668709507377,0.0055681600821575195,0.37125488018371305,0.07615054347621816,0.2859319665393404,0.20976337253627045,0.1398481597313528,0.7084351570997138,0.15361273893800834,0.7124808267401113,0.7084351570997138,0.0940468603011255,0.17856075020057383,0.13954410101457743,0.01976476101558014,0.0005202951229865971,0.08167855064926244,0.17005713551176962,0.2861654425571139,0.2859319665393404,0.02528719122488196,0.0005202951229865971,0.09001160684581705,0.005324075910275422,0.17024944128387426,0.7087565955566446,0.17837805962158623,0.061222356201599964,0.11698166090430315,0.0940468603011255,0.030180345758039212,0.13980019010325515,0.2859319665393404,0.0005709754100223507,0.07028827413245778,0.2859319665393404,0.8046095645336768,0.006233008500410364,0.2860312456821191,0.2859319665393404,0.04100050778463954,0.13400511722632627,0.0012213885350396136,0.0606152482536261,0.07616827428799977,0.2859319665393404,0.2859319665393404,0.0005202951229865971,0.001105525748877595,0.10856447766139607,0.5294260362888111,0.05080526805885299,0.034303394614367155,0.1342983973728038,0.15990487180600496,0.03937233148655769,0.28579598617187,0.2849168959461539,0.27442978179943783,0.02732764435079596,0.5359813394924269,0.0010636522744527643,0.0801700751011944,0.0007796290171686593,0.06059226161377684,0.2865800867271251,0.28599098837522147,0.2890162594385733,0.0014755390604892782,0.4220677540689842,0.2859319665393404,0.28596111829751897,0.0008792415943820464,0.2859319665393404,0.7084351570997138,0.2089639790364498,0.06064705126818992,0.15990487180600496,0.4492033966871829,0.0009933823151095922,0.7084351570997138,0.28775713327987507,0.07984102303936405,0.2893694122332181,0.2859319665393404,0.3855762517743664,0.0005295584354774729,0.17837805962158623,0.1791532036777425,0.1791532036777425,0.18594613406667942,0.17914486117540446,0.2859319665393404,0.8048030235315234,0.370232292618774,0.28966844415472714,0.2040911532502871,0.14514198428174868,0.0008102204879639752,0.060600650718613314,0.5133394226950521,0.07063118075065486,0.36509031110850415,0.17844960785864783,0.7084351570997138,0.060756374151674675,0.042261076003573594,0.019624741724539208,0.010899948034347823,0.17837805962158623,0.28494382297304666,0.28596111829751897,0.0005202951229865971,0.28596111829751897,0.061591376435767176,0.13377579350835594,0.0009120207341949127,0.08014580875135746,0.0005207227936110115,0.28685478898004285,0.07748922430983701,0.2859319665393404,0.37000008786506744,0.06365167549763129,0.2278945936414917,0.052942280593277824,0.2859319665393404,0.036575408100176066,0.2859319665393404,0.20597702040683355,0.28596111829751897,0.013397036974042098,0.2853091280848363,0.2846432024940761,0.28596111829751897,0.286294606957895,0.10002752348755062,0.2874754799303495,0.1331678357897853,0.286138981844457,0.2857830565859175,0.07501305365291216,0.08095715870423331,0.06059226161377684,0.28596858154848426,0.0005202951229865971,0.0801692653042575,0.2859319665393404,0.14485216135950585,0.2865386393937074,0.08938626186477724,0.37580703081836403,0.2898810538877602,0.11086619606861894,0.13377663422110467,0.0010123005117409212,0.30132759997699016,0.08925136944484313,0.0005709754100223507,0.2869418760597751,0.31415880225519643,0.0005383669645233902,0.1917275382872489,0.1822193437112758,0.01806052983523196,0.0005295584354774729,0.2866439710853736,0.13348351230029087,0.0005202951229865971,0.06059231644740329,0.2854215193778716,0.006565882998056133,0.2893452630816734,0.10671915689057693,0.09755884308285676,0.00106155083031359,0.14958127567987095,0.2818227211823663,0.2859319665393404,0.28631733068470877,0.08936415247135546,0.017852745346428722,0.3151457476903182,0.0005202951229865971,0.37021200886921024,0.2859319665393404,0.2899110191447686,0.07350509613488893,0.0005202951229865971,0.2965902790565338,0.0005202951229865971,0.0009990033095389483,0.28596111829751897,0.7084351570997138,0.28618216817081815,0.28596111829751897,0.15005158109225505,0.2859443091135869,0.28596111829751897,0.3031649116222943,0.08065206094457542,0.28596111829751897,0.1915697061627521,0.09130774965960606,0.06582212203731777,0.07539660963945352,0.0005202951229865971,0.28596111829751897,0.020382706353417768,0.08091216710465896,0.28596111829751897,0.0013217539228673747,0.0005202951229865971,0.0005202951229865971,0.0019526807021656711,0.24040119527855966,0.0005202951229865971,0.06136301617898254,0.0009385646651341728,0.2861221850823249,0.28596111829751897,0.667535633282393,0.4761316747238078,0.10940305819624616,0.1505517707466808,0.07426393710086238,0.28511914018921225,0.08792557188265063,0.1165888178018073,0.08596856089194119,0.006712113570747413,0.0015129848718819228,0.0016392718888700308,0.23075418853896784,0.14952114064496883,0.8055650220862409,0.0005202951229865971,0.09360869993271917,0.02638684518167511,0.1873176998494694,0.1342983973728038,0.07361726963377088,0.001718389023132011,0.13254487540311372,0.01803498700289083,0.37127308906006357,0.1512151533310833,0.011852819982438312,0.03565587602196724,0.0005202951229865971,0.28596111829751897,0.8043923937996703,0.07539612028777204
chr15:62060465:62060466:NM_001018088:VPS13C,0.056230201945685496,0.07229555952903434,0.004503151663569335,0.31766158837823305,0.004565407535874602,0.027175582243057758,0.006390072510348718,0.037904590236455954,0.018990060367950326,0.06130395883431382,0.3389472118558738,0.3502120239744103,0.7622993642627394,0.3576913319705354,0.29939527798567395,0.037904590236455954,0.3911529654606112,0.11276785720857564,0.009304318588410465,0.004565407535874602,0.28533892511169595,0.04612454367986778,0.037904590236455954,0.3732562823177312,0.29939527798567395,0.0026736906447999836,0.34587213276340345,0.037904590236455954,0.0026736906447999836,0.28360080493156564,0.1566771534662889,0.4244540934949009,0.04118114302286478,0.015129773508462535,0.32841158910900076,0.3013325125407109,0.00942704750556786,0.29939527798567395,0.20724179229074302,0.038542616931961815,0.34587213276340345,0.8077274817766582,0.06469354767860397,0.0026736906447999836,0.5223972546813406,0.35457181175144337,0.00942704750556786,0.00472430448572414,0.037904590236455954,0.006453014337297433,0.0959824153220625,0.3437136223325119,0.05410681179136441,0.00942704750556786,0.3911552277617361,0.004503151663569335,0.3437836562610021,0.34587213276340345,0.3978293119892897,0.0026736906447999836,0.0959824153220625,0.009403659196381253,0.29942891627084856,0.0065111228825019685,0.8807813772639077,0.3174051870025638,0.04677291511217507,0.015132543148934932,0.3498936460143783,0.038084934835650355,0.0026736906447999836,0.37494892721446144,0.3911552277617361,0.0026953214101749084,0.03985234054600602,0.34680804290185613,0.39783569855981243,0.017042977284245794,0.4322604864180245,0.29939527798567395,0.3474380098266384,0.00555499758827907,0.3528650622549213,0.3911552277617361,0.20724179229074302,0.3911552277617361,0.29939527798567395,0.0862496999653659,0.007465044908074078,0.4277269980162939,0.2085891789476719,0.20724179229074302,0.0026736906447999836,0.39396245571658123,0.3667041109704009,0.300733029775598,0.12304145491648823,0.38634606295853435,0.06173595509363426,0.05975570683959884,0.00942704750556786,0.2074414418498086,0.38992299901658867,0.3453380466976252,0.3911552277617361,0.4848600863469398,0.3470551674372759,0.3222919477284987,0.316483878337815,0.00942704750556786,0.3013325125407109,0.28533892511169595,0.29939527798567395,0.21157140106682282,0.29939642863570487,0.3471241796467287,0.3556262798813664,0.29939527798567395,0.3996067475388243,0.04136228145911747,0.8077274817766582,0.34587213276340345,0.36028481714340344,0.20724179229074302,0.20822758199811808,0.49071136720435626,0.3573707402057978,0.04677291511217507,0.28912754365875765,0.0026736906447999836,0.354056495389032,0.29939527798567395,0.31583296563407587,0.07095649109596858,0.29939527798567395,0.3528650622549213,0.3528650622549213,0.38296249394091875,0.34496877233076306,0.0026736906447999836,0.942888561050901,0.9219794570043942,0.29939527798567395,0.051306750373215956,0.27162334071641897,0.0026736906447999836,0.0026736906447999836,0.4274653498781227,0.005568760454322752,0.8300309783813997,0.04677291511217507,0.3911552277617361,0.3487269563071768,0.27950630540625987,0.04476909623977561,0.3445075717892048,0.3528650622549213,0.0026809908173018454,0.3437136223325119,0.34587213276340345,0.29939527798567395,0.8151112293243505,0.009304318588410465,0.0026736906447999836,0.0075875255052374885,0.0026736906447999836,0.355755789303486,0.3554689653854849,0.29939527798567395,0.29939527798567395,0.3531715830789208,0.041899636237263505,0.09629724791990597,0.0026736906447999836,0.3441469603216787,0.3911552277617361,0.07178189283248035,0.29939527798567395,0.22510856254281233,0.34587213276340345,0.3528650622549213,0.3437136223325119,0.3455592254283607,0.004001087305310194,0.9157408012763248,0.02009804084381503,0.4472245396510974,0.29944744712388394,0.3746920412724395,0.0075875255052374885,0.2888114495452491,0.3996149192037451,0.29939527798567395,0.005691057361835644,0.34845565956909486,0.2616431915666123,0.29939527798567395,0.20900689437499984,0.3139250270998381,0.3437836562610021,0.3688972552181674,0.00942704750556786,0.04972768999596029,0.4434270713906183,0.004731980288373391,0.34587213276340345,0.4037364011353833,0.11651687786561829,0.3437136223325119,0.3031089447954636,0.35653446975175407,0.37023988848848527,0.07236977259583739,0.3457221653467693,0.02009804084381503,0.29939527798567395,0.283202468268212,0.0026809908173018454,0.27209174810807724,0.3437836562610021,0.04005128041310231,0.3004322601311925,0.3486966963210684,0.03985574745420503,0.523079876093063,0.29939527798567395,0.0026736906447999836,0.00289654443951351,0.003376803213913801,0.34375172179568203,0.29939527798567395,1.0172613801211043,0.3911552277617361,0.29939527798567395,0.007261134399656366,0.0026736906447999836,0.2993963155761377,0.004687607953469494,0.003097582104871474,0.34587213276340345,0.3911552277617361,0.3528650622549213,0.34587213276340345,0.21731816078218757,0.0026736906447999836,0.3996149192037451,0.34924920287314587,0.0075875255052374885,0.347902699964707,0.3912289900227811,0.004689460025994838,0.2616431915666123,0.0027725787619580222,0.3911552277617361,0.29939527798567395,0.053959716187221646,0.4259440886859346,0.34587213276340345,0.3146641495240291,0.00427964893477098,0.00427964893477098,0.36815793114467193,0.42291676278393525,0.29939527798567395,0.004565407535874602,0.3528650622549213,0.004565407535874602,0.4472245396510974,1.3860219864137138,0.34587213276340345,0.07095013227062359,0.044886885430997156,0.3689447563049638,0.3528650622549213,0.37209844340932774,0.040301614253261286,0.0075875255052374885,0.3491892754144624,0.2994621417650018,0.09437290842572237,0.39201335362539513,0.30136705526443414,0.3628918509044853,0.0026736906447999836,0.004731980288373391,0.0026736906447999836,0.00472430448572414,0.02009804084381503,0.29939527798567395,0.8077274817766582,0.04783013486374646,0.002678005442218412,0.3528650622549213,0.004507477019962819,0.3778453533260849,0.07788711177478755,0.29942891627084856,0.34587213276340345,0.35441906418185165,0.0026736906447999836
chr15:64841882:64841883:NM_001195059:PLEKHO2,0.2320957386502054,0.198911461937597,0.018431264201489772,0.16044201187482476,-0.0016219113388338258,0.2835282820438272,0.12079217919428045,0.06143711194458734,0.4114908859496886,0.1687728312065463,0.12032576423373736,0.0161344570600484,0.06356843719226646,0.07079807102105584,0.5070920615739104,0.06477496633368834,0.012456312729134167,0.33332713720357954,0.008267487847960164,0.16130415548477978,0.25954165391229156,0.09335200105635683,0.018642403383737016,0.08251592138414043,0.2008330125892298,0.16031689345934907,0.1976649928278873,0.07990155370611135,0.18280646698285247,0.010532118955604741,0.08526733006459819,0.556154712654271,0.018431264201489772,0.07527056852491665,0.0933683663607166,0.15472382450879346,0.005327126927246795,0.38503913081915414,0.006196965195898296,0.01777959432874754,0.872774095764536,1.1862295195344446,0.013848738274599037,0.005327126927246795,0.18422925145029906,0.02527998802233894,0.005327126927246795,0.06855893304436639,0.01925875589776571,0.03125040886667624,0.006238717050123299,0.19865312280420722,0.12032576423373736,0.005327126927246795,0.580806417564771,0.005327126927246795,0.4016436479719362,0.21394840313645935,0.49199278643024397,0.22294989218910072,0.006290331390627624,0.06379288764731517,0.04670640926394726,0.29140384963748434,0.48169158975490156,0.012217563233436035,0.005327126927246795,0.19468582243459126,0.1563951445665368,0.007427178709282001,0.005344554513672883,0.08484982535408492,1.0144254441458553,0.20335364057651453,0.3707027604962254,0.072513611556969,0.49199278643024397,0.18498412828419836,0.08702156037823072,0.2008330125892298,0.23748565676040362,0.005327126927246795,0.533051450275166,0.47513320086793875,0.00619482958653772,0.19768009528530228,0.2201010330533702,0.07047385371101755,0.005327126927246795,0.24257304150683276,0.2384965448533734,0.005329261025890708,0.006344214594177111,0.19750670628831718,0.15997241058754075,0.2683365499340962,0.16084850295268988,0.44502866410354175,0.01691250149620077,0.005327126927246795,0.06279767669073988,0.2875555930214755,0.017796207399177144,0.38503913081915414,1.0210792848106194,0.013794857367682267,0.0452842572960952,0.46299948896394294,0.10110146757458044,0.005327126927246795,0.03586058958044941,0.20500228362000972,0.3851996437292786,0.03688447861376648,0.005327126927246795,0.006428122456224261,0.24770980312084376,0.4022898069775615,0.20832777740594102,0.2787992956488341,0.005327126927246795,0.5599158073372628,0.012951752064535194,0.2201010330533702,0.28861360753582527,0.26566388610153713,0.005327126927246795,0.019378307985562504,0.007034624924256938,0.005327126927246795,0.025189958108944255,0.4007218098571853,0.007135580483217718,0.16031927194991924,1.0302632916166325,0.23436984294088142,0.23436984294088142,0.10115399664352376,0.13148051849197073,0.005450662504706383,0.32698738829469437,0.26142477048916213,0.013389248540183252,0.05485357469914304,0.007089955166943718,0.005327126927246795,0.005327126927246795,0.3004823685768881,0.005327126927246795,0.3143143747586612,0.1976649928278873,0.005565154400157202,0.021539787828283474,0.082191091060002,0.028748315882169806,0.017795184910915585,0.3841611082556999,0.006344211703444513,0.40256947981101837,0.2383022568573546,0.2008330125892298,0.1986770832201109,0.005327126927246795,0.49214440485389815,0.005327126927246795,0.2004350871085132,0.5455078834934496,0.2446960793307466,0.49421620402875815,0.22281650562912328,0.2626662651678152,0.13122378264671614,0.03749103947028071,0.005327126927246795,0.35216210942823145,0.19748963116444,0.005916047577612826,0.2008330125892298,0.27823451924083165,0.09834376370135989,0.26767778135343656,0.400512011784008,0.3115469083191922,0.08228680519118797,0.4958343439010045,0.005327126927246795,0.16177623891974302,0.0053402556639525756,0.037796053083177794,0.005327126927246795,0.3896465719946592,0.19748963116444,0.005327126927246795,0.005327126927246795,0.2736661893016032,0.006229198190360219,0.4007218098571853,0.26512244054004414,0.2934921719300262,0.41595504976104897,0.05732368969263418,0.005327126927246795,0.07067093937523145,0.19922096428423713,0.044996888710861827,0.21377429252020547,0.03552424527157816,0.007135580483217718,0.006396400182204054,0.12704760392629877,0.01990009781237373,0.17337385843371972,0.16537220498183453,0.48402575506875545,0.005327126927246795,0.2008330125892298,0.450696991972962,0.006344211703444513,0.10512333257554873,0.2301163222464923,0.17404149597531948,0.23817001447882696,0.026703818057929096,0.23219748382798294,0.16931376164697687,0.005327126927246795,0.19733137381592983,0.03392613889403989,0.0038530412136575376,0.33934029879388117,0.005327126927246795,0.49137917215249055,0.005327126927246795,0.5533678265219774,0.03362431496187984,0.018642403383737016,0.48731078550203094,0.01665193105046814,0.005328121489635018,0.23748565676040362,0.986885168852191,0.4007038601378849,0.4902797631252631,0.0062218019264996816,0.400512011784008,0.4130717210071414,0.5974931885198819,0.005327126927246795,0.3826463807996695,0.5157507074055396,0.17969211141472052,0.21633159296452154,0.010648844767451426,0.5068243702753443,0.5213934338567332,0.21609075856368204,0.23710628438137643,0.4007038601378849,0.5334249237786493,0.20268313129752896,0.20268313129752896,0.17472696701643536,0.21618456504383937,0.005327126927246795,0.005327126927246795,0.2954654158619811,0.009818514139010137,1.102422136967132,1.0418850335488443,0.2540210903958306,0.17969211141472052,0.07826661945907587,0.40054055620042595,0.4941589152144458,0.12621436355469068,0.005916829190614703,0.005327126927246795,0.1533859463606908,0.40406521429968556,0.005327126927246795,0.0199981178814429,0.24428163222959115,0.9769163551994973,0.400512011784008,0.044996888710861827,0.018643409981904446,0.12070097427180582,0.005327126927246795,0.1052044263834877,0.2368533035821292,0.17341977755696003,0.022541142238263367,0.09633078291854819,0.25173751518876364,0.15299183261717791,0.022234537042096103,0.19295541437838243,0.49214212952919006,0.5534629822635682,0.005327126927246795
chr15:68277802:68277803:NM_015322:FEM1B,0.7117965406276348,0.6172172970815959,0.45326426122823893,0.1732456731216964,0.7112901429146901,-0.08384792114185358,-0.0019166042718788967,-0.008681411996137312,0.15151307358966332,0.46185855524435765,0.717343634023454,0.10534006672173107,0.7296928022899702,0.466384469618794,0.12600537302595446,-0.002142494512396509,0.7191023125230744,0.6103710203648895,0.20939508368428006,0.4535571959946699,-0.0018426053729101999,0.7189948698024324,-0.002142494512396509,0.2083333334418983,0.12600537302595446,-0.0019999203195837922,0.12600537302595446,-0.0019166042718788967,-0.0017740000073983575,0.4894235078268539,0.5066882857775267,0.684416394118402,0.4535618750970312,0.0271333133061728,0.7429249246463823,-0.15518266202195746,0.199143773287416,0.12477916173341949,0.24980002493250858,0.14651423915658876,-0.1758124562200113,0.5350156384877884,0.004422746408533518,0.0004720696792963053,0.5220889562071378,0.5340589851275671,-0.0017740000073983575,-0.003385148640591029,0.02682587855522084,0.20034469744929195,0.025316225123843128,0.1285003919832095,0.19969636812329522,0.1929633017234022,0.12549095105661526,-0.0017740000073983575,0.43864883930466586,0.004092648520008624,0.5417484423499654,-0.12384749600572033,0.06532904088959812,0.20896897079833104,-0.0008102782022573751,0.041002361835170364,0.7202564880987536,-0.12607952280558332,0.12600537302595446,-0.1348577831567343,0.0039419342171027605,0.19899446491417977,0.009745426688853975,0.002974276530359421,0.12548921604071825,0.04568716292780006,0.4555285589899882,0.20188314784421268,0.5417484423499654,0.45677497069968015,0.6421132286766476,0.12352300151022699,0.12600537302595446,0.08067636760191871,-0.14070481256458034,-0.1378896514024702,0.04424049084248183,0.1304524672597581,-0.001323030771981537,0.12437240959570384,-0.0019999203195837922,0.4286765782244977,-0.0019825688878459813,0.19899283598069029,0.0026129085731966817,-0.15824414136882115,0.1267999503885189,-0.1595905433997714,0.6445981951236269,0.46495904319480164,0.4641727791030892,0.12470497815531123,0.7292569185720856,0.19927090790477753,0.47993267217765806,0.453080955690798,-0.12930598115668646,0.5266016765918206,0.4554016282630666,0.46310688584543436,0.42814208986120994,0.20870118367773316,-0.1596081075679638,-0.0021057034257942475,0.1742967129333865,0.1365612877831072,0.6417779043883661,0.4694571283644019,0.7777743417868526,-0.15823947531780663,0.6417779043883661,0.0416750651413354,-0.1758124562200113,0.1304623207030455,0.46832681597568493,-0.001323030771981537,0.1996907028465223,0.5363740930009329,0.453080955690798,-0.14142184738712832,0.024032349135025444,-0.0019999203195837922,0.6087234901706213,0.12600537302595446,0.01655494827012316,0.02106535626349898,-0.12617764630502185,0.24597911702449232,0.24597911702449232,0.13329208144264634,0.13011598741700559,0.13099092723054617,0.08692940497567059,0.12843921332215175,-0.15822943999894162,0.5073501346318018,0.24986559576388961,-0.002142494512396509,0.45309391334974974,0.7178628332720658,-0.0019999203195837922,0.5989739572843948,-0.14142184738712832,0.12600537302595446,-0.0013213666304667804,0.45308553553950415,0.057211371209627215,0.4531521036926112,-0.15985539452959263,-0.002142494512396509,-0.15823947531780663,0.12716866946556687,-0.001323030771981537,0.43127757047881643,0.20195483724139657,-0.12323675838485185,-0.002142494512396509,-0.002142494512396509,-0.1529026708298773,0.47682082683995575,-0.15823971665715442,0.004092648520008624,0.4302729173818061,0.12363130312360318,0.058279165352728535,-0.0006575035957418485,0.0787045887811092,-0.14142184738712832,0.05828877109734476,0.12600537302595446,0.06101927846068406,0.430975138935368,-0.17865293991822934,0.43141873377826345,0.5058637831752152,0.47680744285617005,0.1247893011205585,-0.002142494512396509,0.5378226099522834,0.4314388171611146,0.009846172060758163,-0.0019999203195837922,-0.0021423929786617,0.12376402701370076,-0.0006575035957418485,-0.0017740000073983575,-0.10725641599953077,0.19915402290061424,0.1732456731216964,-0.14292770313369285,0.1302268163495918,0.9815165495987812,0.232561047962694,0.20870118367773316,0.002602931348618942,0.5029533330230725,0.5036449247331213,-0.1758124562200113,0.653996889807309,0.03711193717204486,0.5339288865654965,0.23015588445844837,0.5266260019195437,0.005430689709911618,0.045296055491168385,0.23089164104702675,0.00298151078527642,0.12600537302595446,-0.00023277936062310323,-0.002142494512396509,0.6053841112453987,0.981336764196632,0.04050790069662469,-0.001762379210709153,0.10250723633802056,0.4301498678068625,0.5319115957131446,0.1285003919832095,-0.002142494512396509,0.5036381171811453,-0.0005598809793069259,-0.12124359357228293,-0.002142494512396509,0.43199954653165645,0.6417779043883661,-0.1401524792441412,0.05226813924611834,-0.002142494512396509,0.12803601020708189,-0.001537915961198122,0.14331378639006545,-0.1582492137224754,0.1254991297128876,0.5752776751175424,0.1722695112347029,0.19905706958549974,0.43141873377826345,0.6417779043883661,-0.15390919030412725,-0.008706757022351075,0.12600537302595446,0.9885174144843769,0.02106535626349898,0.00410437623774329,0.01880769632721746,0.12549095105661526,-0.1570556801718509,-0.1393139009214404,0.003903297372685688,0.1732456731216964,0.13859376111357916,-0.001323030771981537,-0.001323030771981537,0.0006637116960762635,0.20938771430925363,-0.002142494512396509,-0.002142494512396509,-0.1313906977128625,-0.002142494512396509,0.1715996641669105,-0.14456867679921498,0.12549095105661526,0.05094301075774976,0.7058056216838282,0.04845325498358394,-0.15823947531780663,0.441695531422147,0.05820051401866716,-0.002142494512396509,-0.11927297923840152,0.9615861270922684,0.002004793960547424,0.5364272799284837,0.6455799076537941,-0.056981626834314514,-0.002142494512396509,0.5036381171811453,0.4530845965120687,0.43015183323767947,-0.008564041839330683,0.35161153099511877,-0.0009695068566094589,0.7168260720212656,0.473020269720382,-0.1595927418464515,0.5066557219999946,0.01626532751351617,0.3444122170370305,-0.0007913448732559392,0.1732456731216964,0.5035506716542617,-0.002142494512396509
chr15:72474325:72474326:NM_005744:ARIH1,0.3179440667524161,1.1573116932898568,0.37805189137965844,0.38756844188911305,0.045184563812638245,0.43044354149914066,0.20955088679743047,0.07453509171771866,0.41395643507142127,0.2547134095465396,0.04583919256082053,0.7009531657285397,0.4968377528884308,0.44705217041817524,0.32632414620295924,0.03732916041279288,0.3912817839892468,1.1927199168508216,0.002676376283590187,0.0026673464676468805,0.20954003247814432,0.08297054585307334,0.039100037896060647,0.002420124384607647,0.9972499404389196,0.32631586862977036,0.32631586862977036,0.039100037896060647,0.32631586862977036,0.039104735580490324,0.20963721908576036,0.39134759835104915,0.438494380953005,0.06638948825027147,0.3039479446146923,0.3263286580861374,0.0026673464676468805,0.9972499404389196,0.002694295861303375,0.21369435101983614,0.9972569461883022,0.9972788604712655,0.20954748587572242,0.03953898480644713,0.6261956844650758,0.327750723879619,0.0026673464676468805,0.039100037896060647,0.008887705186654826,0.38756844188911305,0.0026673464676468805,0.3263286580861374,0.5838156859548476,0.3853385563010088,0.9972499404389196,0.04519191455579635,0.9972569461883022,0.0026772454829160353,0.43941750562918946,0.997228027253115,0.0026673464676468805,0.0026673464676468805,0.0026673464676468805,0.39469497835756406,0.3768071145457939,0.32632414620295924,0.32631586862977036,0.0036262277802621146,0.0026673464676468805,0.002863504527572336,0.0074910662715952925,0.20955088679743047,0.38758272105025027,0.014322981619545816,0.32631586862977036,0.0026772454829160353,0.43941750562918946,0.0026673464676468805,0.3263286580861374,0.32632414620295924,0.32631586862977036,0.07447360195399594,0.3263286580861374,0.9972593386406181,0.0026673464676468805,0.32677307929542454,0.32632414620295924,0.060782267323530925,0.0026673464676468805,0.32776654350321266,0.3263286580861374,0.0026673464676468805,0.38758272105025027,0.32631586862977036,0.0026673464676468805,0.9972569461883022,0.49640958129089074,0.4398161105692471,0.0026673464676468805,0.49639533738106867,0.0026673464676468805,0.0026673464676468805,0.011053202795134331,0.3263286580861374,1.0025641772758866,0.6261956844650758,0.0026772454829160353,0.39134759835104915,0.3277537339505711,0.0026673464676468805,0.32632414620295924,0.012572110021215388,0.9972569461883022,0.3372759980583141,0.9972638263361054,0.008129967967986096,0.38628349693616776,0.3263286580861374,0.3263286580861374,0.2859587962059557,0.32631586862977036,0.997228027253115,0.26686164621094294,0.4036322814369558,0.0028369598244855077,0.7115931588654797,0.0026673464676468805,0.32632414620295924,0.002813666075578758,0.0026673464676468805,0.33233532291073764,0.32633693576925227,0.015047465448793873,0.0038981483017377916,0.997228027253115,0.9972569461883022,0.9972569461883022,0.35839163353094633,0.003089432464334352,0.0026673464676468805,0.0026772454829160353,0.32633693576925227,0.9972569461883022,0.41586675307334964,0.04192137473051821,0.0026673464676468805,0.0026673464676468805,0.5825756209752043,0.0026673464676468805,0.02767691066462974,0.32632414620295924,0.997228027253115,0.0026840033601997493,0.002692970831540631,0.016207380270872984,0.011006834990047343,0.3263286580861374,0.002673189816039867,0.3263286580861374,0.9972569461883022,0.32632414620295924,0.0026673464676468805,0.0026673464676468805,0.3406822517408782,0.0026673464676468805,0.003014479129613057,0.3263286580861374,0.43805691083329834,0.3263286580861374,0.0026673464676468805,0.0026772454829160353,0.019241796962017166,0.4340006224176975,0.32631586862977036,0.035788877671124486,0.997228027253115,0.4499231421235999,0.32632414620295924,0.012172216264042024,0.3896110033471794,0.9972569461883022,0.3263286580861374,1.0071633490691745,0.0029219451219922865,0.3263286580861374,0.0026673464676468805,0.32633693576925227,1.0049378968945404,0.34261537829302613,0.0026673464676468805,0.00274063060498575,0.0026673464676468805,0.32631586862977036,0.045184563812638245,1.00010139561553,0.002667856734488161,0.33728027000126226,0.0026382849065190173,0.2664078490763626,0.997228027253115,0.4960152791188898,0.0026673464676468805,0.32631586862977036,1.0760008202562745,0.717157173405859,0.0026673464676468805,1.0080250997094315,0.035478740878024995,0.20954003247814432,0.4394287212306508,0.3268410357891421,0.0026772454829160353,0.0038981483017377916,0.9983271298082026,0.045184563812638245,0.3263286580861374,0.22902164497887748,0.002673189816039867,0.7130977538346501,0.3263299379472485,0.23680963126820206,0.0026772454829160353,0.0026772454829160353,0.22023945903354078,0.6261956844650758,0.3263286580861374,0.3263286580861374,0.21367049627621476,0.0026673464676468805,1.0528111499505695,0.997228027253115,0.9972569461883022,0.32632414620295924,0.32718865593457,0.5021423663194878,0.0026772454829160353,0.33078958960898386,0.002845636830921705,0.2095518828124959,0.002673189816039867,0.3263286580861374,0.5024585487470795,0.3263286580861374,0.039129298896687426,0.3263286580861374,0.7007083430026422,0.32616637929297554,0.0026673464676468805,0.3263286580861374,0.997868580036343,0.2144504877821268,0.002667856734488161,0.002667856734488161,0.32631586862977036,0.997256275538813,0.40371555414130267,0.7006898018429221,0.3263286580861374,0.9972569461883022,0.20955778110998616,0.20955778110998616,0.0026673464676468805,0.010419656666524502,0.002673189816039867,0.0026673464676468805,0.3263286580861374,0.0026745933015764334,1.0025641772758866,0.8219526635642879,0.3263286580861374,0.4963819012595148,0.2662237443151055,0.38756844188911305,0.3263286580861374,0.38757690011704643,0.4142478072861956,0.0026772454829160353,1.0448567996203368,0.3263299379472485,0.004682691278647788,0.3306170471193167,0.3264154271190781,0.7007083430026422,0.32631586862977036,0.21367507679288295,0.32631586862977036,0.32631586862977036,0.0026673464676468805,0.002420124384607647,0.3875911793943702,0.5834297606338266,0.002673189816039867,0.3263286580861374,0.20954003247814432,0.009459110323035314,0.49639533738106867,0.0026673464676468805,0.3263286580861374,0.38936756883655776,0.0026673464676468805
chr15:77420104:77420105:NM_024776:PEAK1,0.07011130927039594,0.32071245227612777,0.04252249268638386,0.003572594174402921,0.003960633913755063,0.32117419687644494,0.028424562490512895,0.19132528502723195,0.32109623341470384,0.028833396112816656,0.19734575711617547,0.2965523623104803,0.22790069517506822,0.23776746783399272,0.251586177769466,0.23629578617948743,0.765461437366582,0.40333532175971626,0.0692623592017077,0.003441084721275134,0.01197677247068113,0.25000070774620653,0.20932275540449363,0.24938753337109368,0.7594498347006274,0.003441084721275134,0.7594498347006274,0.20880853604312666,0.003441084721275134,0.36287641911335855,0.004635656475379835,0.35476673214214277,0.20935036692818082,0.29548016020566215,0.25517112005015136,0.14861095169772093,0.0035286979360301673,0.7594498347006274,0.0201973178008798,0.009117107717873052,0.3973342214979635,0.3973342214979635,0.23317695753858286,0.04269535415986653,0.394248756389419,0.09229322694467207,0.003441084721275134,0.042657651931558405,0.037171070613423285,0.0034725164084251636,0.008878989369287271,0.7607123048674548,0.27559841181016886,0.0035286979360301673,0.7594498347006274,0.04252249268638386,0.4051443486976851,0.25167257305747925,0.003726966830611411,0.7594498347006274,0.008801892577030346,0.0040921995303441205,0.0036719775270667165,0.29731595359474894,0.04857800002142654,0.25175744823887214,0.251586177769466,0.28618241045927784,0.004282063629088506,0.16624178443138515,0.0343565989733472,0.0035286979360301673,0.2515882190816584,0.003441084721275134,0.004092210435070687,-0.005241438837376877,0.003726966830611411,0.00347515093041878,0.0035941833437787563,0.7602772136533098,0.251586177769466,0.19265044559000521,0.37511310960024635,1.2556102112595937,0.011548635562519172,0.251586177769466,0.003441084721275134,0.43773952622843315,0.003441084721275134,0.25197445945761743,0.073777096687423,0.008635280819397018,0.003474358592220117,0.003441084721275134,0.004514811107405758,0.3751135213327593,0.008529883989283449,0.3852984266178726,0.003551472396070454,0.0038928648626827544,0.003463858509501483,0.008176403802490517,0.0037286072113859037,0.003443732397629129,0.7594569700006986,0.13216118293713403,0.003474790372305636,0.28927368314983043,0.25197445945761743,0.003441084721275134,0.0801379348504484,0.009566964493474883,0.2965002407757322,0.7594498347006274,0.25179387643100526,0.003445748309458818,0.41011069384672516,0.2965002407757322,0.29670651750272575,0.045692218832610765,0.09009943902481976,0.251586177769466,0.028792317704733728,0.251586177769466,0.00839922245313679,0.13167983941575573,0.003441084721275134,0.7594498347006274,0.18600362467308978,0.003441084721275134,0.2563390650919327,0.2965002407757322,0.10655771297916516,0.005048823115906431,0.2965002407757322,0.2967647799040553,0.2967647799040553,1.2263986493763908,0.09083109777490017,0.251586177769466,0.32228714277098236,0.2966694794155439,0.25179387643100526,0.06313921770506514,0.02076989792944517,0.00851806785349185,0.2965002407757322,0.4100686873328175,0.003441084721275134,0.03516512819513079,0.7597879625744062,0.251586177769466,0.06886100545092688,0.00773674839371602,0.04075829900527711,0.003724573581079804,0.09009943902481976,0.04429236563469369,0.7607123048674548,0.251586177769466,0.251586177769466,0.09026357623045828,0.003441084721275134,0.003441084721275134,0.003441084721275134,0.003441084721275134,0.814668920860441,0.036516702945899815,1.229458351461917,0.047184554800150436,0.029037060678746618,0.08367773301014603,0.15001135052640896,0.251586177769466,0.3106676963495639,0.251586177769466,0.054596686054597665,0.251586177769466,0.005506862188881578,0.37512490845326923,0.003766044268335933,0.2965002407757322,1.2306171388998135,0.2966694794155439,0.29693407960802076,0.0035286979360301673,1.2296042616489173,0.25214592626335686,0.011539004636919703,0.003441084721275134,0.007794156513200978,0.251586177769466,0.2965002407757322,0.003441084721275134,0.7596964694189418,0.011568411471415851,0.2965002407757322,0.0039873773510570865,0.06886100545092688,0.2516185595714926,0.019438310626206545,0.0035286979360301673,0.003474358592220117,0.2970044038985651,0.003617774642583338,0.251586177769466,0.37466214854318214,0.1346449577322385,0.003558152578654439,0.20874948310237545,0.007778504588107749,0.004213317256543669,0.005195351256979008,0.2976105708914345,0.0035286979360301673,0.251586177769466,0.012200352648029655,0.04429236563469369,0.2896045750745465,0.7594755627068283,0.14052594001996827,0.003441084721275134,0.028424562490512895,0.4994685551375778,0.14235924706708214,0.2965002407757322,0.00396062276394149,0.003617774642583338,0.042520583891861585,0.3048954144329594,0.251586177769466,0.2965141573213709,0.7594498347006274,0.2571170167390944,0.0797256648666006,0.3628555765310633,0.32322155276248454,0.16106928410612387,0.07495664868812596,0.7594498347006274,0.7594498347006274,0.3973342214979635,0.3973342214979635,0.009437920870049021,0.3749287232049112,0.29670651750272575,0.397233213490442,0.0035286979360301673,0.3973342214979635,0.40539675749372783,0.09185383240736705,0.30054362735899764,0.011412103280169672,0.251586177769466,0.30172740178814067,0.30485840704926664,0.0035286979360301673,0.3973342214979635,0.37520649534469674,0.003441084721275134,0.003441084721275134,0.00430276529005319,0.04243401406266217,0.251586177769466,0.003441084721275134,0.0497325504395672,0.39769808670216006,0.7594538551203651,0.3726241898874648,0.25658114327781495,0.07193884276914797,0.29828870962697923,0.0035286979360301673,0.3976346454082978,0.0037297447477500634,0.14074623806515613,0.003441084721275134,0.0036608212631263903,0.2965002407757322,0.02832145786863438,0.26049568666165385,0.29295347063783284,0.2976105708914345,0.251586177769466,0.003617774642583338,0.003441084721275134,0.008014558342620326,0.003441084721275134,0.033965037461551884,0.2965002407757322,0.09832020918373807,0.25168193800006844,0.09009943902481976,0.0066455168491573735,0.1390822412027839,0.07190824175267763,0.0035779618601420315,0.3973342214979635,0.003441084721275134,0.003441084721275134
chr15:78077652:78077653:NM_144572:TBC1D2B,0.13709269993121742,0.14389107197096992,0.05046409754727388,0.459493456070202,0.04874053906043274,0.22130524633390217,9.771748234393973e-05,-0.19279389062625352,0.08908137363112711,0.0432371942380414,0.10095632279342415,0.21418930254631952,0.6783530755605143,-0.05127829658541144,0.3402941137691335,-0.042580139890413066,0.5807405208943941,0.26470543736265695,-0.01852750651715468,0.04872078687403231,0.011569703635513906,-0.007946280588161603,0.07670582422127697,-0.01581899268449094,0.33911229308299456,-0.0002652453804171673,0.34028577910589297,0.04867044195101128,-0.0002205589835204691,0.0011945537089342317,0.15770684910060542,0.5792450822323142,0.12885054986654282,0.40008115966172275,-0.007867677083479158,-0.22213167238623974,-0.0002205589835204691,0.34028577910589297,0.0672505233983528,0.012178831131733348,0.34028577910589297,0.3404991278434854,0.10218161432071488,-0.06727936463093681,0.010633912214071284,0.5499958053683072,-0.0002205589835204691,0.04874884090231785,0.10801310014884458,0.001802423568962902,0.044568874055533364,0.34028577910589297,0.10097723788567725,-0.0002221538171698345,0.33999238353215433,0.04872078687403231,0.45119710945512337,0.34028577910589297,-0.07350985431704943,0.34032574042713587,-0.04589126640164373,0.03311759794948521,0.046742793747040684,-0.10581467177890608,0.04294319152861775,0.3403322221911986,0.00023678915468089423,0.29219764908823415,0.046263756784900884,0.08649000967912834,0.08816573458950461,0.024371510070084534,0.34028867974794597,0.1051283451877702,0.0014731663981507603,0.3125881351361083,-0.07350985431704943,-0.018234799340765717,0.12754830781823323,0.33911229308299456,0.34028577910589297,0.03908370074779299,0.34135814597997893,0.34282415645939746,-0.01861110539663008,0.3402857969050834,0.33911229308299456,0.5587740568406895,-0.0002652453804171673,0.12846706781708322,-0.00023498634389057527,-0.018610187800505718,0.00013448494816947765,0.33911229308299456,0.00576629779709506,0.0037288939142434696,0.04952441301903704,-0.017792544667449395,-0.00027215427439664097,0.014309943641603984,-0.0002221538171698345,0.11012137968284264,0.04507879580427859,0.0005308492832085121,0.3714265668749881,0.0066251170870449405,0.013629899212643515,0.3118954369010746,0.5337214100919089,-0.0002221538171698345,0.00181105480700397,0.05079772233383911,0.34028577910589297,0.38262342898183754,0.4491943265034092,0.0004819790645778088,-0.06066977689873651,0.34028577910589297,0.3394979695301701,-0.21979265435266754,0.34036706340212947,0.3402941315762772,0.08537170215663303,0.34028577910589297,0.15188363989394604,0.0018153004325868194,-0.0002652453804171673,0.34028577910589297,0.0377219083373031,-0.0002205589835204691,0.11349518675773251,0.33911229308299456,0.11384301299719043,0.08017059475753074,0.5438808726164299,0.0008724516024972706,0.0008724516024972706,0.0953655643069794,0.12355919424137746,0.34028577910589297,0.38135912550035167,-0.018279827949287508,0.005210471448004406,0.17567968192385558,0.10662863915098553,-0.0002652453804171673,-0.0002205589835204691,0.3394997740201867,-0.0002652453804171673,0.20165190623653828,0.33908110426295573,0.34028577910589297,-0.04007265875109639,0.0011546481340110049,0.01913597936619782,0.018068876348410423,0.5398926558147071,-0.0002652453804171673,0.34028577910589297,0.38413752089952335,0.34028577910589297,0.37472810326711964,-0.0002221538171698345,-0.00018868158005741487,-0.0002652453804171673,0.00023687322192067484,1.0885312645664866,-0.06483155455214965,0.3403235016393854,0.36659977283853884,0.11870411302829839,0.06903774606004387,0.17572872991497168,0.34028577910589297,0.04665375682570361,0.34028577910589297,0.1312596281811017,0.33911229308299456,0.07591348759067473,0.5013677929982848,0.0001322775793645703,0.3403235016393854,0.5453458356980624,-0.045283714774848216,-0.018389149477747335,-0.0002668409387928117,-0.00012900627497830497,0.08070505097369812,0.5486001296386709,-0.0002205589835204691,0.06345641021704929,0.33949858218394574,0.3383290837029728,-0.0002205589835204691,0.34028928691172566,0.10006734585944893,0.001396161370829735,0.026845678827744357,-0.01568594794626471,0.308575096119695,0.38174307299920207,-0.0002221538171698345,-0.0002583591778884675,-0.0023808278433055663,-0.001190701145011075,0.34028577910589297,0.3785995529516462,0.13151746792891383,3.938120594770833e-05,0.14164926527888222,0.10318943872628006,0.06149918665554635,0.08093688291416368,0.3660180612199211,-0.0002221538171698345,0.34028577910589297,0.05087620748422922,-0.0002652453804171673,0.6723750041083278,0.45169274946859805,0.1284498604178297,-0.0002108982139616966,0.035395655050082464,0.04912529920637643,0.00991199201417281,0.3394979695301701,-0.0002652453804171673,0.05079629756552495,-0.01861110539663008,0.4864780875285471,0.33911229308299456,-0.00011620044116750217,0.34028577910589297,0.45364986207046154,0.008730320689270266,0.050413684837418926,0.5421119388106646,-1.0102212958218448e-05,0.08669858805455977,0.34028577910589297,0.34112430328685406,0.42730564852617303,0.34028577910589297,0.06729736823199917,0.0001769700758232351,0.33911229308299456,0.45384908115610223,-0.0002221538171698345,0.34028577910589297,0.39877724524580443,0.10125160518929549,0.36659977283853884,-0.00023991475864115763,0.34028577910589297,0.04301996843779993,0.48385367330431434,0.0005326155492670903,0.34028577910589297,0.07347299708514365,-0.0001898122450175177,-0.0001898122450175177,0.053438082961411504,0.0303623236975073,0.3392501803611629,-0.0002652453804171673,0.024684193217372308,0.08104159930632465,0.3684337974078118,0.45843428065714187,0.36626888572859184,0.049592488112027266,0.0689314908450257,-0.07040223662703299,0.3403235016393854,0.310262776043054,0.04399420318684277,-0.0002221538171698345,-0.09256128845508532,0.41362986277087427,0.0007919804243553541,0.20640567975407087,-0.07105976408847772,0.3660165947673929,-0.0001608877734998737,0.0013355351630787715,-0.018546196770890755,0.07831704080073748,-0.0002221538171698345,-0.09023130808158436,0.6119211579221165,0.11028337152346812,0.037863704383614416,0.3402295953028302,0.0005166883949646595,0.14369465618988064,0.17452591916417165,0.09802660414588982,0.34028577910589297,0.0043887141912942185,0.08237304308508536
chr15:81324183:81324184:NM_181900:STARD5,0.46903691728901087,0.5304302776659761,0.04767730992887792,-0.0013685133183187481,0.15733884966299455,0.4688209615848379,0.04773178187536321,0.4483892370762848,0.447717628586028,0.21422832456718438,0.15733884966299455,0.0018292350113739975,0.15772051362844314,0.531358160333677,-0.0013630412484043064,0.4483892370762848,0.3189658425315038,0.46976589811261094,0.4483753221354808,0.04767730992887792,0.19927140498267165,0.4709526962923093,0.3285168070949221,0.047585963737707446,0.1113486802726244,0.04767730992887792,-0.0013630412484043064,0.4692368413321682,0.04767730992887792,0.30297437505179525,0.2012214903317569,0.8565128539567521,0.04767730992887792,0.4477218181429228,0.4824520524834981,0.7362864031142641,0.062433189951351345,0.3189495004277423,-0.0012913436333537864,-0.0008791878345536241,0.3189495004277423,0.4236412270697587,0.05757392292527032,-0.0011134685873408767,0.17402427177627597,0.10997462760612958,0.04767730992887792,0.17354723425535137,-0.001757036437670445,0.44847940579753515,0.050930408791982226,0.3189495004277423,0.15733884966299455,0.062433189951351345,0.3240856448273772,0.04767730992887792,0.3775357475396293,0.3189495004277423,0.1884909374090203,0.3189495004277423,0.048005893457732166,0.15739992006875042,-0.0008314027738769159,0.5068246649790993,0.5317487354530523,0.1113486802726244,-0.0013630412484043064,0.44847447607930513,0.0478177171605073,-0.0012447396075213613,-0.0013630412484043064,0.06242634139994953,0.3189495004277423,-0.0013630412484043064,0.4231771336322968,0.4530728996017429,0.1884909374090203,0.04798801173333213,0.09589111893655154,0.31895115195743234,-0.0013630412484043064,-0.0016769721827077644,0.3224041191727386,0.32238552874119286,-0.0012447396075213613,0.31895022421313873,-0.0013630412484043064,0.2787452552096996,0.04767730992887792,0.4350309885728085,-0.0012913436333537864,-0.0012913436333537864,0.3189495004277423,0.3189495004277423,0.04822121552945895,0.3189495004277423,0.33408443642208985,0.9612067160789997,0.011620551778628974,-0.0009214142865413,0.04767730992887792,-0.0012447396075213613,0.39527090365530104,0.3189658425315038,0.34352588252442867,0.1750187312595335,0.3556234888723849,0.8565376829500351,0.42438136807593707,0.04767730992887792,0.04773178187536321,0.04778176518550231,0.3189495004277423,0.3375145929405631,0.33769667456695757,0.10421734011798083,0.8198522011494427,0.3189495004277423,0.3189407798942139,0.4306919811823974,-0.0013630412484043064,-0.0013625337925221026,0.27731358550736207,0.3189495004277423,-0.0012447396075213613,0.1740971076144191,0.05655120533931628,0.6514322433680124,0.21853325480047425,0.04767730992887792,0.0962867296667512,0.3189495004277423,0.05103674046165248,-0.0013630412484043064,0.3189495004277423,0.3613389228378863,0.3613389228378863,0.3386053132087876,0.01903997743771013,0.3189495004277423,0.08820060217087265,0.32225127669028764,0.32406803685264385,0.007502735357655166,-0.0012447396075213613,0.09589111893655154,0.062433189951351345,0.4463197984393124,0.15727595768314473,0.27257923546802637,0.3189495004277423,0.3189495004277423,0.15733884966299455,0.10723375197800854,0.05091885118627648,0.07135611082053363,0.005954822173572127,0.03447741293461337,0.3189495004277423,-0.0013630412484043064,0.3189495004277423,0.10659238147694554,0.062433189951351345,0.3189407234481916,0.062433189951351345,-0.0011627245241697948,0.6646123310415522,0.5310732406331569,0.3189407234481916,-0.0013630412484043064,0.4484726302626582,0.10273730976387244,-0.007216474142768964,0.3189495004277423,0.21974685725457788,0.3189495004277423,0.007016317946367756,0.3189495004277423,0.04983864362209642,0.354640981233046,0.3191898969150242,0.3189495004277423,0.44145803030035224,0.047375443341453966,0.44809333082352726,0.04767730992887792,0.3189745721430183,0.3416103924175891,0.03734858298898133,0.062433189951351345,0.1996020508533245,-0.0013630412484043064,-0.0013630412484043064,0.062433189951351345,0.3289091574765455,-0.0012447396075213613,0.3224041191727386,0.008583935925029679,0.05204642470391363,0.31901327964507015,0.5106281012677698,0.062433189951351345,0.000602084162228067,0.18855328162749027,0.118994775644513,0.3189495004277423,0.38084678058297633,0.06776008560306339,-0.0013630412484043064,0.44880253628882033,0.1269158673871058,0.048297518833054165,0.006947155535221655,0.4236258364856665,0.1735493841902482,-0.001359206834611354,0.047881917937329904,0.03447741293461337,0.34125131372961415,0.3209024325575611,0.12379201408126804,0.06182636972090809,0.15733884966299455,0.4483753221354808,0.19015518006010007,-0.0013630412484043064,-0.0013630412484043064,0.118994775644513,0.28495327500635786,0.33935033959849314,0.3189495004277423,-0.0013630412484043064,-0.0013225275715154916,0.10284782407452066,0.0023320431043849232,-0.0013630412484043064,0.43317053992394067,0.04768460939458739,-0.0010177100351076163,0.3189495004277423,0.3189495004277423,0.31930860982260245,-0.0013630412484043064,-0.0012351271178660805,-0.0013630412484043064,0.3189434729305115,0.3655165531371177,0.062433189951351345,-0.0013630412484043064,0.37369662420209565,0.007822841313534584,0.1113486802726244,-0.0013630412484043064,-0.0013469910272407015,0.32237649291584003,0.3336808089800096,0.15658590396257016,-0.0013630412484043064,0.34069881384492906,0.3189495004277423,0.3189495004277423,-0.0009507822904381014,0.44839817736197873,0.3189495004277423,0.04767730992887792,0.03444738710609968,0.3288542529149205,0.341341158621733,0.3745421968238182,0.3189495004277423,0.05317542347144394,0.0624442672730421,0.1735493841902482,0.3189658425315038,0.04851312328150473,-0.007709389093928404,0.062433189951351345,0.5521715966051317,0.32072260617994375,0.199225201925192,0.017461892638335974,0.42360155292802415,0.4236258364856665,-0.0013630412484043064,0.12017357215541394,0.062433189951351345,0.3189495004277423,0.04767730992887792,0.15804071902734051,0.004684614778932811,0.04773178187536321,0.14891391307536078,-0.0013630412484043064,0.04767730992887792,0.001644751824749352,0.005397947820888177,0.047824888768817075,-0.0013630412484043064,-0.0013630412484043064,-0.0013630412484043064
chr15:88912762:88912763:NM_001310321:MFGE8,0.10397059328178582,0.176067137218224,0.0730801417739105,0.28525391708588416,0.3156593663680124,0.15852692021446466,0.03997222935210004,0.06190755802363457,0.13162931933670857,0.10379659140768929,0.009129464944141352,0.2836227646644446,0.12056272278529118,0.14411695362378826,0.2896315261412908,0.0619402843628975,0.2782345821800433,0.13621422521549287,0.026802185844162496,0.06174713570773821,0.04546549877945444,0.10239410629120166,0.061922541528715014,0.042655190955988465,0.2301665726683919,0.0267777746951246,0.02129658106770338,0.061922541528715014,0.06174713570773821,0.43380043576098337,0.43771384896912524,0.6164779130316878,0.23782747942519725,-0.05450476506120708,0.09890758466911992,0.34030782570969265,0.061945593532517496,0.005500022310610475,0.0057317028661486025,0.2803211943574576,0.27003090032571303,0.9465516772762557,0.008947422657810844,0.06174713570773821,0.18030693693790775,0.021817614699789878,0.06177018299616688,0.061922541528715014,0.00550356604807084,0.21884079354294908,-0.08484887492185966,0.005500022310610475,0.009129464944141352,-0.04697544866721476,0.8057155262750908,0.09876029884157503,0.34027948098513,0.2999565021840377,-0.0793007062859209,0.8116385743627483,-0.08485816067567278,-0.08467949326087618,0.012505244206075461,0.09734447697654833,0.4225343325581864,0.005500022310610475,0.005500022310610475,0.09675915565153814,0.01003007698274333,0.006213342548420042,0.005502663334782554,0.06174713570773821,0.2999762320702151,0.07908211668983173,0.3156593663680124,0.002734949086965255,-0.07929712283594625,0.372175615800889,0.009304178117457429,0.2301665726683919,0.27003090032571303,0.005500022310610475,0.2923051742022923,0.7900125806813179,0.005577735123981464,0.29009800566474186,0.27003090032571303,0.0301405382067107,0.005520592961319848,0.7569975784250366,0.2766601095017729,0.005577735123981464,0.005500028423914227,0.27003090032571303,0.010035986028000654,0.28965866953994335,0.64052244153876,0.5679896908580498,0.005500022310610475,0.27003090032571303,-0.08465729917237563,0.016415226666073868,0.2149537041479611,0.06194754986175599,0.7997915472870412,0.4939115993374754,0.04363094346902163,0.41002809151374664,0.27003090032571303,0.061945593532517496,0.026833630738527126,0.05063826244384356,0.005500022310610475,0.27058244591673936,0.005492120278265733,0.005500022310610475,0.4396666446004662,0.7569975784250366,0.30399437206884306,0.005515062415348659,0.005500022310610475,0.28990426072070186,0.1178049246227483,0.27003090032571303,0.016415226666073868,0.4938104026103285,0.005500022310610475,0.2896315261412908,-0.021170443803553485,0.06174713570773821,0.02507578104315944,0.27003090032571303,-0.016147245227181445,0.005500022310610475,0.2771969708740071,0.23984667583624256,0.23984667583624256,0.2705762813625525,0.3491796368670263,0.2896232843075141,0.34332184168425683,0.3083559572595021,0.1114673782283816,0.008559949667702405,0.005577735123981464,0.061922541528715014,0.005500022310610475,0.5580061710657563,0.06174713570773821,0.5250229149780791,0.005500022310610475,0.27003090032571303,0.026807985245371757,0.005548083584120123,0.20818373636898507,0.005597961422248832,0.4944063639840603,0.0056219403563573245,0.2301665726683919,0.2440218471531814,0.27003090032571303,0.04363094346902163,0.061967082061383405,0.36177134903502406,0.06177018299616688,0.009676069775104545,0.2986860256347398,0.42667383594197755,0.27388353679144417,0.2301665726683919,0.34048046981011104,0.07207062809555764,0.008559949667702405,0.27003090032571303,0.023007649712840916,0.2896315261412908,0.009330882204170166,0.27003090032571303,0.008731598699855236,0.0055408324080412075,0.2736848107372366,0.27003090032571303,0.6394422790184587,0.06177230271971185,0.3112457034512499,-0.04695727228958063,0.2700420939985137,0.005499904097488628,0.060737144170853796,0.06177018299616688,0.05248083595089742,0.005500022310610475,0.27003090032571303,0.005520592961319848,0.27057523801047695,0.015765159720142363,0.27003090032571303,0.19037380781841473,0.7244478927496132,0.5450541863922098,0.010178597856938004,-0.08481836129843287,0.008734758770236328,-0.07936855955317385,0.360200726475893,0.27003090032571303,0.005434414123672904,0.14133737264109625,0.006197064610085623,0.3309960011440652,0.019525820999438115,0.24051620899658765,0.005500022310610475,0.2801572410491496,-0.08463968352527207,0.005707698363395131,0.05131176881388666,0.0056219403563573245,0.37371522947585367,0.36170159694585335,0.28023049765088015,0.06543017716567207,0.061922541528715014,0.4772759094618923,0.4938104026103285,0.005500022310610475,0.06174713570773821,0.2877748346338109,0.09323736769617769,0.333114315397099,0.005500022310610475,0.005500022310610475,0.27003090032571303,0.2001310276205155,0.00550125213765168,0.061922541528715014,0.3043236415927185,0.005500022310610475,0.005500022310610475,0.7989331568544212,0.2927751125583661,0.27003090032571303,0.27003090032571303,0.015765159720142363,0.009310083489442733,0.2896315261412908,0.005500112104779797,0.06177018299616688,0.005500022310610475,0.401610729639327,0.01338741143245109,0.24891893125204986,0.005526516719147667,0.2896315261412908,0.13687487832870035,0.332633264862366,0.06844908076591177,0.005500022310610475,0.3535093143586062,0.00873477274770218,0.00873477274770218,0.08061944360395906,0.01745376855358305,0.27003090032571303,0.06177018299616688,0.5121814242295031,0.005500022310610475,0.4044147990647322,0.5157787667233942,0.2655677817583187,0.2717897561709781,0.10400333450354043,-0.08485816067567278,0.27385415499166593,0.005548083584120123,0.008511057102669639,0.06177018299616688,0.00904460691877318,0.340306582886693,-0.0015250296781584294,0.017803492033068136,0.1386791821808955,0.2801572410491496,0.005500022310610475,0.27463894649905696,0.11168515536236795,0.00548287181132967,0.06177018299616688,0.25607524421084193,0.005523362209804261,0.7923236292920807,0.4002930932143891,0.005500022310610475,0.1864931435421311,0.23054528144955191,0.2700377866412033,0.005523362209804261,0.005500022310610475,0.2843665097213623,0.005500609066457385
chr15:98648538:98648539:NM_000875:IGF1R,0.034996384820687065,0.35721690349416174,0.028566237484191848,0.09490638679167546,-0.0017381855443815986,0.1706443801147684,0.02538804061217126,-0.00476381321755881,0.2678361300068807,0.031908781173077716,0.2291034100872763,0.26979838393449906,0.042758628407682575,0.034996384820687065,0.13101074612983798,-0.004875654521823758,0.17683354656875566,0.42600880159466104,0.05630569432704252,-0.00476381321755881,0.1316224368012172,0.05857396845703555,0.05714601243415679,-0.0017195013244384327,-0.004875654521823758,-0.00476381321755881,-0.02287697728419269,0.05726518382526252,-0.00476381321755881,0.00486522328238459,0.03500938528415681,-0.012394069139984837,0.18420964079549096,0.16344367321669068,0.08955470464727533,-0.005349932315178885,-0.00476381321755881,0.09492512026912975,-0.00476381321755881,0.13753462761920615,0.13101074612983798,-0.022919057055939746,0.035003914408129444,0.06445521274920663,0.0915920775505688,0.13911339161018804,-0.00476381321755881,-0.0012785949935303909,0.13726316014321271,-0.004744903378309018,0.02542604538283111,0.13099037418803422,0.23284562444865375,-0.0047807916487895286,0.33411292085287836,-0.0017588462302967067,0.27537961971138636,-0.11485965635610706,0.31836338484512133,-0.02246608629110025,-0.004836390828137194,-0.00476381321755881,0.10222944430589692,0.11293552802106,0.07675365178437416,0.18126898267716407,0.09490638679167546,0.06949140016078614,0.09539868779834271,0.03727133132765231,0.0006601711884268724,0.05344572411260057,0.008578548913830253,-0.0018540902276576454,-0.004744903378309018,0.03036982752609113,0.31836338484512133,0.02043795484992622,0.2309662014467836,-0.004875654521823758,-0.02287697728419269,0.06667608042099205,0.13113995868553846,0.15286396722285295,-0.00476381321755881,-0.1148606812695473,0.09492512026912975,0.13973593286602154,-0.00476381321755881,0.15537760632673048,-0.00476381321755881,-0.004875654521823758,0.05711537628303942,-0.004875654521823758,0.09537995245079078,0.3442964292315202,0.007080794226341058,-0.09931774413158878,0.001392021742112337,0.008109457355588878,0.0015045276440023292,0.10558641222463205,0.06431934990610261,0.17801229607259977,0.17952381184764588,0.09274310065283642,0.008609022544816158,-0.11474699563988411,0.34321219500151273,-0.00476381321755881,-0.0047807916487895286,-0.004836561878590828,-0.00476381321755881,-0.005543397585815346,0.18126898267716407,0.07108585775528742,-0.05824726423394222,-0.005511259924341483,0.13101074612983798,0.09744372659751138,-0.004875654521823758,0.03279602430385467,0.03494909676431862,-0.004875654521823758,0.03727133132765231,0.2435189097237872,-0.00476381321755881,-0.11489048234706434,0.1649215764818715,-0.00476381321755881,0.14191142970263898,-0.004875654521823758,0.1840716693126911,-0.00476381321755881,-0.022919057055939746,0.34325937594995765,0.34325937594995765,-0.00442900983522776,0.24861403279424776,0.34306276643873945,0.34304233407273604,-0.005528283741946194,0.1853757825598698,0.1372034241204218,0.013194298943079608,-0.0018540902276576454,0.004521361334392127,0.19639181173622605,0.028583242825972133,0.24129082872730317,-0.004483615709854949,0.03267706071432752,-0.004875654521823758,0.06378180895026053,0.029977954050377453,0.008659353476256959,-0.022423963545482956,-0.005623087671713323,0.09492512026912975,0.09492512026912975,0.09504284165624122,0.0045361332207272675,0.13113995868553846,0.09490638679167546,-0.00476381321755881,-0.11489048234706434,0.20279005557343488,0.045784108948523305,-0.022919057055939746,0.03879051714359383,0.0015076276512837605,0.05351482475273772,0.1532129772144874,-0.11485965635610706,0.13844010068009555,0.2440796548491177,0.023057420337098344,0.09492512026912975,0.17797012689353042,0.14485409950854455,0.052925596371076744,0.13099037418803422,0.2549737254205788,0.012755183401360004,-0.0017418706100577608,-0.00476381321755881,-0.0056401104323266504,0.18059859987498583,-0.10232725980198726,-0.00476381321755881,0.012770589615801853,-0.11474699563988411,-0.11474699563988411,-0.00476381321755881,0.28237505252004313,0.013259890137025554,-0.00476381321755881,-0.0047706218705055314,0.14932183726434095,0.0206196681508386,-0.0959664540129978,-0.00476381321755881,0.2781127007057248,0.05706249879715852,0.11729344161850858,-0.02287697728419269,0.03501572911314044,0.1379363428105399,0.13101074612983798,0.050363429559769746,0.1733406389712081,0.1349316707895451,-0.002652940677780935,-0.004835136648771721,-0.00476381321755881,-0.004875654521823758,-0.004466592135779879,-0.005623087671713323,0.25415277940915704,0.22173662462410137,0.012619316438647665,0.046862291965631186,0.0015045276440023292,0.02783502252571124,0.26213285244335477,0.09490638679167546,-0.00476381321755881,0.11072991897247025,0.18087118277814285,0.0642054406643418,-0.004875654521823758,-0.022748209912833467,0.178709053034113,0.20142021163660967,-0.006836732220785735,-0.0017418706100577608,0.45647786107448196,-0.004761648197573465,0.007934624720174366,-0.00489263190234418,0.2520031651600365,0.3439859120252733,-0.022748209912833467,0.02464628971309496,0.1767957191668964,-0.004895488915488411,-0.11456997111724904,-0.00476381321755881,-0.004875654521823758,0.03198056962568269,0.10441795550094968,0.09492512026912975,0.013308113449927605,0.5375781273429099,0.002846480230334958,0.06380583163447492,0.1849856920858376,-0.02287697728419269,-0.012532073132551086,-0.004875654521823758,-0.004875654521823758,0.09861211146145293,0.11767063557972235,-0.004875654521823758,-0.00476381321755881,0.057722400005603636,-0.004875654521823758,0.004329358968135577,0.16937779694834038,0.0950263526252012,0.007220374277757735,-0.0017588462302967067,0.0026707022759909216,0.13099037418803422,0.39105275134792805,0.0814829684671663,-0.00476381321755881,-0.0002724185762377762,0.21601842621569223,0.09429000788832442,0.13911474059752515,0.3423260318243464,0.13108804407038932,-0.004875654521823758,0.11741615249784032,-0.0017418706100577608,0.07389911987125813,-0.00476381321755881,-0.0015410357067617841,0.09596226723842255,-0.004875654521823758,0.004538313425537566,-0.0771266477303289,-0.00476170930201969,0.32391649008202983,-0.10452810762364739,-0.004430842004502167,0.13101074612983798,0.13024989753530802,-0.004563561920781778
chr16:2135898:2135899:NM_001009944:PKD1,0.060974233395185595,0.08167382011083411,0.004268504276330548,0.2509744982985248,0.04292789884679288,0.09863198805480218,0.17634005880120146,0.00047300578430564677,0.09849955570497791,0.022229299940014102,0.004004945997194226,0.10033749820656017,0.012866844381631465,0.004222188023902174,0.3790614563076138,0.00047300578430564677,0.2942495495455708,0.09878091818593436,0.0163681989569891,0.004499967171127384,0.0886985061923422,0.00046542066525992465,0.00046542066525992465,0.07871643725176469,0.23738268972617899,0.004499967171127384,0.3120779940364651,0.00046542066525992465,0.004499967171127384,0.0043349901626815734,0.11599474823124296,0.5089441442886389,0.004430649370404605,0.015427750581882754,0.00046542066525992465,0.29330005054818065,0.00046542066525992465,0.005183807195249038,0.01826817941255568,0.0004891102917733148,0.24176652545914012,0.49129571570043856,0.037798284298907636,0.00046408297598130033,0.1996703138493333,0.05006245981736915,0.00046542066525992465,0.00046408297598130033,0.2486862999332615,0.06904845106393713,0.024339700602873132,0.0006404401133642268,0.06235320208843134,0.00046542066525992465,0.14545987531156152,0.00047431474736484014,0.3866220177221874,0.3105198539342631,0.19850103061716784,0.3456441392778935,0.029018144199936174,0.000483275245709458,0.21950521846842982,0.17845345469730522,0.07613864022251621,0.00046542066525992465,0.004793786390689295,0.07042730404443194,0.28718133265273127,0.0004739449400731066,0.23886053304473792,0.00425959562991432,0.07729581490058515,0.035972427532062146,0.1246568221037377,0.1767563994269617,0.19850103061716784,0.013085967360935286,0.11221333139009446,0.23738268972617899,0.31238285722889936,0.00046542066525992465,0.1161502162014216,0.07881884856151476,0.0004739449400731066,0.31202618067459664,0.0005344646571409373,0.21146662458333776,0.00046542066525992465,0.2091865482360101,0.010984998173594357,0.01826817941255568,0.031679714095816686,0.1767982140402975,0.21951516884315883,0.128522756506471,0.11152095547947649,0.3679568078678685,0.00046542066525992465,0.10750552072576286,0.00046542066525992465,0.018259182968008075,0.14434635773670274,0.0319367283075645,0.12408478241991776,0.19782563457699762,0.11324706252811673,0.2377893692350323,0.20895128028746263,0.00046542066525992465,0.01184656441348697,0.023128115515091696,0.21293437058125736,0.17696651971982003,0.0005083685850532926,0.00365623723913458,0.32676869565564304,0.17521595508060683,0.2120542152010893,0.10763120148557759,0.03204149262126246,0.4823854699156104,0.08766176832632541,0.004861495535707708,0.018259182968008075,0.27500614275626256,0.10749990827676215,0.20332037730215186,0.015593211463483775,0.00425959562991432,0.0165997723737131,0.1788761245703241,0.0009159750260035182,0.10750552072576286,0.5893099908481149,0.10777968352375028,0.10777968352375028,0.0006961621184235212,0.25226499335760055,0.028302872635408816,0.5329876624872338,0.17680824274333867,0.00046542066525992465,0.00046542066525992465,0.01826817941255568,0.00046542066525992465,0.00425959562991432,0.08506295781681625,0.00425959562991432,0.000541916279658744,0.0007514120902962218,0.2418877685216998,0.01878372464738995,0.0008464312277846331,0.01930523457101485,0.036258835185818045,0.26179262526909736,0.00046542066525992465,0.000871199408204959,0.17650190862822693,0.004861495535707708,0.1128668629518787,0.00046542066525992465,0.05302409355762294,0.00046542066525992465,0.28511326379098667,0.4530782773428267,0.2632029647989647,0.17866467399510003,0.12937249398754508,0.018578220695042252,0.0006541844740712011,0.00046542066525992465,0.1764682939985278,0.19515005009818231,0.41981816478571404,0.00046542066525992465,0.004934496182262771,0.17636009753557758,0.31651228638508255,0.000589857366974561,0.17515958749118288,0.08371870284308619,0.0005024135797973839,0.1906218813365896,0.00046542066525992465,0.0005074873701145233,0.00046542066525992465,0.17957649368210044,0.00046542066525992465,0.012564289225817926,0.17645508902936902,0.000554028245588839,0.00046542066525992465,0.3398319645063874,0.018259182968008075,0.4401426245012153,0.002477711674946509,0.1711104909307672,0.3353442055487602,-0.005118744236963929,0.00046542066525992465,0.031679714095816686,0.17643237483231483,0.12349584835229313,0.17691335462155416,0.0007514120902962218,0.005555117388325481,0.03239696741900655,0.11198512596547883,0.049326606627774466,0.3285920347124166,0.12029502889368726,0.08193416476050198,0.00046542066525992465,0.30780345095167766,0.0006961621184235212,0.0005206609410865204,0.2719141879477065,0.3853029258467186,0.1627242230367369,0.18120823288004329,0.057239239226985816,0.3008533689012212,0.21163842519914905,0.00046542066525992465,0.0006236425803382017,0.13549786573023526,0.07721754503181981,0.664598873595139,0.00046542066525992465,0.18742018092791277,0.0005206609410865204,0.06341714445577526,0.0004795635289290001,0.00046408297598130033,0.21247195968286428,0.0008517595828717028,0.0004795635289290001,0.3508765087197004,0.4157034545453928,0.23871720758908438,0.06665235735335517,0.11376662529410603,0.07048840866268985,0.211859070480872,0.43032282130878974,0.0006961621184235212,0.005106165381395009,0.44958226574196497,0.0004795635289290001,0.01632692142455021,0.00046542066525992465,0.10973510296551622,0.27175116276174627,0.2886725018243015,0.01847340309936929,0.012428790858642125,0.3684145442354882,0.00046542066525992465,0.00046542066525992465,0.21969254091091545,0.17152047890616215,0.04182649454685361,0.00046542066525992465,0.0007514120902962218,0.30727351909942496,0.41981816478571404,0.23423911113267823,0.1321945781202496,0.11204099606608806,0.07734177916233599,0.17633030197246846,0.212254968676875,0.008967967119855882,0.00046542066525992465,0.00046542066525992465,0.21354391943678613,0.26296442591511227,0.00046542066525992465,0.0782481837446484,0.3955067570768042,0.18538593798558545,-0.017720694904659523,0.13561642988120826,0.00046408297598130033,0.0005851946972733613,0.00046542066525992465,0.07982596976175085,0.012878459142559723,0.18837685577269164,0.004579151492087319,0.17663096560020927,0.18130201307147856,0.1368281710826509,0.10750437950946562,0.28718133265273127,0.06665235735335517,0.024777551438495637,0.00046542066525992465
chr16:21158376:21158377:NM_001301773:TMEM159,0.08813991438745782,0.05998133459192599,0.08822583157552649,0.013902170181293694,0.050812495275791535,0.08014805381096103,0.021402096683381458,0.05117561478261123,0.0599863406430774,0.19654430507983273,0.03584467962284286,0.05525436818314214,0.17978099220129495,0.08813991438745782,0.000492792857003585,0.05008733040022955,0.03619690817810077,0.08567264122766252,0.0729849925108601,0.0345107359391,0.02194356294357528,0.06994791182338392,0.000492792857003585,0.46337428085093046,0.4359585569588036,0.08811175142296733,0.4359585569588036,0.000492792857003585,0.08811175142296733,-0.0008658696370306834,0.06236536561845501,0.5831260450998245,0.0904136780734642,0.05960107405851166,0.06994791182338392,0.9994585991451802,0.0729849925108601,0.9143705615115433,0.000492792857003585,0.009133429559271614,0.4359585569588036,0.4359585569588036,0.11733682031270075,0.000492792857003585,0.19508177959625908,0.42529619276840525,0.03536818546381127,0.000492792857003585,-0.00011088858165507476,0.049988337117865406,0.0005008597886714955,0.000492792857003585,0.03584467962284286,0.0729849925108601,0.9143705615115433,0.0729849925108601,0.4569501588111926,0.9143705615115433,0.20525719811275947,0.4359585569588036,0.000492792857003585,0.000510626896513447,0.0014538563632748441,0.1306662766520032,0.03808519576577674,0.9143705615115433,0.000492792857003585,0.0599863406430774,0.0052774431951005535,0.000510626896513447,0.000492792857003585,0.5479985673844326,0.9143705615115433,0.0005201741225817347,0.07444187661674095,0.13718305698223981,0.22701634730681383,0.095317850977035,0.4359585569588036,0.000492792857003585,0.000492792857003585,0.000492792857003585,0.17531024730819245,0.17835923457162742,0.000492792857003585,0.4430518656388016,0.000492792857003585,0.06993405481087696,0.02132238019729607,0.9144227026214635,0.020560184436168256,0.000492792857003585,0.000492792857003585,0.000492792857003585,0.0014538563632748441,0.1753354204978705,0.0023198365141296334,0.5810884382281911,0.02132238019729607,0.0023062217944686964,0.03545274106829191,0.021368526625412915,0.2659464390532534,0.4359585569588036,0.9206086155819091,0.08843241200230623,0.19740718827797293,1.0958762968615519,0.9167440631192076,0.02132238019729607,0.43611876605596306,0.03580281529973047,0.4359585569588036,0.000492792857003585,0.44981866733421205,0.24658878929403094,0.07491655459515227,0.4359585569588036,0.437956152128609,0.0005645523830172666,0.000492792857003585,0.4411214013015015,0.11116565941960377,0.46337428085093046,0.021368526625412915,0.09873505106287632,0.17531024730819245,0.4359585569588036,0.07545140719769453,0.02132238019729607,0.49733823544825595,0.4359585569588036,0.0100609979524615,0.0022310105656301316,0.4359585569588036,0.9143705615115433,0.9143705615115433,0.4503767203258457,0.4393240285639201,0.000492792857003585,0.4776426703461786,0.021339227324228716,0.9992120464608141,0.000492792857003585,0.000492792857003585,0.02132238019729607,0.02132238019729607,0.08825399196435162,0.000492792857003585,0.19847093350127826,0.000492792857003585,0.4359585569588036,0.07415537748073676,0.000492792857003585,0.1780690699194145,0.19740718827797293,0.4359585569588036,0.0016892034570817754,0.43599442349889617,0.46337428085093046,0.17531024730819245,0.19740718827797293,0.02132238019729607,0.4359585569588036,0.02132238019729607,0.17531024730819245,0.9476993439382779,0.032018132953318124,0.43676566532924105,0.22637279593541568,0.03581361318252234,0.07675148327667647,0.0004884092272506024,0.000492792857003585,0.003092992701702116,0.4359585569588036,0.000492792857003585,0.4359585569588036,0.17570869779264803,0.1836945118597745,0.0005131737675449222,0.4359585569588036,0.519807860378122,0.0729849925108601,0.46337428085093046,0.02132238019729607,0.1974328937476399,0.4359879179352643,0.012803873436762175,0.02132238019729607,0.027599735942987792,0.02132238019729607,0.000492792857003585,0.021402096683381458,0.4380999047645879,0.000492792857003585,0.43611876605596306,0.2055003642926801,0.06973453886872347,0.456985945515053,0.22074433098524962,0.02132238019729607,0.010214575941175336,0.23356077836241573,0.2210404851399722,0.000492792857003585,0.9755063364059577,0.010056250901299787,0.000492792857003585,0.11743986933509784,0.42732437738209766,0.0014547967458330285,0.019348331731210713,0.46354508213221235,0.0729849925108601,0.000492792857003585,0.04381582312492166,0.0016892034570817754,0.028152791143271072,0.4429732745833789,0.14930188875035502,0.03578540692495508,0.02132238019729607,0.0005670601559475824,0.1401079516418346,0.000492792857003585,0.000492792857003585,0.2210404851399722,0.050299538003761836,0.2282998223629069,0.000492792857003585,0.000492792857003585,0.000492792857003585,0.43606970659303707,0.01761467309959891,0.000492792857003585,0.45912127414986614,0.0005055975733728596,0.01760159581008945,0.9143705615115433,0.4359585569588036,0.4359585569588036,0.4359585569588036,0.000492792857003585,0.4359585569588036,0.46337428085093046,0.4359585569588036,0.021402096683381458,0.4359585569588036,0.45697127740856536,0.017863259767711664,0.000492792857003585,0.0005281943174683945,0.000492792857003585,0.000537612341536417,0.048870020342523454,0.06863943075462674,0.4359585569588036,0.9267468172288608,0.021355538404155355,0.021355538404155355,0.0014547967458330285,0.004005862041302252,0.000492792857003585,0.000492792857003585,0.021335698147320406,0.17531024730819245,0.9143705615115433,0.1359065848180592,0.46337428085093046,0.002319847780763981,0.08572861182682232,0.000492792857003585,0.920626865209074,0.4368802641715104,0.0004941805852250319,0.03536818546381127,0.1753635588588842,0.44080754994496124,0.0005369052198252455,0.044610425661499906,0.5483478342273937,0.519997083612318,0.000492792857003585,0.22123552033455596,0.000492792857003585,0.021350316563053973,0.02132238019729607,0.13061042262448666,0.000492792857003585,0.03452852686437954,0.1820089523353767,0.4359585569588036,0.07298346062682493,0.04407980268155365,0.002244534353585431,0.0014538563632748441,0.4359585569588036,0.4359752107249944,0.000492792857003585
chr16:29899264:29899265:NM_201575:SEZ6L2,0.6380674163130696,0.018865059995641427,0.6464935659895895,1.1296936369477824,0.0038993604361004935,0.23378278253248894,-0.006603369005737519,-0.006748620899662973,0.019050838774953574,0.6393234152332795,0.03238971935608595,0.10813368174482667,0.658925410233483,0.6381573709581634,0.05033315924451676,0.003683482071472125,1.130335141838434,0.31455922353488797,0.01432496831323457,-0.005971507467275046,-0.0015091852470628282,0.057740096092741694,-0.0013713256016741025,0.006990916838946128,0.7290984646018359,-0.006619325451171099,0.6301153970219464,0.003813693197332064,-0.006748620899662973,0.0324292288597154,0.018543868443120594,1.0609826447637905,0.6834292232780501,0.0033630412697584523,0.057842701467927235,0.6406413812205054,0.003683482071472125,0.09964337120594788,-0.0007437479207741855,0.003317308350329593,0.7190113957475223,0.7572399257418964,0.017406133365769967,0.08485932814780438,0.6382314272437368,0.16153773076807856,0.0037417827370401432,0.00387201440728506,0.08318179355569255,0.17495031257847118,0.22955616899135386,0.05214112869003938,0.03253729049367162,0.0037417827370401432,0.88962857765963,-0.001429357605384169,0.8053120510195697,0.8405436526220096,0.02270435055092963,0.12887254064626313,0.22955616899135386,0.01306304589405331,0.013039447756394294,0.02725824770537839,0.6540514786854682,0.0522370131595014,-0.0014121817382729586,0.013996276615617722,0.013189380734948245,-0.011383412846344105,0.08305501463704272,-0.006686983098514648,0.8530606443634873,0.7267871906404217,0.7792200249744872,0.7000651399950223,0.02270435055092963,0.0034971853059809176,0.04247070656922572,0.049644513786823496,0.7402413885967943,-0.001429357605384169,0.10879328999256685,1.1140781394076245,0.005241730235530425,0.7483413195917743,0.05724010385165222,0.2252052297471327,0.003683482071472125,0.7275892292521027,0.004438201477906599,-0.0007437479207741855,-0.011453531926830875,-0.010831096936763797,-0.0014686699504383623,0.04255864179249679,0.04129183393592944,1.017054568685037,0.005039715037986031,0.0036741985102946226,0.00373249067581306,-0.01061761690674208,0.00806653825176654,0.7401224283494579,0.15275138331905758,0.09209719370983807,0.0035769105833432548,0.9886573167839449,0.047019957591675064,0.003683482071472125,0.004473137648089386,-8.901873823793233e-06,0.7290611080767797,0.06556941379068797,0.08199426312235364,-0.0013927812900395818,1.0852393022284037,1.0991780329418563,0.6390318448335671,0.01255607459763864,-0.0010551804878354068,0.7185815062928378,0.6410063138656141,0.09863117663236931,-0.011376307254027999,0.20848634413276543,-0.001429357605384169,0.8325433552738846,0.01861406750535098,0.003683482071472125,0.1586867507441524,0.11083224867377937,-0.0012046251775950506,-0.011435678259641313,1.1136994827293576,0.23417278714100775,0.23417278714100775,0.041562911860420125,0.0001689868632425741,0.06571226849123112,0.7273089404373242,0.08508016999145943,0.053413851611383255,-0.001429357605384169,-0.0009251201625940821,-0.001429357605384169,0.003683482071472125,0.6392384298977076,0.003683482071472125,0.34324969752993595,0.6383328684648366,1.0535090930053823,0.6391378941391703,-0.006570483887297158,0.014596044539849518,-0.001429357605384169,0.7185473122848285,-0.006748620899662973,0.06653694871402378,0.04140501331162256,0.09862561114921434,-0.0015299967276495262,0.0037417827370401432,1.113272471014886,0.003683482071472125,0.11092433242085413,0.7486642793255491,0.7494650808740071,0.7482482661934173,0.032535499570780044,-0.006940109501434841,-0.0066191871593807225,-0.011435678259641313,0.036603775335520054,0.7833892005638128,0.04224795638728823,-0.0014117031935951437,0.0979352074544455,0.10111935586159933,0.7740606621369829,-0.011602437675453655,0.12678220087695868,1.1077562771196716,0.6316998052833702,0.7271597714436587,0.003683482071472125,0.05118852194381895,0.05231585329147694,0.23949505785008962,-0.0013713256016741025,-0.004308744808903819,-0.011453531926830875,-0.0006743238637893986,0.003804878994674833,0.09984761710966399,0.0004595900935545315,0.7270788043091616,-0.010551816209282076,1.0983107292582162,0.8148868323669383,0.019132736696429675,0.0037417827370401432,0.016581578974491574,0.6832860672228414,0.010975364800933859,0.05032428114320539,0.052341222355026626,-0.005704048683299889,0.06488705350666116,0.6832829309115549,0.10781341108014394,0.04159544391175084,-0.006748620899662973,0.1092168294789318,0.00373249067581306,0.7493469866181575,-0.004774622878467964,0.010824310343469836,0.3060655698529992,0.7082261388215441,-0.006159604106043656,-0.006696264406668321,0.6381635384739371,0.07597308081779182,0.022596493130719847,0.051338319370486545,0.05122057143971215,0.011105660653150759,0.003380436203671195,1.1040627455570515,0.011225391573053224,0.7273216748659,0.051326892348723535,0.6358816677411401,0.003613155716027064,0.003683482071472125,0.04253875743540105,-0.0014379058640020433,0.0043026938438010705,1.2388159517374795,0.748290905857889,1.0653467974858837,1.0656010700084626,0.0004595900935545315,0.05257833765678626,0.6388722916219784,1.098955935710657,0.0036741985102946226,0.7273419735413593,1.285390606492013,-0.00608237595540656,0.05034436633591974,-0.004371252561409949,0.7185968585786897,0.06918237193987843,0.7500424978832189,0.02256102904405905,1.06531159071016,0.7200818561570212,0.012929110426165315,0.012929110426165315,0.05681611946629097,0.04637720450467499,0.028535203843171597,-0.001429357605384169,0.005832166458961233,-0.0014117031935951437,0.798626429663603,1.0966862054618853,0.8515131164026705,-0.0028267219254165324,-0.006600911470610725,-0.010139699965058202,1.0991929625307468,-0.006444626837580129,-0.0014379058640020433,0.003683482071472125,0.7846756616946967,0.7081704750890196,0.03225056633365769,0.15864065966203644,0.06167389932437318,1.0639059318002109,0.05118852194381895,0.010975364800933859,0.03220384235234125,0.6801346158823521,0.0037417827370401432,-0.007221363659538165,-0.001429357605384169,0.0412088269387849,0.00017132703218805667,0.7254159397406494,-0.00672655704004824,0.019207170932972716,0.04095452105248557,0.013189380734948245,1.065890757874673,0.1378161570992339,-0.001429357605384169
chr16:30896606:30896607:NM_001330:CTF1,0.2811018116132299,0.2921631826791886,0.12653152997847544,0.41172540590118567,0.002995046952773861,0.3021099111285568,0.10147044158052132,0.12649393640286832,0.17652988884837306,0.006938781407711314,0.07550822832165105,0.1433074763999018,0.20167105447638936,0.182060219169569,0.6159271680306341,0.002995046952773861,0.4131899804436719,0.3023164622397667,0.003238378165862088,0.12650017580565537,0.005483511122008289,0.22727161323685163,0.002995046952773861,0.35328350844846945,0.28055597528128656,0.12650017580565537,0.3988262809772761,0.12648442366802287,0.0030003785405368633,0.0030275034931027123,0.009982804354685682,0.47137999854935053,0.17968658409346794,0.003043952089386903,0.22885060321442874,0.35903949281345415,0.002995046952773861,0.44948817240508104,0.05760165118914323,0.12661493548371663,0.8452483589747,0.7869761221618651,0.14551852676681315,0.12652730008612484,0.18955170546887729,0.19851644918311967,0.0030003785405368633,0.004254588810116755,0.054315243849000605,0.055613078728830784,0.046799080261056614,0.24254581870364234,0.027447978994359135,0.0030003785405368633,0.5537860854895069,0.0030003785405368633,0.4514717991302366,0.5735647795521892,0.1962593870853449,0.5329676574052614,0.046966955835567925,0.003246597485146663,0.07401495194981197,0.10061835440607939,0.1822874654179217,0.13679697369873323,0.13587354100818774,0.05355274594501486,0.0962923758613195,0.0806099588231981,0.008779907028427458,0.14581247295688504,0.5509389397570994,0.3402969743430482,0.20443437118748498,0.2823047484881547,0.1962593870853449,0.005151576681425019,0.26945323362404083,0.20189682623721333,0.3061127370195401,0.0030036625900918823,0.2917976428909866,0.2609580509085667,0.05764847814984353,0.6461321510786352,0.3739888631041004,0.12439894403775537,0.002995046952773861,0.41651514428420544,0.0711472144819969,0.05555338675869606,0.4588308295519751,0.3758751529287516,0.056928870317819597,0.3704539342561606,0.17555570937300458,0.8101919655090783,0.013680992080662369,0.046079600717136626,0.0030389137223615914,0.06983557581319111,0.12991476932719342,0.13003691135703738,0.6731013884121643,0.15216088010220583,0.18125679441937512,0.8451060424447486,0.4497585901042408,0.002995046952773861,0.3569848715765308,0.049238463566544155,0.6911294920083229,0.13572285631709088,0.15361504719893782,0.12765669904705532,0.28510537826511106,0.64374408441436,0.26759976358440873,0.054493837449136134,0.13760455916377531,0.4074461660207777,0.05807478663940929,0.3065107547523439,0.12419276964734921,0.18893979077670384,0.12653485477994225,0.5515789107435529,0.008885760561147649,0.002995046952773861,0.16394300444165852,0.38365085211698485,0.008922296024640897,0.0033734632000861353,0.5311230933260596,0.2813841898015746,0.2813841898015746,0.13572285631709088,0.10404477788856625,0.39317014949853324,0.3760185726639187,0.6117400922087797,0.18125407588204398,0.34791323210587666,0.05764847814984353,0.002995046952773861,0.0030353359833423244,0.2861413363151197,0.002995046952773861,0.33142925236598575,0.13763204639589458,0.3934982130359211,0.15402203394131223,0.12758748997824076,0.060350397064026534,0.12851247405709545,0.2687824450809295,0.003229753859915696,0.13601042113251527,0.32452645924506296,0.37371914015650876,0.1281021021062174,0.0030003785405368633,0.10853967007650908,0.002995046952773861,0.20592959674291555,0.4319890507246943,0.4342579446032868,0.6603323846187815,0.013694216530944714,0.2816682211802128,0.22335225607636203,0.10251219618990837,0.13565852787678856,0.43037473065704496,0.29407302156926407,0.327571141225203,0.5735647795521892,0.2868851176664173,0.3925995700620721,0.36253875526010737,0.6734300536716091,0.514051374607259,0.1550071437396841,0.4909343701246701,0.002995046952773861,0.3613918966481824,0.18143741710402708,0.018535738768196253,0.002995046952773861,0.101255885296755,0.045942667404225035,0.13567824154676986,0.002995046952773861,0.3670543200864099,0.05764847814984353,0.3400874417671767,0.15253787901521565,0.37628882704210287,0.42955281626844566,0.24102534882960608,0.002995046952773861,0.05455122080199479,0.22124665979816993,0.01645683297290379,0.5703058218371122,0.15489312956705387,0.05311705514731585,0.07552846054568446,0.2835053742426703,0.3075987272707471,0.19517952200238184,0.056590583020512286,0.2093790889608122,0.0030003785405368633,0.26646142151518626,0.10287931898314792,0.003229753859915696,0.3199182468723965,0.42944301358892667,0.2281736946893212,0.10027325496020367,0.282296680006906,0.38280896751626303,0.23736846285155522,0.13567824154676986,0.19513347746873397,0.01639214245597559,0.002995046952773861,0.4137317113934108,0.05452807395250195,0.4952912534984705,0.26469443250312197,0.2547624211378381,0.1815621690360107,0.002995046952773861,0.3332318687557809,0.5467988428696351,0.04520786855418807,0.5820239124707545,0.5536468771787465,0.810057096950857,0.46416536030987576,0.05764847814984353,0.12003847942057821,0.05635647961458318,0.15439496963888932,0.0030003785405368633,0.46137952830953777,0.5625857790742038,0.11876181645528364,0.034356778095825324,0.004109598612276721,0.3741310609274681,0.2411960293631139,0.22997758400873985,0.20317779555063994,0.46131470827339305,0.5397813803118428,0.026699492765267285,0.026699492765267285,0.19482578656655744,0.1365692963782498,0.05452807395250195,0.002995046952773861,0.06572706506767584,0.28240167706381925,0.8363681823067668,0.19964176571009185,0.1467446514476386,0.2309892369048325,0.055032892348521684,0.07586481289486902,0.7316716114925087,0.4015161030558,0.06073485839030898,0.08000260418830002,0.37219217061109394,0.4254456035813944,0.049513689243643744,0.30243743570115966,0.21735428503198068,0.20938595382084396,0.3896652538639376,0.1136651236505648,0.002995046952773861,0.09904870000664767,0.0030003785405368633,0.12332261231519731,0.20914731776755846,0.15657399549549017,0.21552451451531143,0.6241159768691961,0.07496552960465991,0.1819466810137375,0.046649259873861704,0.04937868047407484,0.4640994139855624,0.2292343239146954,0.003289829053446214
chr16:48610209:48610210:NM_153029:N4BP1,-0.21911352539859835,0.20930038076251678,0.056347458178741316,0.267369964342232,-0.004225075212005852,0.3353723019962032,0.09684247343483993,0.07315051491000887,0.30752801593607093,-0.15621434220132552,-0.09927825088709608,-0.20536956681126967,0.0026789644492297704,-0.17713588093294017,0.267369964342232,-0.004607540476400412,0.37534430803943286,0.20979189396392472,-0.1630668970177022,-0.004607540476400412,0.08794629703235568,0.08589540984534988,0.031672842213379016,0.1406854903775573,0.267369964342232,-0.004607540476400412,0.267369964342232,0.028260065836429954,-0.004607540476400412,0.07471994612566793,0.7691142595189976,0.38977130116657305,0.05615458557017544,0.19830113817196474,0.12213032420615297,-0.06420471166890054,-0.004607540476400412,0.267369964342232,0.5041210402900783,0.010300134543305056,0.14399051934820828,-0.1569080736943289,-0.21648121215782012,0.028260065836429954,0.588687594678438,0.5757110226554746,-0.004607540476400412,-0.004070327890831421,0.05887219547204228,-0.004607540476400412,0.005485493135217956,0.14399051934820828,-0.09927825088709608,-0.004607540476400412,0.2674612535278915,-0.004225075212005852,0.21107898930754238,-0.004607540476400412,0.4940264889664895,0.375596462657505,0.4873119661324621,-0.004607540476400412,0.08838956110725507,0.13463623506700817,0.8725228366365465,0.08794629703235568,0.267369964342232,0.19556480567367052,0.08861321803014408,-0.0012889777664980562,0.021335087264105074,0.0026789644492297704,0.37534430803943286,-0.004591534056004043,-0.20537711465133726,0.07524062768449749,0.4940264889664895,0.47772974029664694,-0.20540286834026916,0.267369964342232,0.14399051934820828,-0.0023587109333040868,0.08794629703235568,0.3987387143143367,0.029182988919780523,0.14593654027011588,0.267369964342232,0.20802855119441668,-0.004607540476400412,-0.20536353197226964,-0.004607540476400412,0.028260065836429954,0.08794629703235568,-0.004607540476400412,0.3753646058674428,-0.2053636660709631,0.4701382403688428,-0.17434894786558155,0.48091935392114105,0.4643701216288285,-0.20540286834026916,0.0060573217616018415,0.5799982573329208,-0.004607540476400412,0.2053509357088849,0.602903619475263,0.467563195088064,-0.17434894786558155,-0.20536353197226964,-0.004607540476400412,-0.20536353197226964,0.08797501062193447,0.14399051934820828,0.37534430803943286,0.26919826915363704,0.46775170908220787,0.018602760751352573,-0.20536353197226964,0.09074635486798685,-0.14481872344481966,0.14399051934820828,0.37544366120437295,-0.14674022411443996,0.383616704282843,-0.0014438585747074129,0.5872877056359673,-0.004607540476400412,0.267369964342232,0.5600065268931995,-0.004607540476400412,0.08384168784539231,-0.20536353197226964,0.5600065268931995,0.07315051491000887,-0.004607540476400412,0.267369964342232,0.267369964342232,-0.14827593220580967,0.41704538857472867,0.267369964342232,0.17888321165536603,-0.1769511190766335,0.37415163950132313,0.5515650632102808,0.505216498364069,0.028400722541132878,0.4643701216288285,-0.21653016709701833,-0.004607540476400412,0.7911172285756349,0.37534430803943286,0.267369964342232,0.09620033223079753,-0.004607540476400412,-0.0012454140083207887,0.46775170908220787,0.37534430803943286,-0.004607540476400412,0.14399051934820828,0.267369964342232,0.37534430803943286,0.467563195088064,-0.004607540476400412,-0.20536353197226964,-0.004607540476400412,-0.004607540476400412,-0.10583081674404705,0.8546618234390002,0.21093785069559062,0.26787424740340027,0.12356388585478056,0.003986635255301962,0.5949898022570211,-0.004607540476400412,0.03101653440807106,0.267369964342232,0.5075886017709229,0.267369964342232,0.024812162620495598,0.09092079876616971,0.08794629703235568,-0.1571080524078759,0.38388522602012654,0.0966945833740233,0.09620545924336714,-0.004607540476400412,0.08795307411395115,0.37534430803943286,0.002361381209715435,-0.004607540476400412,0.08797501062193447,-0.20536353197226964,-0.004607540476400412,-0.004607540476400412,-0.004607540476400412,0.5041210402900783,0.21443381031969072,0.012209610537269988,0.09634002013825595,0.0881933132002845,0.3810168432247816,-0.004607540476400412,0.0026789644492297704,0.6676241416351582,0.47902112469361974,0.267369964342232,-0.20557568844600027,0.6450211920482277,0.07316706259938369,0.46852426669944314,0.003415836622948476,0.3755639881579059,0.5600070542492576,0.383616704282843,-0.004607540476400412,0.14399051934820828,-0.004609117221595654,-0.004607540476400412,0.11574717776216456,0.4172809008057972,0.626293320783901,-0.004607540476400412,0.08794629703235568,-0.2190391096051354,0.6123892182075156,-0.20536353197226964,-0.20536353197226964,0.49504877232800604,0.016708442685460262,0.002257608755235757,-0.004607540476400412,-0.1769511190766335,0.267369964342232,0.08645276835457394,0.46458101903489785,-0.004607540476400412,-0.04703498852043006,0.4643701216288285,-0.004467784089120658,0.267369964342232,0.21093785069559062,-0.1571080524078759,-0.1571080524078759,0.5041210402900783,-0.004607540476400412,0.08821498415804105,-0.15711549549410272,-0.004607540476400412,0.267369964342232,0.4921116551884619,0.46456894200303567,0.08794629703235568,0.0009077307225691944,0.14399051934820828,0.11463555690108472,0.003492938151614833,0.004958555171253126,-0.20536353197226964,-0.15359526289902387,0.009948976560259143,0.009948976560259143,0.37246035390486354,0.1218367511475715,0.37534430803943286,-0.004607540476400412,-0.06420677979760188,-0.004607540476400412,0.21158547282705686,1.2491874959883509,0.267369964342232,0.4643701216288285,-0.17384047399653066,0.6109401334150688,-0.1571080524078759,0.5600335910169242,0.6152790679582352,0.0026789644492297704,-0.14568190193488464,0.004138330194593032,-0.004548971539561242,0.08490549000819961,0.24688282639398423,0.38388522602012654,0.08794629703235568,0.49504877232800604,-0.004607540476400412,-0.2190391096051354,-0.004607540476400412,0.7423039830594381,0.088870712602578,-0.004064249582249185,0.00892455277630072,0.383616704282843,-0.004601464475575079,0.1471960614997605,0.4643701216288285,0.08796397673437006,-0.1571080524078759,-0.004607540476400412,-0.004607540476400412
chr16:50742049:50742050:NM_015247:CYLD,0.2484726904476911,0.06498936639298564,0.36408893713689483,0.005648772999702595,0.004565336449972035,0.04246012233462934,0.026687416381189516,0.18269422378317982,0.01059789006942477,0.20569576373734771,0.0581101274962251,0.01750337138778857,0.05806133320297002,0.14760303761274832,0.36408893713689483,0.004565336449972035,0.16141805372604187,0.2660058143217613,0.064955221958589,0.004565336449972035,0.026688245721545406,0.44118443538218455,0.057629368260310204,0.03372550157177412,0.36408893713689483,0.004565336449972035,0.3649513926240431,0.18320086420681217,0.004565336449972035,0.18343183799563714,0.005323282300274124,0.3992679107143722,0.24117711034620506,0.01059789006942477,0.2705986148623998,0.3645434017752036,0.004565336449972035,0.36408893713689483,0.004966486255330277,0.3653573816158039,0.36408893713689483,0.16047555246705275,0.15293852460015772,0.004966486255330277,0.17412244465528617,0.4287619801184423,0.004565336449972035,0.19114421241687626,0.004603627953037537,0.004565336449972035,0.007335540774559057,0.36408893713689483,0.05813376729242481,0.004565336449972035,0.17163009620393838,0.057629368260310204,0.3805614009965948,0.004839130568500577,0.00971565426744539,0.16061936567407997,0.007336401817551297,0.004565336449972035,0.012600125124760941,0.1601939275992456,0.37972828491315214,0.004565336449972035,0.004565336449972035,0.004565336449972035,0.012600125124760941,0.07503202790559568,0.00458749444076631,0.057629368260310204,0.3649737361019445,0.16569449017434817,0.16047555246705275,0.004565336449972035,0.02572733710838171,0.004969477567995539,0.36523562380921204,0.36408893713689483,0.3640971743093623,0.004565336449972035,0.36494404482257536,0.17028524608308554,0.005275818610462973,0.3649513926240431,0.004565336449972035,0.2719591991804872,0.004565336449972035,0.36349543931092887,0.004565336449972035,0.004966486255330277,0.004839130568500577,0.16120023136582146,0.3731949724934576,0.3643309236305326,0.00657855256546877,0.01930332599067225,0.1500082996569979,0.003544498854544831,0.004565336449972035,0.0054322695579282765,0.008493043539846368,0.012149871375076005,0.36387119647010624,0.16892738096556123,0.00491502618202605,0.38022981595990635,0.36279947853609273,0.004565336449972035,0.36408893713689483,0.0206963463442226,0.36408893713689483,0.3682944382532559,0.004966486255330277,0.023074238994603452,0.16582906597610006,0.36408893713689483,0.36494404482257536,0.16198622767454673,0.3655455508311756,0.37272930424197315,0.3172443423703637,0.36408893713689483,0.07546258865631467,0.09149344606080087,0.003592739460201805,0.004839130568500577,0.004953274782932726,0.004565336449972035,0.42654199287512284,0.004565336449972035,0.006813093595762376,0.005199096445230117,0.16047555246705275,0.16057405794041585,0.16057405794041585,0.36409010519805396,0.01210186355413645,0.004839130568500577,0.16569449017434817,0.004565336449972035,0.004565336449972035,0.028654753978029107,0.005665607530252331,0.004565336449972035,0.004565336449972035,0.2442273533586382,0.004565336449972035,1.0667669378402134,0.36408893713689483,0.004565336449972035,0.16047812153078078,0.004565336449972035,0.023479393854790365,0.023761937303247743,0.36512791733478284,0.0045905625512892845,0.4959044280596219,0.004566152353910391,0.36408893713689483,0.3629533068398638,0.004565336449972035,0.36581597911592434,0.004565336449972035,0.3627601560885062,0.36754595032565873,0.47300222858841023,0.3640971743093623,0.36408893713689483,0.004565336449972035,0.027477475274678642,0.445239475783725,0.004839130568500577,0.00998366318641028,0.004565336449972035,0.01514859786748221,0.004565336449972035,0.018055634993721648,0.49024961556486896,0.36408893713689483,0.36494404482257536,0.37498868482491937,0.1605415196826893,0.16057405794041585,0.004565336449972035,0.0048612931745034005,0.16057405794041585,0.5042641999322445,0.004565336449972035,0.0206963463442226,0.00458749444076631,0.36408893713689483,0.004565336449972035,0.005199096445230117,0.004966486255330277,0.004565336449972035,0.01744007410230644,0.01602598250637674,0.380575525642165,0.008559783454354847,0.004565336449972035,0.004839130568500577,0.0072647174650692925,0.02277696024574033,0.3640898569696741,0.36764636895157415,0.027970856403455285,0.004565336449972035,0.24917637705682252,0.37402289987171367,0.012600125124760941,0.004226553440132924,0.49639924319615836,0.004565336449972035,0.36410530570036076,0.02085336906040644,0.0045905625512892845,0.0858076778697778,0.16867200051358822,0.37232893442251436,0.16047555246705275,0.3645434017752036,0.008156521627870728,0.09194764973344594,0.36408893713689483,0.004565336449972035,0.02277696024574033,0.015690323476054258,0.5061653509647537,0.36408893713689483,0.36408893713689483,0.004565336449972035,0.006792455810089665,0.3646617857620541,0.004565336449972035,0.1727285018416595,0.36408893713689483,0.004966486255330277,0.004839130568500577,0.36494404482257536,0.36408444315720445,0.36408893713689483,0.004966486255330277,0.36408893713689483,0.004839130568500577,0.17083891132104817,0.004565336449972035,0.36408893713689483,0.6525424978182616,0.36413982133730227,0.36408893713689483,0.004566152353910391,0.36496776477490955,0.16295736916776257,0.37407230396668456,0.004966486255330277,0.36408893713689483,0.3689176609600052,0.004566152353910391,0.004566152353910391,0.012600125124760941,0.006048548063229964,0.004565336449972035,0.004565336449972035,0.365847232597684,0.3648390170461039,0.3803731727899272,0.17450812951811323,0.36408893713689483,0.00560067741229292,0.004565336449972035,0.00580964517843055,0.36408893713689483,0.3639069898460208,0.4116844404240375,0.004565336449972035,0.1621279492388317,0.1697086343847275,0.0055005030829702595,0.4280747088978147,0.016130150160661466,0.16071968241768142,0.36408893713689483,0.022734650489880076,0.004966486255330277,0.00458749444076631,0.004565336449972035,0.02310081126627664,0.0151179279990524,0.08685139583744361,0.01953702821873443,0.160474965371547,0.004565336449972035,0.0576616327911281,0.3647850020224984,0.004966486255330277,0.36408893713689483,0.16047555246705275,0.004565336449972035
chr16:53703962:53703963:NM_001080432:FTO,0.25667750122961996,0.022509088614080297,0.1934932684563945,0.19012226260740042,-0.0030359384776742493,0.30973197195665847,0.25587487162167,0.20224140088036624,0.17510080001401956,0.2560152317370509,0.007424069953016615,0.011340570573386555,0.0021429579588833347,0.27532044796184907,-0.003779339372871865,0.014025769858404563,0.1960171544762001,0.136024880020872,0.2741860368549047,-0.0032806772927046757,-0.0014313956639486203,0.6289039602168955,-0.0032806772927046757,0.38182116299728047,0.19006238866949174,-0.0032806772927046757,-0.003779885047493131,-0.0030359384776742493,-0.0032735105446461132,0.21562059095799369,0.19836431240341046,0.57874825165423,0.2155218460698589,0.14030146639900223,0.23780710387803314,0.4787648361588942,-0.0032806772927046757,0.19006238866949174,0.013362298748734847,0.005523545666953206,0.4790123925913651,-0.003779339372871865,-8.073140534214929e-05,0.22081293420552378,0.6213856969286579,-0.003200329462882179,-0.003285376697844372,0.21562539573440245,0.04337524491340908,0.01359736031304079,0.03600069926541982,0.19007268767283036,0.007424069953016615,-0.003285376697844372,0.17417231747177578,-0.0037840350449871996,0.17682370873032127,-0.003779339372871865,0.014725579945083916,-0.003779339372871865,0.020128982247083732,-0.003249949110367606,0.4137381836384289,0.37753596485311763,0.645095930299447,0.17417362892847432,-0.003779339372871865,0.011120908565617649,0.402608882528129,0.0016465025530144062,-0.0035743339183366973,-0.003040637917077482,0.17417231747177578,-0.0024199273445831837,0.000726143216509767,0.2090636592192288,0.02554106452261637,0.019382316442118797,0.20223128645375563,0.19006238866949174,-0.003779885047493131,0.010506990116300186,0.17417231747177578,0.17854379994592612,0.1901234447725231,-0.003597633542716916,-0.003779339372871865,0.04708974160227136,-0.0032806772927046757,0.0002684788143850203,0.22016471857452918,-0.0037305744675091845,0.19006238866949174,0.17417231747177578,0.40285730349312004,0.17417231747177578,0.03221375597623957,0.6455059055545178,0.0008911661661434866,0.0039054106667495148,0.0004844888195985886,-0.00022622687493134563,0.23050060318184498,0.3520365370815556,0.4810688797459153,0.014370063168148484,0.20144481828447952,0.6452080524429435,-0.00023092649753986283,-0.0032806772927046757,-0.003779339372871865,0.0025359614505790773,0.47920559578892985,0.19006238866949174,0.18272647609776624,0.03952785225424091,0.5249076519697021,0.4920146596059901,0.1903239106389165,0.01955741840325456,-0.003779339372871865,-0.0025470668102346994,0.2734733564580922,0.19006238866949174,0.005438096518387253,0.6001745975358534,-0.003763481469272384,0.19006238866949174,0.16230706382041707,-0.0037840350449871996,0.17083612865507247,-0.003779339372871865,0.1455615215157318,0.017147981901000614,-0.003779339372871865,0.4790123925913651,0.4790123925913651,0.17370658812762016,0.35205610897882444,0.17417231747177578,0.5423022135505647,0.19034112112479334,0.1802917811571777,0.06019541283434135,0.19043248549013572,0.013267884918854889,-0.003285376697844372,0.23324091138077926,-0.0032735105446461132,0.0036591748892858544,-0.003779339372871865,-0.003779339372871865,0.17446236999851522,-0.003054341129389654,-0.0037545080095323646,0.01737481402397245,-0.003779339372871865,-0.003779339372871865,0.19007268767283036,-0.003779339372871865,0.19006238866949174,0.5223732743247042,-0.003285376697844372,0.1902503477256279,-0.0032806772927046757,-0.003779339372871865,0.18179473791918135,0.19348853060388382,0.19006238866949174,-0.003779339372871865,0.19085879815039716,0.2868778935464388,0.02956699870050311,-0.003779339372871865,0.18529110867154802,-0.003779339372871865,0.03985393672086704,0.19006238866949174,-0.0037299124513794357,0.17806106730191357,0.17417231747177578,0.17417231747177578,0.35240915245714244,0.1749621946116396,0.19424438951682615,-0.003040637917077482,0.19006238866949174,0.17435530609135902,0.0008779767314308351,-0.0032806772927046757,0.0025359614505790773,-0.003679819376721377,-0.003779339372871865,-0.003285376697844372,0.01463176135114333,0.034856580518491026,0.4803309387840705,-0.0018527332194513135,0.2684158895170646,0.17702797845632445,0.23146302105454436,-0.003285376697844372,-0.003779339372871865,0.19860823988779466,0.01436577823766394,-0.003779339372871865,0.19088135550681834,0.02174486427128189,-0.003779339372871865,0.051097217431942454,0.17122459570135448,0.4137381836384289,0.01694849432430337,0.19006238866949174,-0.0011111888364934153,-0.003779339372871865,0.0025359614505790773,0.19006238866949174,0.7378537087516314,0.17727131172268726,0.3684931189127216,0.0002684788143850203,-0.002987133675150272,0.001679225124729039,0.04744066612315756,0.19006238866949174,0.013267884918854889,0.21554781829433012,0.22171518823706088,0.18868565471842416,-0.003779339372871865,0.17446236999851522,-0.003779339372871865,-0.0037791999822528732,0.3987340267141015,-0.0032806772927046757,0.19034075912629725,0.1402121868571907,0.15202817521245324,0.17417231747177578,0.17417231747177578,0.7269152053792761,0.19006238866949174,0.013461743930560877,0.19006238866949174,0.1744350698099062,0.38259434720017604,-0.0032806772927046757,0.19006238866949174,0.1818557317628206,0.36433605217420556,0.013267884918854889,-0.003779339372871865,-0.003779339372871865,0.19034163910361385,0.18834463984493427,0.0005184393586000202,0.4790123925913651,0.19140293825159652,0.17417231747177578,0.17417231747177578,0.4137381836384289,0.05595387999691531,0.19006238866949174,-0.0032806772927046757,-0.0037844706299822173,0.19006238866949174,0.4790123925913651,0.5926306302728295,-0.001353015821642406,0.01999020693361747,0.0004844888195985886,0.013777327353226398,0.4790123925913651,0.16227197818367964,0.05786262816532295,-0.0032806772927046757,0.2485725763535266,0.1772620582549167,0.14362088846711443,-0.007985496345487036,0.19223613333954603,0.17436478555990884,-0.003779339372871865,0.19073487010584356,0.1907617310983784,-0.003779339372871865,0.0002684788143850203,0.35203460055152397,0.17417231747177578,0.5535181656968455,0.018136539872963375,0.19006238866949174,-0.0035400651692844842,0.04710981116226923,0.22101607244974303,0.39260424222320994,0.4790123925913651,0.1901046204757206,0.1399922561420191
chr16:66696707:66696708:NM_178818:CMTM4,0.05942048950701635,0.018084583433473085,0.0010081728344351407,-0.0010728103474733214,0.013420812684872108,0.07684980960936867,0.053594627621654345,-0.0012155345303813785,0.1628324213473336,0.014501171097738286,0.022160974573014292,0.017799913401472255,0.05911042458769807,0.09530188664078103,0.07724466130593267,-0.0012155345303813785,0.1298216943377843,0.18480764344106992,-0.0002774550202906956,-0.001270595936124174,0.0520505886977063,0.02023653657188332,-0.00144932421615631,0.037308354324898194,-0.000737801694656072,-0.001270595936124174,0.07725250457490342,-0.0012155345303813785,-0.001270595936124174,-0.0008157701213508811,0.08416942819053765,0.26175717550459526,0.0010081728344351407,0.06814213810988592,0.058208826670551286,0.015861985850075106,-0.0015134796245011295,0.07724466130593267,0.020629989616633156,0.005295117767537379,0.0772258069895581,0.2904547490257639,-0.0005274601086263445,-0.0010588182166086056,0.034190707151414146,0.07810325953139872,-0.0015134796245011295,-2.1508462799267603e-05,0.05149560889387606,-0.001270595936124174,0.019331389417820873,0.0772258069895581,0.022121936879421142,-0.0015134796245011295,0.29044159972515343,-0.001270595936124174,0.07734004625757467,0.28627605885062235,0.2150589997513868,0.07725250457490342,0.07979451290621563,-0.0015134796245011295,0.010562189858022517,-0.0003708431838233446,0.1002941848474625,0.0006470141070780561,-0.0015134796245011295,-0.00042776910102292065,0.01277849458206131,-0.0015134796245011295,-0.001515140094593536,-0.0005208171079907759,0.2903862118260661,0.0012105057131738574,0.01972114676695586,0.0068715578894288885,0.2150589997513868,0.25868732262684563,0.097745163514225,-0.000737801694656072,0.07723365019621152,-0.00043556077772780727,0.2904024878974384,0.11473484320880237,0.020629989616633156,0.07724466130593267,0.07602507255562672,0.44528173734465043,-0.0015134796245011295,0.07979585660239695,0.019737695279284585,-0.0011822769524208639,-0.0015134796245011295,-0.000737801694656072,0.012638499903196772,0.005159760666907525,0.008616708445376712,0.09428829633995063,-0.0014105118167340794,0.002594584955411771,-0.001270595936124174,0.08183947049333021,0.28421051610775916,0.020969962123117036,0.46258432489168205,0.077033645909323,0.11361869280369402,0.09591251638667724,0.07602507255562672,-0.0015134796245011295,0.09809684846437906,0.0586399566251222,0.11456008604996507,-0.0015134796245011295,0.000503526206132112,0.13885782062303295,0.20845085411950653,0.07723365019621152,0.13016100412705445,0.14587062244621676,0.0772258069895581,0.07724466130593267,0.0551758125100668,0.0772258069895581,0.03446565187543636,0.06273039537942932,0.11340710902064821,0.28627605885062235,0.010902168820115313,-0.0015134796245011295,0.23072702218764352,0.11456008604996507,0.03391063526738718,-0.0015134796245011295,0.07725250457490342,0.2904024878974384,0.2904024878974384,0.07741509211924412,0.0007358818949602178,0.0772258069895581,0.054430319201876916,0.10623312670751626,0.11499718961724006,0.10843539261358481,0.020629989616633156,0.013173951795866903,0.00478180625837701,0.0062989941030707035,-0.001270595936124174,0.050745139346831086,0.0772258069895581,0.07723365019621152,-0.0004950403333610041,0.03633353060221267,0.06652815787421901,0.11342625220651738,-0.0015134796245011295,-0.0015134796245011295,0.07724466130593267,0.09755555165682676,0.07724466130593267,0.11348390637969828,-0.0015134796245011295,0.07175155121321013,-0.0015134796245011295,0.07602507255562672,0.10391611629671611,0.10571533946753654,0.07723365019621152,0.09776407065003327,0.036609686290286755,0.13270072405078723,0.2134105188934747,0.11342474649636501,0.2620992077159943,0.0760329533832977,0.12241622032285254,0.0772258069895581,0.08835747391469646,0.07405085119242506,0.07602507255562672,0.11457398018057291,0.2591371106397138,0.18498371256594512,0.020741600267543906,-0.001270595936124174,0.28626004782205666,0.1148052459300188,0.005199987612817921,-0.0015134796245011295,0.05736190626325722,0.07602507255562672,0.0772258069895581,-0.0015134796245011295,0.11340710902064821,0.035650138559391725,-0.0007261625985910958,0.019534647732985914,0.11747081100379562,0.07734970104138537,0.06631790840587976,-0.0015134796245011295,-0.001270595936124174,0.12207188325767962,0.1305610960531527,0.07724466130593267,0.07688846410597387,0.026608989009460494,0.07631354373373915,0.022166387027445496,0.07656101306467565,0.01277849458206131,-0.0012593646682661705,0.11700545412522419,-0.001270595936124174,-0.0007176913588811291,0.05864116381338278,-0.0015134796245011295,0.22742700018461798,0.1307514074160615,0.03030812640159162,0.03176707647773802,0.014557113718727196,0.02122034018505717,0.04679572710743618,-0.000737801694656072,-0.0015134796245011295,0.050953318008415766,0.14597940039979768,0.33000024120891186,-0.0015134796245011295,0.02025409008739623,0.07602507255562672,0.07495815882789668,0.02413724699232077,-0.0012155345303813785,0.12608516089512575,0.004721859627521283,0.0028528443889491266,0.28631423888207513,0.07723836080081638,0.0941782540017941,0.10969461107232674,0.02054115255771422,-0.00149888129328319,0.11349247827260041,0.0882914954134953,-0.0015134796245011295,0.09874285278673091,0.07466988248412769,0.0030978486743859293,0.09438449434616404,-0.001270595936124174,0.07724466130593267,0.14472293975730083,0.10283852102161789,-0.0015134796245011295,0.0772258069895581,0.07637136554492359,0.0316185687253951,0.0316185687253951,0.011616488318398177,0.020579771150720585,0.0975475315885166,-0.0015134796245011295,-0.0006882561220895173,-0.0015134796245011295,0.29060475210796977,0.2780172803325812,0.3330207000877342,0.008616708445376712,-0.001270595936124174,-0.001270595936124174,0.30068477882092737,0.05161817475185357,0.2087302146684801,-0.0015134796245011295,0.14590457533155193,0.017142786807681408,0.11093389743026094,0.23958864602163016,0.021578297885525927,0.11658639053459033,-0.000737801694656072,0.06806452348435046,-0.0012155345303813785,0.0007983659313234477,-0.0015134796245011295,0.03606178536070584,0.06711521129840138,7.18978926413788e-06,0.11867141156162471,0.0772258069895581,0.0007645422562543372,0.2686244240844965,0.002594584955411771,0.011616488318398177,0.0772258069895581,0.03447747099965805,0.027359939553083232
chr16:68539212:68539213:NM_001305207:ZFP90,0.011539764729384094,0.019347395314305085,0.011479079961219853,0.007440609824875231,0.01146264973888761,0.00895674442090159,0.007440609824875231,0.00753061530379655,0.40058091789315164,0.029000885957687732,0.007460095692458377,0.4192859764574791,0.00753061530379655,0.1245648713056739,0.3997854617644181,0.00753061530379655,0.43661760335444394,0.01781695357218163,0.01219233456461566,0.007440609824875231,0.21757794521899215,0.023091234802748883,0.00753061530379655,0.2505806068529618,0.3997854617644181,0.007440609824875231,0.00751724450776302,0.00753061530379655,0.007440609824875231,0.008457143147996601,0.4174827963990754,1.126990790718398,0.029393164705197768,0.008146154210796236,0.022413388656054217,0.06849821434571617,0.007440609824875231,0.872600471531266,0.007440609824875231,0.29473332662072954,0.872600471531266,0.8727171628316238,0.016470952640023444,0.007440609824875231,0.021703274840057997,0.257153399676871,0.007440609824875231,0.01646208138953511,0.007542953070166397,0.007810824911643626,0.007665007300753302,0.9278905161392179,0.007460095692458377,0.007440609824875231,0.44314384139344737,0.007440609824875231,0.9280155713814738,0.9278905161392179,0.012246579157825944,0.8727171628316238,0.02073458158719411,0.007555750587727306,0.007440609824875231,0.007440609824875231,0.43671251848827763,0.21743246688337198,0.007440609824875231,0.008146154210796236,0.007451236454301442,0.007440609824875231,0.007440609824875231,0.020598914765820927,0.936501695819441,0.008414120396684658,0.011539764729384094,0.12028395152398955,0.012246579157825944,0.012663878561315851,0.03909373223015579,0.872600471531266,0.00751724450776302,0.007440609824875231,0.9304541618423491,0.987694328652767,0.007440609824875231,0.8804382597810488,0.007440609824875231,0.4927603411879643,0.007440609824875231,0.9357310699533288,0.007440609824875231,0.007440609824875231,0.007440609824875231,0.3998760812086437,0.007451236454301442,0.43661760335444394,0.1956312526388947,0.12187629389720786,0.00756934034516187,0.390766394681018,0.007440609824875231,0.3997854617644181,0.014167404828774835,0.8727171628316238,0.9542891421845272,0.030698703212042714,0.010275139312100199,0.34995097196103236,0.9356071231225945,0.007440609824875231,0.034885050823142055,0.007570203845932693,0.3997854617644181,0.0190086540881764,0.40223988780722897,0.012168532598470118,0.39137427950670556,0.872600471531266,0.5485737802317983,0.12020730938043563,0.872600471531266,0.934860845942026,0.03112943542759677,0.872600471531266,0.3997854617644181,0.03022189851205406,0.007440609824875231,0.8727171628316238,0.015781074669704312,0.007440609824875231,0.2625377225864364,0.872600471531266,0.016517607715945064,0.007440609824875231,0.3998760812086437,0.7870617910517604,0.7870617910517604,0.8752463599358233,0.043277477977174975,0.007440609824875231,1.1235962574764047,1.1944875945994955,0.4016200950842612,0.008458327374219856,0.3997854617644181,0.007440609824875231,0.011494322566947737,0.07357808298960475,0.01146264973888761,0.08286065504319425,0.00751724450776302,0.21743246688337198,0.034885050823142055,0.04627515592977231,0.39978707622508475,0.011494322566947737,0.987556887769156,0.21969200742835876,0.872600471531266,0.00751724450776302,0.9278905161392179,0.011494322566947737,0.007440609824875231,0.3998760812086437,0.007440609824875231,0.4386360034318132,1.1948253280082344,0.5954424983977122,0.9290040484145593,0.21743246688337198,0.007440609824875231,0.1201851664809756,0.00821476288024601,0.21743246688337198,0.2232527929897445,0.872600471531266,0.00819526509966405,0.872600471531266,0.08731777111408594,0.6503284180359528,0.04155826336732438,0.872600471531266,1.1626402676625711,0.7287408103278985,0.4444515020024023,0.007440609824875231,0.9879881959822878,0.401629955616301,0.04585375508910752,0.007440609824875231,0.007570203845932693,0.00751724450776302,0.007440609824875231,0.007440609824875231,0.40174754820792236,0.007440609824875231,0.8727171628316238,0.01258680412677557,0.18953565500751002,0.9268391148775009,0.48180810106725386,0.007440609824875231,0.01146264973888761,0.012130094578944123,0.014805438326989134,0.8727171628316238,0.9343266188566117,0.016517607715945064,0.25561379503572546,0.1251461937938821,0.25784765851741986,0.007451236454301442,0.03493758019609684,0.9496071929919931,0.007440609824875231,0.007440609824875231,0.007574313412233176,0.2572104579245703,1.2350532206519749,0.9280708157802261,0.2623188943646195,0.03910603364513936,0.1201851664809756,0.24219216316114464,0.02250354831714967,0.872600471531266,0.3997854617644181,0.4075417454028838,0.007440609824875231,1.1821244331357537,0.007440609824875231,0.3997854617644181,0.21743246688337198,0.4780545202302636,0.007659550854801505,0.00753061530379655,0.42447468658915843,0.16012244543025267,0.007440609824875231,0.9280155713814738,0.987691136662032,0.8727171628316238,0.8749984834682504,0.007440609824875231,0.3998760812086437,0.40483875689354254,0.8868571104890577,0.007440609824875231,0.3997854617644181,0.9981766555249459,0.007550533236219386,0.872600471531266,0.1201851664809756,0.00751724450776302,1.0582353458691374,1.182064457182899,0.007550102173392598,0.872600471531266,0.6582541240902653,0.007440609824875231,0.007440609824875231,0.25059368664615866,0.01941589598188057,0.007440609824875231,0.007440609824875231,0.038568871532497634,0.8751155865368919,1.0155529784797221,1.1762212029104637,0.8727563216953137,0.2787109153201952,0.03916611512187945,0.007460095692458377,0.9878293043258777,0.4427738933372847,0.008338206929071192,0.007440609824875231,0.12098946506797971,0.9282142835431412,0.007440609824875231,0.2570685745861286,0.0390735014066009,0.9496071929919931,0.3997854617644181,0.4153746474836032,0.007581624720814487,0.00751724450776302,0.007440609824875231,0.034885050823142055,0.15469913901508892,0.007440609824875231,0.012027999421592855,0.49706847281631267,0.12460055134735779,0.007997443580819084,0.4012982476341485,0.007440609824875231,0.872600471531266,0.008245869688718608,0.007440609824875231
chr16:70439088:70439089:NM_006927:ST3GAL2,0.3765559040937474,0.19448065419166333,0.20983830297880113,0.21949603553114833,0.7274080634230363,0.6061915185157771,0.4505607817178915,0.15370253689767058,0.1963658645753809,0.20990087021865234,0.37372766752773284,0.4624492425957052,0.37356957031722127,0.37783050431675214,0.5901985973900624,0.4275072636066962,0.5442019787657829,0.5291804826093196,0.1491102537797905,0.20982582095374605,0.2051242796705551,0.17801134829896229,-0.002735605491186649,0.34222190599118796,0.3527791285702478,0.20982582095374605,0.00721104816107479,0.020988700108946684,0.020122093286630865,0.1770320784178333,0.17952312181119548,0.43078478418796684,0.2119323780928207,-0.0026162852119721025,0.17935483557124426,0.3934015552710353,-0.002735605491186649,0.35402842729975603,0.36328190257070014,0.1558866562094447,0.07868957313028535,0.8544629459662645,0.36881493321816533,0.0019885929743733155,0.18872272918906705,0.08004674937340636,-0.002735605491186649,0.1555833336818977,0.043659899040589756,0.7274795317857834,0.1552323394742438,0.07760996089283342,0.37374279133408805,-0.0026875313184654137,0.09586170280254225,-0.002735605491186649,0.9757581308280501,0.5933956959331126,0.18015009100966725,0.34141120801637603,0.1512250596220883,-0.0008870743848179985,0.4306501896806004,0.14000842512439748,0.8382929438897561,0.14917083034594666,-0.002735605491186649,0.15010928165650092,0.4376638588581091,0.1715436167037846,0.03675017520194235,0.15463420427634283,0.07863378376784,0.15368860057240416,0.728800748565944,0.5577800521328202,0.18015009100966725,0.191549097203727,0.17605964846931155,0.35270849288916073,0.24749085998555906,-0.002735605491186649,0.07869718217657608,0.15033095087053033,0.18238301598750026,0.5913375363575564,0.24749394170953742,0.03431783086498072,-0.002735605491186649,0.034240727098237625,0.20983829923201044,0.18237700639343313,0.23538245291728424,0.07765739581011391,0.15578558229030753,0.277349187770789,0.06394263990233409,0.4052782532104664,-0.0026527101998876645,-0.002637149540885758,0.14909870098035335,0.3636640835914432,0.1797014833023728,-0.0027255338601692713,0.8053853290703956,0.18363058501727236,0.18962996569170273,0.25497498787958295,0.01738541663683063,0.14909870098035335,0.15011159557678294,0.2049966284302427,0.21852811691700239,0.06049674444146713,0.07864441352629922,0.18976163885269254,0.8393369754104013,0.2069733370622047,0.07917458763162157,0.408287151096511,0.06054874108241984,0.3588510312768171,0.21994333589655793,0.35441557826096515,0.1715436167037846,0.19286418670802205,-0.002735605491186649,0.3422944322592675,0.15126591861126681,0.159060833447663,0.22562051797705968,0.06051619258869467,-0.0027051879236475174,0.0027617408098047636,0.13511762495285773,0.16195167125875104,0.16195167125875104,0.0074367243320402066,0.4058055674478355,-0.0017807518549145807,0.4569265254071846,0.2069733370622047,0.2073095469681273,-0.0027281332155449367,0.37574115606044883,0.0011347249632224776,-0.0027315490851081425,0.2659334899429685,0.0011347249632224776,0.2984056792712832,0.007217199300477303,0.00721104816107479,0.17136960699174011,0.0021012308272286007,0.15650747778564172,0.1837901180757937,0.3225997264516163,-0.002735605491186649,0.07861412971724341,0.21730274283010254,0.07871457845415153,-0.002735605491186649,-0.0026875313184654137,0.011531558447999829,-0.002735605491186649,0.38739998004764076,0.32884020822315085,0.7337963241993313,0.09505338635002059,0.02110153064676923,0.4270041643356735,0.37382151815643005,-0.002728245001072882,0.35441557826096515,0.09048754394757942,0.3422944322592675,0.01619138940973347,0.3559284672028233,0.2663627450738204,0.21961962543568256,0.451460501331576,0.07863378376784,0.4943797826415091,0.15967525291517998,0.2071486265685785,-0.0026875313184654137,-0.002735605491186649,0.20607327653002958,0.16675643995016076,-0.002735605491186649,0.2049966284302427,0.011212112396706497,0.007270618994197106,-0.002735605491186649,0.22545071381305634,0.37683069093015786,0.07863378376784,0.05712824541335604,0.5677534062220251,0.3236473431763388,0.4898729289673619,-0.002735605491186649,0.42325487416774976,0.18508158966496074,-0.002554365795673863,0.591444171513126,0.2062017501614079,0.15129531610702443,0.059380025982119305,0.38716832978713345,0.06232520300114677,0.43389203290383227,0.0031497575227242003,0.21160313413743873,0.14909870098035335,0.059380025982119305,0.17139046848466227,-0.002735605491186649,0.4598762843825801,0.5219250572406209,0.15224645164431277,0.15570296202425007,0.7343043852887308,0.8264460864118353,0.3841083922971216,-0.001732261026945403,-0.002670288000434118,-0.002652853996528065,0.16746358414954263,0.35002667109489505,0.059380025982119305,0.2233254031029166,-0.002735605491186649,-0.0017807518549145807,0.15217856881832717,-0.002735605491186649,0.2868740623537621,-0.002735605491186649,-0.002735605491186649,0.5961589592598839,0.5938618431157876,0.3195495196655715,0.5443470357583458,0.3758586487225969,0.07870398564573083,0.061220853815937504,0.26876190133344685,-0.002735605491186649,0.2073580281730382,1.3131770930086777,0.15217856881832717,0.2802488256263897,0.22043858574482736,0.35256798134306655,0.22933875823421757,0.06502780013619483,0.2230544267499182,0.07863378376784,0.26803451682418034,0.45145615055502053,0.45145615055502053,0.43071978780364584,0.8572239573877178,-0.002670288000434118,-0.002735605491186649,0.26839457051011606,0.07752796595106151,0.1790491640422656,0.5314483749048042,0.3801305279434226,-0.0016822120599502277,0.15377481179003216,0.1492267859097743,0.2069733370622047,0.010728537770891833,-0.002728226176773152,-0.002735605491186649,0.5101805994309848,0.42661241255106574,-0.0027242298922958708,0.2555508041656672,0.45690377018727285,0.4570607158410872,-0.002735605491186649,-0.002554365795673863,0.020122093286630865,0.3399526531268847,-0.002735605491186649,0.6066246151391854,0.17135754929451102,0.18053667292807188,0.05952600397934571,0.20827419353167753,0.15660125426602178,0.24417418703804028,-0.002735605491186649,0.425762829698615,0.07863378376784,0.24747660686669434,-0.002735605491186649
chr16:84116943:84116944:NM_003791:MBTPS1,0.04392892143119062,0.043551605838088064,0.006516793161501083,0.27079490596788564,0.004541013712494796,0.04527498123911758,0.004541013712494796,0.00618978279155824,0.043543548684364525,0.04519328269502085,0.04821896038876955,0.18707969677655106,0.047348623029254605,0.04393831072362747,0.29341371578699627,0.04528258085190423,0.3026244160744355,0.07952373593495396,0.043787128531903696,0.004541013712494796,0.029355640265890937,0.04640288840934151,0.004541013712494796,0.27079490596788564,0.5840312834811204,0.043543548684364525,0.29349943963393055,0.00618978279155824,0.004541013712494796,0.007382055176542612,0.09482760609043356,0.4266567440624699,0.043930195094385754,0.04355966528160993,0.04637940687009334,0.2707342829882871,0.043543548684364525,0.6782144116373543,0.004661192626695648,0.28111343157618685,0.29381525882122145,0.2966810307498989,0.0064791953105171884,0.045262619884745364,0.052679787182782684,0.228181369755252,0.004541013712494796,0.00878106089308503,0.03924364495580021,0.2736860601030996,0.05302092561099711,0.20581225088865132,0.04821896038876955,0.004541013712494796,0.5826450119087649,0.043543548684364525,0.30423139849273656,0.2064532319799547,0.04562190218642956,0.018826409842895797,0.05302092561099711,0.004541013712494796,0.004950800214387513,0.0048481333175645625,0.3159733973134054,0.1867555167530757,0.004541013712494796,0.043543548684364525,0.27367259750571793,0.004541013712494796,0.004541013712494796,0.04478623651829902,0.6782475289074148,0.004726509764151621,0.02104118762071916,0.1906220397686442,0.04562190218642956,0.005298137681976484,0.2965503308845767,0.2064532319799547,0.293492370025443,0.07947844107259369,0.21388633990014133,0.27975843504782555,0.043668263146128095,0.2933707824893574,0.29381525882122145,0.2179265837395017,0.004541013712494796,0.3255520444849166,0.005473030918231092,0.004541013712494796,0.27079490596788564,0.2961626661742927,0.27376465666287586,0.29552041984787225,0.31564916587650205,0.34187911232614776,0.01881956488916195,0.2784872529460277,0.04392080689915975,0.005569097510710663,0.06763544777191802,0.03188626396303171,0.41882384086199875,0.11221541277369168,0.35126162308179776,0.25015020871742377,0.30273627407021236,0.043543548684364525,0.270709369332516,0.030078904363337794,0.5840312834811204,0.590408539520692,0.20137504155158456,0.06933351980955754,0.32702337997691144,0.29381525882122145,0.19503430639844488,0.09785926825904062,0.27079490596788564,0.29353382201204414,0.04593676402364402,0.29341371578699627,0.005569097510710663,0.05587872871032534,0.29349943963393055,0.5840312834811204,0.005488755080360896,0.004927170273273163,0.22650301621901514,0.5840312834811204,0.05492356333378745,0.013010727999805155,0.004766183028478477,0.6782144116373543,0.6782144116373543,0.021487970573474374,0.29713268906775836,0.2935246455626248,0.2289172971491048,0.5843332441884119,0.21685502960598535,0.2933316151819671,0.04368438071311381,0.004541013712494796,0.04706639003748361,0.3445273789411142,0.004541013712494796,0.008772017498517304,0.29349943963393055,0.29349943963393055,0.2707342829882871,0.02146323286894361,0.008508004261521873,0.06762347118631742,0.019714753860379908,0.004541013712494796,0.20583369261273116,0.27079490596788564,0.29341371578699627,0.29349943963393055,0.004541013712494796,0.04316367940525073,0.004541013712494796,0.019373546753612386,0.4556924208438458,0.32073215205058336,0.2959706133193222,0.019716083845834592,0.2711338972128037,0.28895464094212686,0.29397809637328465,0.1867555167530757,0.45211331809663,0.29349943963393055,0.2848022598261568,0.6782144116373543,0.015724037328108176,0.2456207400209438,0.019373546753612386,0.5840312834811204,0.6852790593283054,0.1867197494728674,0.27396105617953626,0.043543548684364525,0.20618250642417735,0.21134194894388206,0.04036051811756039,0.043543548684364525,0.030078904363337794,0.02806805993661124,0.27079490596788564,0.004541013712494796,0.29382002622588865,0.04368438071311381,0.20849772483887663,0.009349998867349302,0.27403898824071293,0.31995950405073137,0.320411445064681,0.004541013712494796,0.007657234378502797,0.04527934252162269,0.005449917591979714,0.582716018119689,0.2870334197110252,0.014640584545975749,0.029427639673029,0.23582785851981639,0.22641255375745714,0.32454270450105804,0.0287682467959208,0.28848485105081295,0.04392080689915975,0.29349943963393055,0.35080317218148527,0.004541013712494796,0.06554292131179634,0.1991539704332405,0.3091695626584429,0.009521267446685383,0.004856108024239969,0.2732978847764568,0.0996029004976739,0.1867555167530757,0.004726509764151621,0.0046943838000504945,0.004548709288059144,0.1668027174489251,0.004726509764151621,0.5243161202540508,0.27079490596788564,0.11384272238880153,0.2859608857759831,0.004541013712494796,0.2323796541571711,0.011363811894785664,0.011416215474452845,0.5876651170958955,0.31734724533758113,0.33979655232951467,0.29603088598127686,0.004661192626695648,0.20655225267281174,0.019373546753612386,0.32347479430038323,0.043543548684364525,0.29341371578699627,0.346709061367205,0.2806570953219773,0.24944557167355674,0.006399785440144051,0.29349943963393055,0.1867197494728674,0.07015472372237383,0.0791300337561561,0.20849772483887663,0.34764520996674453,0.33819894075810075,0.33819894075810075,0.2915298517435191,0.2763186374844544,0.20608280638537574,0.004541013712494796,0.35174174398783326,0.004541013712494796,0.22585498066482032,0.4674726263797075,0.5209455641112148,0.32657746190804604,0.05083119113030932,0.004543670903576408,0.29616870935566175,0.007985697216687765,0.28369114619566715,0.004541013712494796,0.3426820142355627,0.33358026466471646,0.06041939757615636,0.32759157689596846,0.34322835052267375,0.29061488480070247,0.20618250642417735,0.005449917591979714,0.007382055176542612,0.006159926410578609,0.004541013712494796,0.2710398561038329,0.015767497749345133,0.045881159440497477,0.006487429581676252,0.29349943963393055,0.004559880527416849,0.11180638487294245,0.37622544924475276,0.27367259750571793,0.2964560213002817,0.004541013712494796,0.004541013712494796
chr16:85011535:85011536:NM_017740:ZDHHC7,0.12524450874594925,0.36026046875178386,0.3790083210800436,0.39781471728565904,0.044200520647872,0.41298184261256676,0.048912766677957686,0.06083950703237198,0.03304090999283227,0.4166641946135761,0.21100770628775498,0.3586431453184922,0.14317895618041257,0.12568803928488698,0.3950055951441371,0.06418980648128902,0.4424690271001248,0.10009840916310067,0.15239549624502727,0.006710621144189299,0.007676032434116353,0.43944522924537,0.0537628680051333,0.07875837419908802,0.3523714652307641,0.06593883694252123,0.3819653584146195,0.3348661776465105,0.01871963616344091,0.5495664346974015,0.39171343303581485,0.42688018149623763,0.449603012171557,0.031190046862555887,0.09166555332017925,0.3269327973153324,0.04409974416540913,0.35238773767586434,0.10675587117984212,0.051544040260340485,0.3819653584146195,0.43843699455654983,0.47183335794645176,0.1105880161279105,0.4845279718007259,0.43526881079497076,0.06621430057984923,0.10598495626300553,0.12535870721815467,0.053392855528969996,0.07256164409535487,0.3819653584146195,0.5666493371095137,0.06621430057984923,0.39513317849033586,0.0065221288582300585,0.031731715642112496,0.0006916327847047432,0.4144273962892494,0.0007014061909249303,0.10741622028179315,0.03899408033638241,0.05219354648953284,0.0333357736630277,0.17250307360339123,0.35238773767586434,0.002456657328416878,0.03320782075201614,0.052201154118285215,0.08347729598445189,0.0902260888637787,0.4370520270109038,0.4572476061152895,0.025320411379479546,-0.025188177241352,0.08010067348600486,0.41632511259297145,-0.016436314363684756,0.4314805994431223,0.3523714652307641,0.3819653584146195,0.047507336421855895,0.4353532750587969,0.383880677774111,0.004419479433851514,0.3819645993672565,0.3523714652307641,0.10238631380618335,0.031964805965940424,0.5129983118708132,0.0971705126080854,0.054727456772995675,0.0006916327847047432,0.004986150524278754,0.07590902573308977,0.38511403277521133,0.11856167509375198,0.33946085941350834,0.0026202406812787515,0.134867972051344,0.11396887035995168,0.07192474683336952,0.01011924752265686,0.796407913403203,0.3903525305505163,0.5446000019926629,0.015378005610214074,0.3618764264521086,0.5662424951727165,0.031964805965940424,0.39438130276282474,0.018338579509806774,0.3819653584146195,0.3824706021070026,0.3523714652307641,0.06614133392947963,0.43742832297989714,0.3819653584146195,0.38242159850841045,-0.03715913409458693,0.3523714652307641,0.38201269650442415,0.4809189187587062,0.3523714652307641,0.08347729598445189,0.4247477632509824,0.002437650183813367,0.0006916327847047432,0.5349821074348345,0.04409974416540913,0.42268278124819825,0.3819653584146195,0.08599108971742406,0.01881323778645977,0.0007050394464067911,0.3950055951441371,0.3950055951441371,0.40086473652016014,0.027568293750036443,0.38198200720176834,0.4260615194498475,0.39740710715937916,0.3836190709899775,0.4979426653545558,0.06647943694416458,0.0024716301681693698,0.08810059465966297,0.480456334020646,0.03437061980815548,0.10879539487999684,0.3819653584146195,0.0006916327847047432,0.06432358534349186,0.08348173945590937,0.006836620169839547,0.03603573784842462,0.0009921147485550952,0.0024810730631152356,0.3819653584146195,0.35273597663238815,0.3819653584146195,0.36621116253412556,0.018528868272733368,0.05717847118240224,0.031964805965940424,0.0007043960794051174,0.40782845543764035,0.5937575558261042,0.3819878357442165,0.02734656495673282,0.35858341756496576,0.05647403011946106,0.45374394726103373,0.0006916327847047432,0.084020197767465,0.0006916327847047432,0.44032781136028176,0.3523714652307641,0.027967069597895577,0.459346260933545,0.002207627434471504,0.3819653584146195,0.3490852028641631,0.003659872901111638,0.7065211901997485,0.018528868272733368,0.35294593543964975,0.3523714652307641,-0.009849626181708038,0.031964805965940424,0.007676032434116353,0.002456657328416878,0.002456657328416878,0.031964805965940424,0.4439976189782988,0.07107908753117129,0.3819653584146195,0.09318820060437671,0.4113494327265929,0.004686837695265428,0.40320522125639074,0.04409974416540913,0.002430795952703513,0.42499701471692664,0.033110745729170166,0.3819653584146195,0.3819959930823991,0.1286251944212871,0.39401203429346643,0.07206047605415308,0.43579824181830834,0.04045622429335721,0.09219084557232732,0.3998910804394916,0.040424033212040966,0.0006916327847047432,0.025583534840929623,0.0024810730631152356,0.49083472283317364,0.05375160501104417,0.2772838852996802,0.08937609757430073,0.06663051157852423,0.3868043129051903,0.45627468666149823,0.3819653584146195,0.0006916327847047432,0.031923082299372685,0.007524584597147055,0.5413817355117221,0.3523714652307641,0.3757249852086722,0.002456657328416878,0.04301998424710818,0.10967788534493761,0.002456657328416878,0.06115438710130111,0.03196635085970578,0.032014121511511506,0.3819878357442165,0.3842522459681541,0.38238763909196244,0.38375569626762196,0.07107908753117129,0.0006916327847047432,0.3863158927583124,0.3887561204910892,0.06621430057984923,0.3819653584146195,0.454725891248149,0.07284754087014983,-0.0037139554605062908,0.00843726826041169,0.3819653584146195,0.38133625804769444,0.46245009325856784,0.02470986900579497,0.3819653584146195,0.47526773973531194,0.025819114503980667,0.025819114503980667,0.07561137689529007,0.4120314259715175,0.02476002317284054,0.031964805965940424,0.04752462597812801,0.3819653584146195,0.3886595500058561,1.0699141821228344,0.36643177091388246,0.13760774232296252,0.4370695079481344,0.3198904991189587,0.38200226058722886,0.7472821195406435,0.49190711031968526,0.06621430057984923,-0.034154196284636895,0.04886445073776005,0.06268356014221738,0.39623763330088474,0.003695827655753575,0.3998910804394916,0.002456657328416878,0.053899869603868555,0.013435475994075019,0.31724632297603444,0.11396887035995168,0.04049836658586481,0.019521988175754346,0.5043534442975144,0.0033398435660673687,0.35296222195813187,0.04370656317200183,0.5177490333601639,0.13968925072209126,0.052458246044319756,0.3836190709899775,0.005202689464385818,0.002456657328416878
chr16:89575767:89575768:NM_153636:CPNE7,0.27902532029801463,0.618767860900756,0.3614834044371203,0.0442503882881668,0.27683104124373564,0.6186203647161876,0.2774132697894054,0.2845441558410723,0.618567633994198,0.2770689086521591,0.27706199854613295,0.08434445177974728,0.5337532994316105,0.2870351788028506,0.0031005090002336755,0.22505162576616872,0.08359734818125802,0.7003387283750554,0.21808113964935483,0.35337991634057975,0.0022936736112756373,0.41923437926091117,0.0022893063679846337,0.2767579737485884,0.10287050002162496,0.22017439261627342,0.24022298347700013,0.21857175948448576,0.22017439261627342,0.6159404831295348,0.2782025664579325,0.6974239303577654,0.4300391166332606,0.21064982992064102,0.4193418780488237,0.6575299970333017,0.22017439261627342,0.04179968007980664,0.2180624059138601,0.00286573371852733,0.21222543400462207,0.36711981713283093,0.27715679792171444,0.6172903896256319,0.41894964808700436,0.12082446418288934,0.2179711376266448,0.35085192737326865,0.1798878850978185,0.27943936509867734,0.32587927486862617,0.2114876916676943,0.5217645529877665,0.35905194208528024,0.30127602416338506,0.35302539484359446,0.18679946856960158,0.2404736006184068,0.22499365465623683,0.08952708074893159,0.31814337361053086,0.2771197657826503,0.044897362272540486,0.0034858551743625066,0.28130231891059115,0.002275596919935202,0.002275596919935202,0.2109878156900976,0.044897362272540486,0.0027479749136196385,0.08380478662135196,0.3512268405590882,0.21167458715402876,0.30669476060531004,0.2598522864291892,0.27462233413541276,0.358457362787715,0.2821976563814987,0.714800497272731,0.10613662783295283,0.3302662074691894,0.0022791301801425856,0.004154389944318243,0.001885449104008896,0.0023514489022921914,0.20747520073270387,0.08210687996200935,0.019748490908115285,0.2179711376266448,0.2047506629280101,0.14292989694623973,0.002275596919935202,0.0027710523224225014,0.0024399967705937275,0.004194813773489264,0.10409099985767722,-0.02273312896142407,0.6702863685204152,0.007750455548856977,-0.09024216556623038,0.22057228150254504,0.20312967767842488,0.44447000734944164,0.04547517364332673,0.010915835120421269,0.4167195727216724,0.35844765601304873,0.5547501172292432,0.054757594816957106,0.2179711376266448,0.5295509657073292,0.002600097623195685,0.2124954410141205,0.08789260722678477,0.002275596919935202,0.12858490497094005,0.3826788789427954,0.24013365423599886,0.0816399371132146,0.2145541720268049,0.211969243081787,0.5855830302195013,0.41627766335281546,0.04018321576322634,0.20312967767842488,0.419210011532915,0.0823035328212279,0.1808467560361179,0.2819343302612935,0.2179711376266448,0.1205792238457718,0.24029311025991373,0.22742404689253826,-0.10876484652634225,0.01603266255637953,0.13390114987422563,0.13390114987422563,0.21178863563240022,0.3270185754405375,0.10277959968339961,0.38556364595069015,0.4207709593366079,0.0043200950464412635,0.04528521640631106,0.21807636805231195,0.002275596919935202,0.09246290506930516,0.5775132273335455,0.002275596919935202,0.2154996533514138,0.023652129613077028,0.003266890837980735,0.28452415593804725,0.002647850664135115,0.010555743767523218,0.13565115293792437,0.06701391826887962,0.002348002256716636,0.21166824714185584,0.0775737758857998,0.08283197970889988,0.1268306326056065,0.22047777482972922,0.13075770555835156,0.2179711376266448,0.006943866020322487,0.3550273233671998,0.2866666868435954,0.300512598025014,0.5507494547869161,0.27902168714777703,0.37667699155062045,0.04528521640631106,0.2389735381205287,0.20580640833224137,0.10277638050591692,0.04528521640631106,0.15444239291141168,0.040390547621089457,-0.01978886672584576,0.002951983190445734,0.21224962589242183,0.1326882841964221,0.21824711185261794,0.5712656038656837,0.2179711376266448,0.0032620603626971056,0.0023514489022921914,-0.0019162586572307738,0.2179711376266448,0.002519716827450086,0.11937183428396272,0.003116455381436206,0.2179711376266448,0.5298308705594686,0.35085192737326865,0.21424971043412547,0.11689150316090535,0.5485340793420345,0.3331049487057401,0.4594020441800392,0.21827394096704966,0.002275596919935202,0.358269888194106,0.047482518376666505,0.33379153926072475,0.21106258192098806,0.2866426630564754,0.12307314843347383,0.47191884289061264,0.10226694587509971,0.04572280992283817,-0.029716620248883913,0.3083075751482307,0.220481209569229,0.07698063560116924,0.003038682304843915,0.002348002256716636,0.28642592736626277,0.134379899972563,-0.004857642017027403,0.23446717137181589,0.27666057324456994,0.525048481031772,0.6968910401832705,0.2114876916676943,0.31574833929718643,0.047482518376666505,0.03236472727308162,0.5069717826581162,0.0023514489022921914,0.21259482849961506,-0.00905580595075789,0.04397281897620356,-0.004857642017027403,0.2179711376266448,0.3971069792017616,0.002275596919935202,-0.004861384304144206,0.24116685142845795,0.48325863856016965,0.21222260454615763,0.030415312644543807,0.002415697285147206,0.08283638618584183,0.08342395153310456,0.36245882923596245,0.2179711376266448,0.2393649641210962,0.31385773613186146,2.98089425293524e-05,0.2795579681939786,0.0025173668493134183,0.4301854165861571,0.211969243081787,0.2774376724592359,0.22506407480586502,0.24210911756060344,0.10131606451972128,0.002288868428585805,0.002288868428585805,0.05001780041116485,0.31161966921265843,0.039488653997268225,0.224960178516222,0.003523201591723063,0.11671643403134918,0.30979336792815526,0.9347856792843491,0.38208047402541484,-0.11197476605388115,0.2252687241525676,0.2168079954711262,0.3539715212179764,-0.08654709712543926,0.04353094810282451,0.21827394096704966,0.21635906589095524,0.13744599758897985,0.002277114926406698,0.12676729265572179,0.1967705683937672,0.33922437566646824,0.00235332844408373,0.047746620389965494,0.21819095854026158,0.26688817784573576,0.21827394096704966,0.2179711376266448,0.045806096239827926,0.3474935274426419,0.04436092961029603,0.21097317023013445,0.2253567466748016,0.09918511660751006,-0.08943526611111233,0.04488788809236688,0.030415312644543807,0.07622961178982951,0.002275596919935202
chr17:2337511:2337512:NM_014853:SGSM2,0.08643609746584915,0.17298406329350408,0.3260731426325296,0.4959239669144314,0.08509699836270157,0.1729954406789639,0.25774983071827706,0.08633562363072647,0.17044493943285102,0.08699665297081158,0.3214986379263822,0.47748615098840447,0.0865991274732491,0.3232097543972011,0.21812063713184598,0.08499255145770823,0.6773074725426209,0.29531556698553807,0.08524877059613592,0.31910747497157577,0.0071548410075646385,0.0863691657505713,0.001876721405423859,0.2811950313639444,0.5733775991146282,0.08542883867476891,0.21702529204335416,0.0847939556932647,0.08540655502257011,0.10983518803137757,0.10016175290676071,0.6506275891122317,0.33622222257983647,0.097411292862945,0.08659407778029349,0.983603880871467,0.0018323476335091737,0.014813578603997901,0.004154889718771981,0.09871811495738028,0.5804783690765284,0.8413928888061284,0.3209088165583259,0.2805716868397182,0.09846087329295833,0.37822509570084467,0.0018157969560440856,0.08476274548062637,0.11357013833578417,0.3376973068913922,0.08871741967370927,0.26701949602445757,0.6682039951315466,0.08497574890059209,0.4747105683962705,0.0860626065359493,0.4872432456534932,0.20503054610348395,0.11916307639617671,0.2159985281536834,0.10229315366691152,0.0018157969560440856,0.1020352186302669,0.18079771617202545,0.3417241067359415,0.20962974555333871,0.0018157969560440856,0.17554839613924567,0.17942140102427429,0.002432879563426721,0.005356132307803768,0.0916987895067754,0.00995286959906272,0.09064252642587056,0.09215830895084998,0.13965024116462776,0.11916307639617671,0.33920005916077695,0.12304333765940015,0.2733675379939154,0.20544535708459183,0.0018157969560440856,0.31564801741976856,0.4824325817963197,0.002541333854807787,0.46533266089547853,0.00995286959906272,0.3288107036839476,0.0018323476335091737,0.35761541476004194,0.378924818030551,0.0020848929393783855,0.10685067390442526,0.204693279372885,0.28393584207436395,0.007470136520482229,0.1473648500843793,0.6512530505685137,0.002245445954496078,0.09825411351791002,0.08499359786617044,0.0026538417355275457,0.5486860338615455,0.4860996749235572,0.31710708461518433,0.09729959744278069,0.1355609970362746,0.6009616258085608,0.35747470216363014,0.084724590545145,0.4553525925082895,0.0071548410075646385,0.352353559504982,0.26702091614967727,0.09249197019343122,0.247637058066552,0.4916995053209563,0.6780623898448547,0.30366834532969744,0.17597245008149923,0.20503054610348395,0.22205169497215746,0.33753496577630093,0.00995286959906272,0.002640341278533437,0.13174637730119138,0.11445142123865165,0.21024117311101664,0.09192051508889329,0.0018324379105019162,0.3815711169051903,0.27284933214114254,0.005881400418882715,0.09711261422917339,0.3313739975936264,0.25707182052142513,0.25707182052142513,0.2572206728809423,0.1188879969500401,0.21700319219777583,0.6528745900227927,0.5306870536985279,0.304913025794774,0.017541156419520698,0.0890748938281109,0.08470227095915445,0.018268556962056065,0.1404713692154476,0.08470227095915445,0.0003865069695446477,0.21689388932367443,0.2177114441420554,0.28025230580623084,0.009459688262435678,0.01548261236746043,0.21054227502833722,0.29168225950857396,0.17367048398165866,0.26701949602445757,0.09248651289411317,0.014644321591438803,0.22866279983887508,0.0856802589316252,0.010255928466576664,0.0018323476335091737,0.21706429406166375,0.8821269261323471,0.6544918828035171,0.7100670276661438,0.3166098706233338,0.08504856181268378,0.34078145247429914,0.01766997460094144,0.00995286959906272,0.35992188011524023,0.5718758621524576,0.01723435223200037,0.014644321591438803,0.0017615890109481391,0.7717045809476013,0.10638611461763042,0.2733675379939154,0.9242544509502879,0.3379627727359564,0.5362380547323816,0.0018489793326474935,0.039551369361376904,0.09252037573271879,0.25807246854781596,0.0018323476335091737,0.007126408267603052,0.011550834236156715,0.0018157969560440856,0.0018157969560440856,0.009209248859187696,0.011882132658877526,0.2726292843054926,0.0018723172639460994,0.6429526098543278,0.22516573327629621,0.09786353235278561,0.084724590545145,0.09752891097036442,0.09892418122603172,0.0021066167328986363,0.21754988231819203,0.38758705224320694,0.0047989299797613905,0.13177977759037482,0.2301844126205833,0.3782783949718188,0.2845050836563918,0.09683676556079979,0.5304606685134997,0.0018323476335091737,0.22123900703106467,0.002517193576939941,0.17367048398165866,0.666400304212294,0.22860345258388606,0.37841200190885055,0.12403952144056238,0.2802391676364715,0.3464707835146531,0.13996917248908478,0.25707182052142513,0.08470227095915445,0.0021066167328986363,0.084266766988072,1.0313780031465496,0.00995286959906272,0.6065274217767009,0.21689388932367443,0.43556218954893133,0.14798587039104047,0.0018157969560440856,0.6748810279398134,0.0018157969560440856,0.47333506365611155,0.21689388932367443,0.9513478423928272,0.7110782932446981,0.3158333100849457,0.004606497334162518,0.4889598252051552,0.2675332682792581,0.8310228228184472,0.0020531370289737783,0.2734003490831675,0.8387484839836669,0.1148054768438494,0.3181247566532565,0.0018157969560440856,0.21784998292577126,0.48528915971244524,0.6050876027700889,0.08584008243666588,0.2715090743618544,0.9516925090263404,0.0018157969560440856,0.0018157969560440856,0.19622104255407463,0.08917019199435111,0.0018157969560440856,0.0018157969560440856,0.17367048398165866,0.0018157969560440856,0.5828521019750005,1.1325901242125789,0.35640759838688035,0.1479115409944785,0.11885274554765574,0.08506229492362222,0.48583582174150275,0.03653692455649918,0.01707667755001835,0.002095975584277404,0.145621503456427,0.22194139376390565,0.002008932706407618,0.3820838569513233,0.5240146763793146,0.5301146700028782,0.01005414402525226,0.08529337866171638,0.006385820807532139,0.6687547757492027,0.084724590545145,0.1925909632662974,0.00918891898953264,0.21139912848915698,0.09254028903454631,0.5721751833620713,0.09776350201620423,0.1315959473297274,0.3974625939655239,0.17793669249569596,0.6780292966988342,0.48632794639356103,0.0018170821359311529
chr17:4833339:4833340:NM_153827:MINK1,0.10834013711914625,0.01458668435396869,0.0031481732630479486,0.051036981088466535,0.0031481732630479486,0.015339355606698774,0.1533098588102348,0.02439054055006834,0.024683732133137556,0.022404039368171466,0.13567440736862296,0.07426913498813771,0.08540727854924675,0.1184590776004539,0.1689851033750815,0.003364368546122265,0.28139083454610814,0.27996237209101943,0.03410323260584208,0.0031481732630479486,0.024172382738879478,0.2759471203811161,0.08554165461371421,0.13666953013994418,0.1533098588102348,0.0031481732630479486,0.17316016671287415,0.004442012237158427,0.0031481732630479486,0.30741755373022855,0.16369184249606616,0.6206645174340306,0.024168835936868263,0.0033134125297103884,0.3874734655481472,0.1858323296100141,0.0031481732630479486,0.2140748489551358,0.003134688423955187,0.24944595760194757,0.21685935829028874,0.5995349225647443,0.04363304571069021,0.2522476592161789,0.3169178114343959,0.17087121139748573,0.0031481732630479486,0.27595135180129715,0.02005084608940172,0.01800358259871672,0.10031932997917072,0.1833610099252342,0.0486019164972208,0.0031481732630479486,0.17518355703399888,0.0031481732630479486,0.3617057844981088,0.20491988401832267,0.15774067669838626,0.3147917563483198,0.21582960924560243,0.0031481732630479486,0.02363925280270611,0.035107514620498895,0.15740459710064172,0.28214308923603215,0.03285223124619814,0.0033134125297103884,0.02363925280270611,0.03402621284370956,0.003319289486820337,0.14484443080917658,0.3063840707605213,0.031007293747733908,0.01791173624797232,0.024168835936868263,0.1476862366063463,0.04392497602164126,0.322763039241334,0.1533098588102348,0.17308508388558178,0.024168835936868263,0.1661073623997628,0.20355912128992304,0.13652269767714706,0.16894910324390475,0.26913901454998096,0.15136034860646158,0.0031481732630479486,0.31757023509033255,0.024439011602652466,0.0031641999366403134,0.012988310659109145,0.012901090528733422,0.03864993644853884,0.16886812398120904,0.36313802442335863,0.18611064410256972,0.023628402946646476,0.26021509519412594,0.0031481732630479486,0.05063225251913435,0.4302965021679075,0.03917560006349595,0.21169196970477822,0.5649883942370223,0.22941846565971385,0.1859318803605896,0.12033344628175115,0.0031481732630479486,0.03410323260584208,0.025905572569329904,0.1617488882685682,0.14204689079123817,0.13651951382700714,0.16959808632963838,0.3006404617140347,0.19204444257757025,0.1907432239608579,0.015721268086142867,0.14362793088942813,0.17240602739326905,0.14495978638794135,0.2140748489551358,0.014397659277959302,0.30417308938780674,0.0031481732630479486,0.19876817211507714,0.1209932026751217,0.0031481732630479486,0.18383276498127396,0.21685935829028874,0.10058607195136637,0.0031481732630479486,0.19316021466220384,0.2781217645436905,0.2781217645436905,0.03410323260584208,0.013226978125524494,0.19873480526719328,0.6105192494241108,0.16173441135862898,0.13651951382700714,0.004533674359064974,0.13652859387793315,0.0031481732630479486,0.0031481732630479486,0.16187709236208667,0.0031481732630479486,0.04561741783511383,0.17316016671287415,0.17316016671287415,0.13666953013994418,0.12513075203584845,0.3671978042024556,0.2493370915174296,0.1774068121779318,0.006733257629668504,0.16605623092951824,0.04464170454546916,0.18782021735942936,0.14511073303803163,0.0031481732630479486,0.16159900420571902,0.0031481732630479486,0.16445223355828778,0.6907518447469302,0.42013103753685116,0.16890336141900641,0.16608784972362403,0.033572638924229625,0.11087345038158847,0.3022819808713005,0.13654873227519723,0.07023301175262894,0.17892584293656086,0.0037081803248213974,0.6068251894409158,0.0081072173182236,0.1597583142267337,0.013081245649218268,0.19207774782452736,0.24594534240711402,0.004141039042488692,0.3140463684596646,0.0031481732630479486,0.13643281268996954,0.13651951382700714,0.03357616577223531,0.0031481732630479486,0.026001179974727395,0.019705518697649388,0.13264252129505383,0.0031481732630479486,0.14508076619418198,0.14202671083343846,0.19073707291533754,0.008116771151878852,0.4206024952410515,0.39274485784903124,0.2959416547638493,0.0031481732630479486,0.14505888975418377,0.16197080824275395,0.044325656371885624,0.17481662414342808,0.19846049851250586,0.24947471624816148,0.01743462418401405,0.2504400155126804,0.18382151709118624,0.03864993644853884,0.0031481732630479486,0.1906353287398036,0.0031481732630479486,0.14508076619418198,0.0713535057598871,0.006733257629668504,0.28059983397095545,0.19510856985617558,0.24962897297201814,0.02426461293006503,0.033572638924229625,0.2881313013841451,0.30216164812298424,0.0031481732630479486,0.17312928271285602,0.034658342203054054,0.003496100003335098,0.2180287164412816,0.0031481732630479486,0.1673354381354165,0.14508076619418198,0.145339072533045,0.24947471624816148,0.0031481732630479486,0.14699165783185217,0.03421017918296369,0.0031481732630479486,0.174817168417126,0.204697839914332,0.19207774782452736,0.18597772175034993,0.13652859387793315,0.16605623092951824,0.1907432239608579,0.21636844847732267,0.0031481732630479486,0.18597772175034993,0.25042444600370856,0.24947734698605098,0.16596131452771137,0.048331629392044106,0.14503439143466387,0.1993546341354841,0.19465611971565253,0.13688038970777439,0.18597772175034993,0.2042558064297536,0.04794248069351702,0.04794248069351702,0.048735593331108384,0.20083395137958485,0.01791173624797232,0.0031481732630479486,0.31877735916499816,0.0031481732630479486,0.2035377659861204,0.589790613736658,0.16605857380888914,0.36418182296793467,0.11933916983994738,0.15543777025298489,0.20645380932164825,0.15287990426468687,0.24961793363811804,0.0031481732630479486,0.10386794292026595,0.32170519381928075,0.0031691730063048706,0.1710875593577984,0.5547219554421431,0.34191225331454855,0.024168835936868263,0.14484929557681508,0.24986055820149572,0.04922086909966346,0.0031481732630479486,0.14216846258469032,0.03377571496859133,0.17423644173642316,0.0038856548948412867,0.1617488882685682,0.03389243023081932,0.13291562946838195,0.2496029759223508,0.03864993644853884,0.18597772175034993,0.08904231594956151,0.0031481732630479486
chr17:4997947:4997948:NM_006612:KIF1C,0.06528162251431377,0.1810314813512522,0.04666748082798203,0.23750112252296635,0.09746656777541432,0.1866740253473683,0.013572607467818909,0.007172193366877189,0.1797159910471012,0.1046894446339495,0.10980272777018124,0.1783174826395949,0.11679091268969141,0.12210446338563322,0.40845842792947484,0.007172193366877189,0.6471613924602009,0.1896701372292313,0.02975163488586105,0.13557576851755446,0.0026466140460186804,0.11557171767761801,0.0026466140460186804,0.13953514809953274,0.41085098551733473,0.030829221999740253,0.2051813250682962,0.35053458331094445,0.030286335208397686,0.49640685746165364,0.01319415619576253,0.6181960714548452,0.04630087163027835,0.17850524324924072,0.1155688637780373,0.32898630211739693,0.004665940869211682,0.4342238795628022,0.05085998524620222,0.01208868141420208,0.7078999083267095,0.23365037688220205,0.029749897167780565,0.07877944344893945,0.11020316896280008,0.24036629355728487,0.004665940869211682,0.3132394447822453,0.08172587091609809,0.013027321955172061,0.002874953943566988,0.20410254978354786,0.22103248512883686,0.004665940869211682,0.23624149057694352,0.003612153742659663,0.5266402405424864,0.6250874108134639,0.10679789358808053,0.6773676335913119,0.002942519825291895,0.0026466140460186804,0.08338809863122071,0.07931363370743219,0.10834314899040959,0.002633784194425254,0.07707687588008322,0.1786125810217083,0.14516670299932982,0.0026466140460186804,0.005649318900595557,0.0403493225488791,0.6508445031438623,0.003388357671675085,0.09342970499111417,0.23912603777327873,0.16428657499019111,0.02975163488586105,0.20855065975872636,0.40905908720418455,0.20617226505531216,0.0026466140460186804,0.1978619240471733,0.27160019276302527,0.0026466140460186804,0.2082733843958571,0.40408757666974526,0.2861369515367299,0.003612153742659663,0.10687765027739396,0.1287149756428038,0.05085998524620222,0.14450449937525126,0.09278581274805334,0.1443134695038651,0.1436160522219607,0.00552939193583013,0.343100672765421,0.005825988967524565,0.0026466140460186804,0.030829221999740253,0.0026466140460186804,0.02877889937954098,0.10533892024453012,0.412381336401791,0.04345164910328475,0.28367153576301407,0.3431229384990966,0.1100233343855917,0.004665940869211682,0.10530779861312659,0.002948567812856573,0.6241896026922837,0.1264626613355944,0.13646773925199732,0.2267913955179544,0.34637738662812995,0.6500002587595484,0.23618470164464905,0.09962920059362232,0.10588406268017508,0.23203019374904865,0.1619312988887407,0.43091959344876685,0.0026466140460186804,0.16795840625715613,0.0026466140460186804,0.5955734889689821,0.003766591530436625,0.02975163488586105,0.6493079937919433,0.5931031336117892,0.004681129378472898,0.0026466140460186804,0.652532950278768,0.5233318660391485,0.5233318660391485,0.0026824691511982135,0.34999023681536423,0.40643013047303556,0.23670257666160985,0.3443688807730307,0.13646773925199732,0.004551002503343671,0.05086336272277936,0.0026466140460186804,0.02975163488586105,0.2297116537131861,0.0026466140460186804,0.03518225964298233,0.18033641992829272,0.20466720968252022,0.17367603114304345,0.12028036655694788,0.0038812860648813896,0.22674414565704765,0.2501555568932071,0.0026466140460186804,0.21316695712494707,0.2392251301332288,0.4271502009781762,0.0026612491914377034,0.004665940869211682,0.19757358631775795,0.003612153742659663,0.3115840596207917,0.2533839739292494,0.35849016181013105,0.2354819031017139,0.40425938841311754,0.40406819351199125,0.0031554393194600794,0.0032167507216446234,0.22483992368142586,0.4694000969470073,0.2051813250682962,0.10726475269238861,0.43423822155192776,0.029022481507359477,0.23855715562414423,0.09278848553240412,0.23741148047412988,0.9846163530323844,0.002716119449224924,0.2362802353518037,0.02975163488586105,0.10537263124853141,0.43824943920478354,0.1154912548728797,0.003612153742659663,0.0026554803670698623,0.20590734953116085,0.2235776658763395,0.003612153742659663,0.18030181484303354,0.0044776250698062015,0.23631823555595458,0.14694735444046278,0.21780688369806897,0.5865870703971925,0.014322220070333458,0.004097647820382577,0.18127112020684238,0.16436663358273446,0.004237122536920684,0.24419372287703597,0.10531652170450731,0.007558761332448982,0.23914107156783634,0.25882639190089485,0.24578575880478798,0.20317270389272973,0.0026466140460186804,0.23685168084795982,0.02975163488586105,0.20252245504064892,0.004475346579151801,0.0026466140460186804,0.5130800355059252,0.5266402405424864,0.016798977877294896,0.12482453208996128,0.1053312167452628,0.21188776976767082,0.11031576916899422,0.10530779861312659,0.0026466140460186804,0.004216961755947185,0.002792012765632401,0.6604394888898428,0.0026466140460186804,0.13769162628000742,0.029287324764385447,0.5228693519168537,0.00552939193583013,0.0026466140460186804,0.3360601564926494,0.004467195447696581,0.0026466140460186804,0.6715275648006008,0.649278279235519,0.28005711704592057,0.5935800302301326,0.05166232011237917,0.6485954334944026,0.18220578169609594,0.1966188993422081,0.02975163488586105,0.591253380079578,0.9840856723127975,0.007353464637389812,0.4081729425319193,0.0026466140460186804,0.20357193518870642,0.48697137903232207,0.48960456424493193,0.015484564473680046,0.20521705100054827,0.6520657881599615,0.002715834723549776,0.002715834723549776,0.23428266425026104,0.16666886005699746,0.2235776658763395,0.0026466140460186804,0.0026453758936845484,0.0026466140460186804,0.23328535800278904,0.3132802843705299,0.4095112656763852,0.007353464637389812,0.029838743996286943,0.030661957608254797,0.2141565135424517,0.2668453618526817,0.005613058251866365,0.004665940869211682,0.24076586377465767,0.1973324820863656,0.0026488385216454913,0.6491677120650567,0.11704991532145059,0.23685168084795982,0.0026466140460186804,0.004205288008556407,0.07708734081738203,0.20297418463750555,0.030286335208397686,0.4783647938840155,0.18057339436935435,0.25677934698183313,0.22430372733757534,0.1761455226577769,0.004097647820382577,0.12345986841511192,0.01627217091639005,0.13666824967214086,0.2056612180303024,0.6463411219398687,0.0026466140460186804
chr17:7336528:7336529:NM_014716:ACAP1,-0.0008557821117473052,0.2800089468135073,0.19908066569766408,0.4976069407800878,0.44895754338339283,0.3854857205402036,0.0029548101421943973,7.921433577495751e-05,0.03867200813903482,-0.0008452611517671405,0.17004599591598343,0.16942870972831683,0.13039617477254384,0.06867596314458113,0.6964243356368716,-0.0009292155821764569,0.31358576200123656,0.5792684822681533,-0.0008025474930266063,0.14091630661094703,0.00811075408601375,0.009888408676452354,-0.0009292155821764569,0.010761708162193462,0.2930344479773791,0.19901305586710566,0.510297867909988,0.01015330475596754,0.06051784958732137,0.18735137888801998,0.3039512822806867,0.603423426646878,0.46403636399299875,-0.0007870038738202467,0.08691521452283008,0.17506713047336608,-0.0008475045760785171,0.5370574276939498,0.16959067388758076,-0.0009269061387615074,0.8038813802139989,0.838633405186721,0.3225080508590987,0.44830805659317297,0.6944355635267129,0.3020965322699687,-0.0008475045760785171,0.46548842006509444,0.11263062295733423,0.3350365272568596,0.09153958989576061,0.00036093303619194606,0.4829067770787621,-0.0008475045760785171,0.5433190742400001,-0.000873001429990472,0.44102415602623174,0.31283568093330794,0.3888004405434049,0.15496912142034167,0.09189402922557788,-0.000757701189973814,0.027415580984673504,0.4581576610774866,0.4723864878846467,0.1310894483667408,0.1301405779026887,-0.0007792207294126108,0.12112062289934544,-0.0009292155821764569,0.11261833296087215,0.30842108043687433,0.05906225229641371,0.0017351218774280808,0.450882077390986,0.11033266046781953,0.3888004405434049,0.038917202199598155,0.42143894357214506,0.5314877513151954,0.5439250086689653,-0.0008475045760785171,0.2959013467103095,0.38859189531049276,0.03417608858955168,0.7036385533379296,0.2984024804430314,0.11782034329245572,-0.0008475045760785171,0.1397702676871344,0.15064958199048173,0.03416446104027954,0.44059456482054943,0.1331481210484002,0.02741594748293341,0.08941867469571507,0.0554911849667854,0.5249203328682803,0.039696678770193616,-5.623590310954718e-05,0.13022881003817394,0.2655395521564109,0.20066418883888873,0.2933702079459748,0.09161383269734752,0.1463755898916544,0.15363806782799844,0.32197738142984633,0.17130012911701992,0.05466845419303967,0.17430698260658747,0.008093303210216507,0.6035714815773106,-0.0004266934100640163,0.07042543495179338,0.1942498956576083,0.2869850790127464,0.5376470239118885,0.5478823591659042,0.1942735315423767,0.01818813150564319,0.5189376807004016,0.14725188195965497,0.4884558239348209,-0.000873001429990472,0.34840902824276554,0.07671244659167017,0.28708274952128,0.23090144374416618,-0.0009292155821764569,0.30936643956489646,0.33892115248629834,0.09197897233080382,0.13309595721016462,0.6557359523037254,0.5382600458354471,0.5382600458354471,-0.0009292155821764569,0.29248080019595196,0.018184010367688463,0.3461320037509511,0.31900736349091396,0.018651218207046016,-0.0009002334264615053,0.17106849726378862,-0.0009292155821764569,-0.0009292155821764569,0.5838024409993101,-0.0009292155821764569,0.2722992152579039,0.07804980532100739,0.5063126414207622,0.012108836409842616,0.14266361978444086,-0.006289186757810095,0.15412915115960837,0.49828922720252633,-0.0009292155821764569,0.04617683076958279,0.478245964614423,0.5155462788723819,0.1535722526318182,0.13022881003817394,0.5280941366704963,-0.0008475045760785171,0.5110310388610128,0.5860842380031083,0.31352753814253653,0.7268634824566597,0.5026971399786306,0.4756025497688446,0.09302912600385549,0.02136002620452515,0.017721973520729684,0.0362790411576307,0.19459128750072704,0.003409444177701948,0.5365535977508804,0.3013103411258149,0.4656449898593236,0.4483753243304632,0.48210682840031843,0.7150101129529363,0.027817755209856965,0.5188435260014529,-0.0008475045760785171,0.02071337981487359,0.0006500893441604982,0.0038788176073600855,-0.0008475045760785171,0.008093303210216507,0.15194228484932162,-0.0009201628686129615,-0.0009292155821764569,0.1885442104917974,0.16966980598229958,0.3468137878220158,0.279774363477032,0.12459892730685318,0.17851011880326692,0.287007251244922,-0.0008475045760785171,-0.0013266577282138314,0.3718032630929825,0.042258781262178136,0.2950098713060627,0.000386590709317125,7.90717391535578e-06,0.034774162179433854,0.3598447104748547,0.043466899489263966,0.048044179183333646,0.13309595721016462,0.48268245148217676,-0.0008475045760785171,0.2959802876176129,0.008101181399573998,0.01811961768157805,0.2101010912132436,0.454417188552465,0.0023570598038450408,0.4671863766994645,0.4767491661787111,0.32135174263630595,0.37421303748038726,0.01614515480616996,0.017738021993480457,0.042258781262178136,0.0017185209923336053,0.37985591818739495,-0.0009292155821764569,0.5410420350087203,0.0029548101421943973,0.14371249566456473,-0.0008195156764839728,-0.0009292155821764569,0.24113366415064943,0.13121831590255853,0.0023317991358377532,0.5435958170133686,0.6474867301340501,0.43484412172735026,0.37807857038747716,0.48016932941454155,0.2945463714578598,0.4792611251419295,0.5446445006103438,-0.0009292155821764569,0.353032587008151,0.6944905134099943,-0.0009012294252325193,0.3905878764142702,-0.000900157518474165,0.48601717359489266,0.34152311919688916,0.29511570950788946,0.07235206802994892,0.5159627090117206,0.39082415515227586,0.0003414656074522404,0.0003414656074522404,0.3323735133223947,0.03719433519551657,0.049001411194622535,-0.0009292155821764569,0.26757408891744217,0.13312369229060544,0.5273298749778103,0.7241238283570581,0.5125245034149424,0.0377027674040753,0.009041586337302732,0.32511772152129026,0.6126355888289929,0.20394074918940028,-0.0009002334264615053,-0.0008475045760785171,0.5129932471002325,0.5454044861740931,-0.0009292155821764569,0.3052083514477588,0.513582594194025,0.5758807616722186,0.001061272199975205,0.04234806053638379,0.13153712596649014,0.4503248198670543,-0.0008475045760785171,0.0019014978116999592,0.26224887121502866,0.04970055823332137,0.0019133483176573263,0.3077242919179299,-0.0009292155821764569,0.05627285719706249,0.0007715554235425692,0.12112062289934544,0.5164321519353349,0.003384452418857209,-0.0009292155821764569
chr17:7479625:7479626:NM_001128833:ZBTB4,0.0936685854453112,0.6063928155995351,0.005013819184292001,0.3742037993449503,0.0007862567611913174,0.38751125212252646,-0.05905864365672453,-0.05999413813863985,0.025408170808422947,0.09940640890741181,0.12237713427360047,0.13552740982102934,0.3892840543288538,0.14517122802185622,0.10186060531545924,-0.05999413813863985,0.39544957539291886,0.3966198088128447,0.11639563222524635,-0.05999413813863985,-0.0001215979803529943,-0.05423276410864991,-0.0009627193747207552,0.4301642776318018,0.15262866647219442,-0.05999413813863985,0.15421183612690992,0.07590496372189476,-0.05211121569770549,0.009797517024640379,0.2666031216099862,-0.04687241409268417,0.12489709408526412,0.36632608549773565,-0.054229430058765626,0.3891095320009439,-0.0009627193747207552,0.06724970849730427,0.1201200575075077,-0.0009627193747207552,0.06415939609827744,-0.027818527553763905,0.09668374251282336,0.006360657391516977,0.10826913201238747,0.25442622623178146,-0.0009627193747207552,0.020272339945440532,-0.08689453628586924,-0.023483063829070838,0.5096143173239007,-0.0008891665241054225,0.1330373004902332,-0.0009627193747207552,0.3748905129371577,-0.0009627193747207552,0.12019513891306174,0.013882902138627973,-0.04958155575664497,0.11275404868472785,0.6245296094838761,0.02379513513715098,0.3622406084097498,0.4059177049808639,-0.04523256100405565,-0.0009281951601795568,-0.000955301569939504,0.3721485630382653,0.3622406084097498,0.11856429386719863,0.1341255475978822,0.1585383355959985,0.1526608706910516,0.08258717070881566,-0.05870042982242152,0.41774144269539193,-0.04958155575664497,0.12142479907417492,0.16176457590191895,0.21179612523745053,0.15463138006614163,-0.0009627193747207552,0.10193138417118755,-0.04221134466380638,0.11989962612720323,0.1117253493811663,0.00042975827436786407,0.17074568674263574,-0.0009627193747207552,0.04447307166070008,0.11639563222524635,-0.000957230348829996,-0.000955301569939504,-0.0009490828872553703,0.3621951398601487,0.10183065714052034,0.08258717070881566,-0.039298457274397736,0.11962276947640138,-0.0009627193747207552,-0.0009627193747207552,0.0010444715613951439,0.047784874384898035,0.013262907311157979,0.14566184193780968,0.1055213439516633,-0.054365142342167105,-0.04841947993635576,0.08404956109126621,-0.0009627193747207552,-0.09615503195536015,0.0065985621166193,-0.04241788851304884,0.21173016412614304,-0.0008896426947216929,0.0446382023672402,-0.0319321036431921,-0.06001656620980522,0.15954809990024565,0.4438638709520525,0.1525160274753231,0.5710514173423967,0.14587441408388008,0.006405075612311462,0.1185802233037701,0.1532502532018235,-0.0008735541350231024,0.15884329788550694,0.11620012712191036,-0.0009627193747207552,0.22380965378515583,-0.0593785942606444,0.08639391182179124,-0.0009490828872553703,0.1149535226631894,-0.04738843876419552,-0.04738843876419552,-0.05997651551240318,0.23843469695175973,0.10194283321952341,0.40991286656454695,0.4074868424572978,-0.0008516348205754865,0.026426455685855166,0.12012721059189446,-0.0009627193747207552,0.11639563222524635,0.28194222134556174,-0.0009627193747207552,0.15823855413226606,-0.0009627193747207552,-0.05869621488198712,-0.0007735978453396464,0.1700071913605306,0.00035621301031807384,0.047772909180596235,-0.05828242760134539,0.13108876716749013,-0.0008578998568178342,0.001168536377626428,0.005877054609328747,-0.05875429486035827,-0.0009627193747207552,0.0841486106732432,-0.0009627193747207552,0.11763514392147206,0.1276894930143083,-0.02936896433987657,0.10335001449098297,0.018963616465126565,-0.04203684331734164,0.23166773713376848,0.0016872771807181497,0.1525799214777484,0.1475549111769146,-0.05869621488198712,-0.00015278123820411382,0.21989386666506336,0.013427595430621164,0.07228333778108553,0.005047357451786971,-0.057819576366492265,-0.03702874021037533,0.014308381543549076,-0.04833387610334461,-0.0009627193747207552,-0.0009172889047374122,0.012872065741670213,0.3066551096848212,-0.0009627193747207552,-0.00012032870903244675,0.15247409791615008,-0.000936781860561231,-0.0009627193747207552,0.21614145873646257,0.11990677690026585,-0.06004234643108958,0.2643109608220671,-0.04835638029979733,0.11800606576356171,0.36224897733725747,-0.0009627193747207552,0.013280046782271071,-0.0493499763617577,0.12300601807509703,0.1602672785476036,-0.04508897917363036,0.11648998292289531,0.09229284004141053,0.1274675435066947,0.09727494005820475,0.3640565188084195,0.11029782651643893,0.15297344990811418,-0.0009627193747207552,0.1541137891234357,-0.057715778965129416,0.13110244878121768,0.007766770133118439,0.11121602106452455,0.000711780642826898,-0.0009014302296562748,0.014233122432822654,-0.04755033910614581,0.12831048844636878,-0.000955301569939504,-0.059969668846470425,0.12151507192139799,0.3622487260743614,0.6916686171393229,0.07490167822289207,-0.05738820415803708,-0.0009212118737206287,0.10201214949076742,-0.0009618424478158305,0.00037803239087691454,-0.09036825940542256,-0.06010043541594412,-0.0009574894941040135,0.17843352286996628,0.6288312612562069,-0.04858943781644803,-0.05142669001957978,0.1166682731139348,-0.05220845817533232,0.15419335183013633,-0.047481814532715494,-0.0009627193747207552,-0.05942540929389345,0.1470042938733259,-0.0009618424478158305,0.0051635687820119625,0.11639872660911899,0.15456742931902046,0.4055203923340056,0.5147871111339108,-0.0375259637272054,-0.0593785942606444,0.054083359582276336,0.016279898754780975,0.016279898754780975,0.3640565188084195,-0.05785628581871344,-0.05999413813863985,-0.0009627193747207552,-0.05909916905246276,0.014810819838963374,0.16102079880262124,0.2590141740046289,0.007132909102483598,0.08265082258828865,0.0936629524959855,-0.058737648054903835,-0.049762697979787884,0.08487911032713963,0.0014035001763111343,-0.05999413813863985,0.42023076977122487,-0.05135488239877345,-0.0009627193747207552,0.21705109474891277,0.10649076003156485,0.16278160097415895,-0.0009212118737206287,0.1225057407465463,0.006402324869233755,0.12782258531726792,-0.0009627193747207552,0.5351979120824337,-0.0420731380494031,0.02733378233087458,0.00283546771896126,-0.03895145464733585,-0.05999230924392851,0.4664777240752513,-0.05999413813863985,-0.0009264573458031555,-0.05807522792292841,-0.07366422437299397,-0.0009627193747207552
chr17:21253266:21253267:NM_152914:NATD1,0.10796374706309378,0.25452312860676896,0.07272607711436425,0.20649868687911044,0.08548888164148902,0.32604819581911254,0.011923567115609608,0.06215624104031979,0.25435851503529416,0.20002739888879248,0.12483249332201482,0.07595172807448948,0.2636774104386869,0.07540330427375871,0.23888509468599517,0.05945993513468776,0.3275482274018201,0.39469383214581677,0.20002739888879248,0.07272607711436425,0.04740192511991269,0.19082819962373207,-0.0004937286647647334,0.02314416476744075,0.04485374963945992,0.07274727357101402,0.04900933997178733,0.15147874365420774,0.07272607711436425,0.11153473391451835,0.21144959395692453,0.35552928647275867,0.0768540712882911,0.13508178973654839,0.21730612255835366,0.03878545362880491,0.07272607711436425,0.18837105600564055,0.05994016471240314,0.03775778730223284,0.11092867102040685,0.2974044620457839,0.06959968899387425,-0.0004937286647647334,0.34044281464822757,0.29521383327041106,0.20002739888879248,0.10798226143066642,0.031682958519285126,0.1110573484810674,0.1686590392843476,0.08696005540142883,0.12483249332201482,0.20607427845486365,0.09859674123619566,0.07532643513111478,0.055427740851033275,0.17546593345809258,0.3285274053218623,0.18572400430268107,0.11737474291253686,0.11747683101127408,-0.000632766646358288,0.13311115659095485,0.12184297725347926,0.10009768042208482,0.011828819056158037,0.12223984374302684,0.05670204310089222,0.05949825431602259,0.0029037683238654563,0.12124435954657274,0.2847552659677959,0.4391654906472654,0.21760946761971392,0.06869423752824202,0.3285274053218623,0.15248520133274035,0.12004884110299538,0.04487583911836388,0.05296451870367183,-0.0004937286647647334,0.17043542175146015,0.15711296601231076,-3.747677211119946e-05,0.15343863706908817,0.0998334889704727,0.26442618226910175,0.20002739888879248,0.15211194169297637,0.05225066035346494,0.011838134104742258,0.04205259505744463,0.011815838440309707,0.10713702373547489,0.123407427211116,0.0890064698546346,0.27386959549314366,0.16748082217833407,0.024154837505440653,0.20607427845486365,0.07272607711436425,0.16959894506330098,0.04326948815132944,0.3056974993651064,0.36127960547800014,0.08673921738495576,0.36168593677278893,0.16480321045896906,0.20002739888879248,-0.0004937286647647334,0.007232472375531707,0.10166050984903731,0.011838134104742258,0.010020986613437432,0.04285911249486808,0.08630215722209583,0.14400829546725022,0.11098223659936235,0.037587473202208385,0.0734912984076981,0.20261520922817697,0.2309129876363911,0.12030555433241907,0.07276493687456127,0.3857247553930543,-0.0008207348649769096,0.16089996343454013,0.18543607472089066,0.011854873493567614,0.16821392971328208,0.11092867102040685,0.18720971364760577,0.0006321026227275647,0.11301684933959996,-0.0004937286647647334,-0.0004937286647647334,0.011838134104742258,0.019963308095618602,0.13452899399200094,0.15269405186267349,0.020178610569980812,0.011862288583975738,0.13520342289742804,0.012295007456435626,-0.0004937286647647334,0.014623421503523797,0.33810593914795445,-0.0004937286647647334,0.11895199942197737,0.011838134104742258,0.1713056561457025,-0.003951762507036438,0.07241083729299562,0.0075700564345368045,-0.0008207348649769096,0.007889556020447771,0.002445011132854587,0.2389139145608728,0.24032453594588707,0.21016950677842905,0.0734912984076981,0.20002739888879248,0.18854024073268513,0.20002739888879248,0.08638670999063004,0.4161983960496685,0.22031952604069913,0.15343863706908817,0.011854873493567614,0.10805329048819406,0.08019901500022944,0.13520342289742804,0.370478084904548,0.10124581675416422,0.1713056561457025,0.13520437549365513,0.05090173485572658,0.004160414764028656,0.27934926035524277,0.0654063412918171,0.14400829546725022,0.49799456463147523,0.07272607711436425,0.04207640272556769,0.07532643513111478,0.015291032294802193,0.02277807046643787,0.021007462867229466,0.20002739888879248,0.007232472375531707,0.03650445980935779,0.06544694041564372,0.07532643513111478,0.06671167010182757,0.012295007456435626,0.11301684933959996,0.02032846376626571,0.020311391693040158,0.09762915799288494,0.1557946586988676,0.20607427845486365,-0.0021229793837753124,0.2902114134405953,-0.002107294215798078,0.120278825394204,0.08696005540142883,0.18737897778612483,0.04832096418079951,0.21814989909882895,0.19455725821692688,0.06756296288399187,0.013081248469544442,0.3402441794847146,0.263469831966932,-0.0004937286647647334,0.060578178670989385,0.008320398131691463,0.05277378320440118,0.02237499658864645,0.08937957246956296,0.12138263297802973,0.07272607711436425,0.15149182544718726,0.3857398740180561,0.0364807407812818,0.021293170472100484,-0.002107294215798078,0.10557406183653159,0.09359493779293188,0.010001038090194803,0.034633474875275606,0.00648572774087453,0.11692811386086654,0.08629132879612736,0.05920835164307245,0.261319401106184,0.01614866730520749,0.04548188853619908,0.17546593345809258,0.41537463431379174,0.14400829546725022,0.15350666841546579,0.012295007456435626,0.011838134104742258,0.03478592242175118,0.19429956708250093,0.20002739888879248,0.15341863558929117,0.28071206729712594,0.06498910992406957,0.0734912984076981,0.010141213782976935,0.11091906771630114,0.3035276957932408,0.13052331388181418,0.10927813144084014,0.15341863558929117,0.13587973765315542,0.07945538213185019,0.07945538213185019,0.07486474910128872,0.08311244592410709,0.03351792679034937,0.011854873493567614,0.04206210408368047,0.01186235840117393,0.1927626263198163,0.4004198285287361,0.022417077368533565,0.06357672578168602,0.1213984316556416,0.1468605551017271,0.15341863558929117,0.01071879040653214,0.13510206334783337,0.011854873493567614,0.06942172357829682,0.10400583235427457,0.0041819885092559995,0.16821392971328208,0.25466418809217106,0.42733383988939794,0.0734912984076981,0.13074668336489573,0.0031525636613170243,0.08548888164148902,0.20002739888879248,0.021884400391289652,0.011854873493567614,0.25919876985328516,-0.0004454447144836733,0.04900933997178733,0.056395481339593635,0.07991667364561722,0.04167982246732656,-0.000632766646358288,0.1534820256324446,0.013439746963891813,-0.0004937286647647334
chr17:21376386:21376387:NM_021012:KCNJ12,-0.04363018784056816,0.04440800980294968,-0.04409136794440438,0.19300494167300664,-0.043655575838157046,0.0623644312384507,-0.04417921353260135,-0.04377416157933378,0.00040923072493326274,-0.006357766300913337,0.01242217140174151,0.08030855708824453,-0.04369122872702047,-0.04312223772882662,0.08608917095650287,-0.04395684454464632,0.19805992697921293,0.13853652318358295,-0.04741278805182636,-0.04409136794440438,0.000877652362056669,-0.03421550421774966,0.000877652362056669,0.1786091159043216,0.0012990854148428044,-0.04127258541094658,0.08608917095650287,0.0010494011992769336,-0.04409136794440438,0.13842637376308364,0.3012195430586059,0.07721412894355345,-0.04408648758866618,0.0010693973941848789,-0.03408556741456614,0.04087606344816008,0.03909671471127529,0.0012990854148428044,0.0009644806105417181,0.001050193217843498,0.001405592051176685,0.24389614786087477,-0.043835529410437335,0.000877652362056669,-0.011301902700790123,0.0934672044648811,0.03909671471127529,0.12121355855528065,0.0961467249085518,-0.04367135800409272,0.28599266437686377,0.0007481908999477094,0.012038340202516706,0.0392909311044598,0.08596801094621981,-0.04390869730390223,0.2500592396283405,0.08638033766166797,-0.010969653785593558,0.2484898125311939,0.21021758246273659,0.08352071472068423,-0.04384819902278103,0.016009121577568952,0.03197169992346338,-0.03888004127705136,0.08606021796962604,0.04438485415548776,-0.04384819902278103,0.0009644806105417181,0.000877652362056669,0.08044188697339877,0.04202884258568956,0.07097044431602867,-0.04387311879439271,-0.04407873379148475,-0.010969653785593558,0.0074139493651744215,0.04200515959634654,0.0012990854148428044,0.08628313513094338,0.000877652362056669,0.08918951067259062,0.0556479858848678,0.003988733697726898,0.08059932789145402,0.0012990854148428044,0.03105257049008059,0.0010494011992769336,0.007539017838797291,0.000877652362056669,0.000877652362056669,0.0010612542080547516,0.000877652362056669,-0.03544429820747097,0.22518382604845322,0.04162952593931424,0.07826316675993972,0.054691508546967804,0.0390986212224676,-0.005301039717675593,0.08628047654144227,0.03891960632115099,0.0010440829076858171,0.02519397099129872,-0.011301902700790123,0.0007782564890697063,0.0829738834755438,0.007539017838797291,0.03909671471127529,0.040705921027159586,0.1370200863553961,0.0014208716402559496,0.000877652362056669,0.003754216329146187,0.03873598592585431,-0.00277023224031947,0.0015979362481934323,0.09785751575461932,0.05073340379221519,0.000877652362056669,0.14367601470016983,-0.007890629194726828,0.0012532561376486506,0.08628047654144227,0.03430139145337896,0.000877652362056669,0.08638583547190071,0.22529964910463868,0.0009625644387344368,0.10197304444564392,0.08663558213207895,0.21488681722297343,0.000877652362056669,0.1416975754028284,0.0006933565686539356,0.0006933565686539356,0.0009479657988807344,0.13891350468693553,0.000877652362056669,0.12910416212288417,0.0007003923062489092,0.007877699994001397,0.0008887125539577823,0.0008792621909162746,0.000877652362056669,0.0009625644387344368,0.12250856117098174,0.000877652362056669,0.004197244283159041,0.0013503875051915082,0.08628313513094338,0.0006933565686539356,0.1306081400205209,-0.0024743962465096914,0.038922908779457144,0.000755227499938782,0.000912786111760322,0.0012561329560291101,0.08608917095650287,0.001474565006920725,0.000877652362056669,0.03909671471127529,0.13407058637560465,0.0010494011992769336,0.021086010910202957,0.16220912290833212,-0.0432525769884885,0.001052196079861678,0.0009657075644201596,-0.04314854291092629,0.08948453885658747,0.0008895048989035481,0.0010036910526557974,0.27280160440160744,0.08628313513094338,0.0008855696307965011,0.000877652362056669,0.01525017044473359,0.12479178535803748,0.0010542148664561823,0.0015979362481934323,0.15699627982433956,0.0007355530153835277,-0.03466530009802893,0.0012411741110040508,0.1366404207160296,0.0012692087824560105,0.1521851345670106,0.0010494011992769336,0.0009169674722978027,0.08627013374995002,0.0010542148664561823,0.0012411741110040508,0.0007782564890697063,0.0006949662332446094,-0.04368848386879576,0.013549967748140157,0.040343639793232466,0.23721761775818517,0.04051294586769927,0.0392909311044598,0.000877652362056669,-0.004920940041192701,0.012571020237028052,0.000877652362056669,0.0008671483472502683,0.21280504373199866,0.08632679218706668,-0.044089473636912624,0.086113810477712,-0.04379025838853157,0.0009625644387344368,0.13873216488739232,0.0392909311044598,0.000877652362056669,0.13697611984195346,0.000912786111760322,0.10560565304652364,0.08999788088149219,0.0013022687978380687,-0.04363018784056816,-0.04409136794440438,-0.04363018784056816,0.034566220755811894,0.000877652362056669,0.0010542148664561823,0.06271572384811702,0.0006933565686539356,0.2574389796469116,0.000877652362056669,0.09273862969584923,0.000877652362056669,0.09851862731232885,0.03930100934982256,0.0009625644387344368,0.2676788242797367,0.0009625644387344368,0.000877652362056669,0.1330348934794232,0.08035438117020455,0.08661357104446671,0.22345948577479957,0.000877652362056669,0.0006933565686539356,-0.04400877569915773,0.2017177981082327,0.03909671471127529,0.004691681023796024,0.393282191151223,0.03912182717220869,0.0006933565686539356,0.0009065178286441489,0.0010542148664561823,0.0012600100222063815,0.365921907435717,0.13091781223329446,0.08663558213207895,0.030767512795755347,0.0009169674722978027,0.0009169674722978027,-0.04329448617473508,-0.043921040655841015,0.0012990854148428044,0.0009625644387344368,0.09750138563545019,0.0012286913666834098,0.004185713134872815,0.24334157564035902,0.0007782564890697063,0.03912589159904589,-0.002816714396378761,-0.04134606462201629,0.0012821022558987538,-0.04405100369713566,0.0008855696307965011,0.03900710698594312,0.05072962031751188,0.0038103651020969243,-0.0017346624346012418,0.09555865681712666,0.17131798851342545,0.13878487214014895,0.000877652362056669,0.0628058747343278,0.12102570169863908,-0.043873931585936554,0.03909671471127529,0.00020438430304114963,-0.002798254769772801,0.0009644806105417181,0.000877652362056669,-0.044044686031906144,0.0038392499019428983,-0.004458546247363526,0.03930100934982256,-0.04384819902278103,0.0893608444998299,0.09342702063817993,0.000877652362056669
chr17:28812435:28812436:NM_001288634:FAM222B,0.2393741615312267,0.4279161069665731,0.17683243987266334,0.0265524744587088,-0.0061390485899002895,0.7184414385220469,-0.0061331039898459005,0.17683392086589023,-0.00610984969584924,0.1450389436761139,0.33276055224569856,0.3665726090103547,-0.03434170465218574,0.6829800265166606,0.442561588180297,0.17683392086589023,0.3585047244704886,0.9073123929381004,0.18178962996976278,0.17680033924869049,0.007513471141471398,0.18276522041867294,0.09056469797139605,0.3681366507257152,0.456609900330612,0.176811922293516,0.3587832887754536,0.2850259170200222,0.36522585046038525,0.17770291894604817,0.2276257555825773,0.45122933839403395,0.17689215704449177,0.22543336491285348,0.21215708740135336,0.36873629670947633,0.17683934878507326,0.4562402309523646,0.3675660388367532,-0.005618290143455051,0.4567143057528336,0.45104813576514025,0.6256852726470703,0.18202085667745144,0.6269852570122134,0.6193508141903403,0.17683392086589023,0.2700942171915622,0.0013928432887341802,0.17750489938032377,0.17896329752568563,0.4550064590366916,0.33625124536218437,0.6406756377511844,0.4419533593145389,-0.00614352095069895,0.4528597745849191,0.36922988849453753,0.3670358698715365,0.4509393896618617,-0.005856586443389572,0.715001570704228,-0.005842774872678896,0.08095761814759812,0.0813483677666284,0.3596152002257742,-0.006108679890797844,0.7150798557000946,-0.005878774316312285,0.09283575469877987,-0.002526598814580408,0.3711852437516406,0.45511338544861774,-0.0050114309922544426,0.17727417284566832,-0.017635022849282853,0.3670358698715365,0.18198426465785464,0.026011081842551256,0.456270120051832,-0.005812806511151902,0.4042227120052831,0.4503900656231305,0.4499163769059506,0.14684843727930985,0.44257048244785435,0.4547114457695832,0.1297473189498324,0.17683934878507326,-0.001998386592838519,-0.04340263687001136,0.35816519342303005,0.4409924770510946,0.3579639095711512,0.021706274029500275,0.026898094325485233,-0.0059026404621866785,0.9031769790612177,-0.0015136541282220334,-0.0059069486866902415,0.6406666635192141,0.1209260066040092,0.6344934727469141,-0.0010076583466983174,0.46966023104489585,0.6376760411766332,-0.005781639943392314,0.4501103834253812,0.002574341846727682,0.17683392086589023,0.36904358617652533,0.004168704377516069,0.45522208376580514,0.4547114457695832,0.025406205382767832,0.6471538884584801,0.5336119076484962,0.4504705008926713,0.022138888162660325,0.05164976621926856,0.36793816738262775,0.4432879531236151,0.14510163631883266,0.45594336902357935,0.12123641294703619,0.7075353536471606,-0.006100406403610467,0.35906521822768084,0.2507196010905747,-0.00614352095069895,0.6194316398679417,0.456270120051832,0.21875424591829068,-0.00614352095069895,0.4499437617400267,0.6856345041890406,0.6856345041890406,0.4544972233153566,0.7120817508611618,-0.006031628712835149,0.026076341010439277,0.455009543082432,0.025474368630261604,0.5120809396442018,0.15080091069162693,-0.00614352095069895,-0.0059069486866902415,0.6835500209950529,0.17683392086589023,0.5161405218034537,0.35871913852104925,-0.005746461272235964,0.02141968211172597,0.23485980258507916,0.0018095381983336545,0.17738079550739141,0.45048943142322667,0.36523964744834236,0.45630308351041926,-0.0007698908736529508,0.4562402309523646,-0.005772850758386169,0.1768448073775537,0.17729574779860693,0.17683392086589023,0.3579284219339949,0.4522095620038157,0.4815745724250097,0.4565215855409286,-0.005453312685439554,0.2348908539044278,0.09408143975449818,0.8864349522368437,-0.005779845028011321,0.04127125233105336,-0.005733373345648413,0.4097966377839969,0.456293499402778,0.026920482536731072,0.45558633409240595,0.4409924770510946,0.4505562389264561,0.9082708870135003,0.004032545095415299,0.45493825736339677,0.36523964744834236,0.35781841185810903,-0.0023315361334576845,0.07574260709668544,0.17683392086589023,0.004470126524250953,-0.00583567899960237,0.3577733211209536,-0.00614352095069895,0.4420927484945717,0.1502654804653089,0.4504705008926713,0.4422754672444111,0.12627441985470472,0.45434833325866564,0.441028885512358,0.6406666635192141,-0.005436309113610441,0.1782788550422663,0.178340339357988,0.35917660633393994,0.4550064590366916,0.33088137155069963,0.17720859672079586,-0.0047495785002859975,0.19340709899742586,0.4495515342651884,-0.00087583406468833,0.02647457592831405,0.6406666635192141,0.35793111604700445,0.004425140218564327,0.3652515872003416,0.9502961855036207,0.45179696550984133,0.3848993955174126,1.2456695745716841,0.04588265292826159,0.02645579128669416,0.65433177086846,0.4547114457695832,0.02569232382819782,-0.004801005998616353,-0.0058452930189621805,0.486891156628762,0.3577589438593499,0.45662941386224953,0.3579682502748138,-0.004110923069824371,0.36645049477780633,0.17716021505161889,0.4601397197800409,0.36529339302645225,0.3664245761893023,0.358818036982687,0.4433413041215301,0.4498523038228944,0.45041441655015074,0.14545693992184505,0.3583178684568964,0.02684640317880624,0.44946239273727945,0.6406811343834491,0.4562402309523646,0.5287403950831131,0.36563813791191835,0.0459075541429578,0.10035536844270393,0.44189235042068864,0.5363617481196921,0.4892664519333886,0.403391148223469,0.4562402309523646,0.5084878719693774,-0.005851190396822775,-0.005851190396822775,0.45556918262156876,0.39031795238287725,0.02562934991693397,0.17683392086589023,0.3980644089934944,-0.0013290550194961365,0.4511611686542367,0.8375002239971863,-0.0013895630892509087,-0.04446424888656163,0.6406977317457625,0.3703206798845351,0.4496405027085135,-0.0010088175819050332,0.4100488812119362,0.18081835177429656,0.44572147106170745,0.45288219742297775,0.40029561575365846,0.6362393641007276,0.44265887539429943,0.06338628957879493,0.02177025448578944,0.1784305670786709,0.17707510778080726,0.18090464148414312,0.17683934878507326,0.3681904776861038,-0.004520833966681417,-0.04078172212059697,-0.00614352095069895,0.45600667108914394,0.3655704305896001,0.2702358940638217,0.021780824149232103,-0.005880125428679883,0.4562402309523646,0.402931153944238,-0.006142919723987117
chr17:28897697:28897698:NM_004475:FLOT2,0.09606620147440556,0.23027623004370487,0.0898666115628271,0.607251158131683,0.026221141374957208,0.2719422628144311,0.0015497085214639106,0.025012065312155884,0.20798604478507038,0.2223768305576954,0.10216301913318922,0.7204399344591178,0.06519526770628604,0.20131831480081802,0.6063364909323712,0.0016176742684363976,0.5976835916400395,0.23571964206308701,0.12988303800171408,0.0016176742684363976,0.0017789286324202402,0.03270349036341447,0.0032455635346687606,0.0013022103431431092,0.6071103099762376,0.0016176742684363976,0.5952716548326703,0.003540783418902127,0.0016683527837234036,0.1086573193681468,0.41530924879617276,0.7648038212356421,0.12151764733295073,0.37444245114775854,0.04509416618127264,0.06918579231993817,0.0016176742684363976,0.6071103099762376,0.03204588583871795,0.005277523410082169,0.6167608452017146,0.5147174635454431,0.08846998365842969,0.007817738902576643,0.6257757620656562,0.36156942986042406,0.0016176742684363976,0.017656874338341733,0.002785430662781724,0.026137358794896703,0.296006016376837,0.6071160196479339,0.18871683691009677,0.06357463260387883,0.6138485705001411,0.05270647823185691,0.6905556488778035,0.6025463618492283,0.5368343870893674,0.4792561558129641,0.3238949840560811,0.005057958216787339,0.00241752519709032,0.02416561567241496,0.1375325295061177,0.4705825181472118,0.0015497085214639106,0.20051117761199777,0.0015497085214639106,0.10288811606908514,0.002785430662781724,-0.008552693744521167,0.6071710162990895,0.11984931916370173,0.11666088958191381,0.030236173455355092,0.5368343870893674,0.3426998278682827,0.48065107596420487,0.3483033598096077,0.7630756709273306,0.004700684367713287,0.47718083303743075,0.6149716774782896,0.004704038549409012,0.5997505407436136,0.00697112566921948,0.10467367599450488,0.0016176742684363976,0.4779898589594347,0.10235882026301621,0.004618017440553929,0.0915793321893279,0.5964215228914382,0.006253107198120916,0.35550396835164233,0.09214765483796106,0.18650712568505787,0.4739526412354639,0.0037759279881090513,0.001736327978058061,0.07725075259426509,0.3519113346126897,0.0053767960014346194,0.626929533508523,0.3313965760691955,0.005660680112667876,0.546967480292312,0.4840070873539676,0.0016176742684363976,0.09387671798783197,0.001613991203726406,0.3506774489848644,0.009211483745943827,0.007883777822077997,0.3796396605105604,0.16190991752644474,0.3469897554103565,0.47066765275976125,0.179365726782433,0.34482070579837837,0.6063435193503794,0.14164195530217638,0.00697112566921948,0.10472744988109227,0.5383719474242544,0.0015943949243991118,0.11991712576631199,0.4305873355221262,0.024942657418944886,0.6253371597952824,0.347258936598472,0.35896474735058653,0.0015497085214639106,0.47924440431778215,0.17916718895673234,0.17916718895673234,0.00697112566921948,0.3545069776653052,0.5951250482168742,0.6109274306028215,0.18204354813478646,0.355625653838451,0.09836999218122067,0.2037632007725606,0.024942657418944886,0.0015497085214639106,0.12247184000886473,0.0016176742684363976,0.3179161539149099,0.5952716548326703,0.5951250482168742,0.003152688113459784,0.014579091563270946,0.2039312995278174,0.346566273404029,0.095683621434356,0.0017130450713261636,0.6071103099762376,0.3180018538209345,0.6071103099762376,0.0015943949243991118,0.0898666115628271,0.46503018553233133,0.0016176742684363976,0.3529955398262617,0.4783494793407224,0.599152499228368,0.4807611220148276,0.5923774294103328,0.46823874050487285,0.03271579703823066,0.12222669427898762,0.46798921517261516,0.4968787182539574,0.769218044243352,0.10142430640463247,0.6125451609769496,0.1007057895113552,0.8020972570921525,0.09157321149203852,0.6101907058564597,0.5108602565937235,0.008049855521622296,0.1392941888804831,0.0016683527837234036,0.11991712576631199,0.09380424396465471,0.37436182992744244,0.0016176742684363976,0.026834969219365568,0.08990726576896718,0.08986162021864827,0.0015497085214639106,0.2200260409673257,0.18375875869258124,0.3490590749090165,0.07052082268911998,0.5815120120543719,0.823706145215755,0.12245361122496903,0.001736327978058061,0.0024590878090612334,0.5321261804278885,0.48548122185558007,0.5925233966161716,0.6113391966029124,0.014110703409299513,0.3463290250805911,0.09820366814329734,0.5737290610715454,0.09805578848021096,0.0053767960014346194,0.6033120584517715,0.001736327978058061,0.21801450258177635,0.0075629923196122995,0.0899717582039242,0.48330815332245974,0.7891158923208362,0.09629244468682555,0.09072491564364418,0.1168342735915537,0.12101198182362044,0.642710179425847,0.00697112566921948,0.34716230130190295,0.3415925371692208,0.026353144755008218,0.40314493927764544,0.0016140783262467984,0.1837434425668122,0.3427775110381724,0.9186567553881431,0.1184394765513104,0.0898666115628271,0.6663510401564767,0.00883589251417144,0.005294573649427342,0.5925233966161716,0.6063901465402202,0.4824798401098743,0.6062516949561297,0.028179619558437646,0.4726429820260375,0.6033120584517715,0.4898759342437548,0.0899971813970497,0.6099734252084918,0.6265387690584527,0.06794487232834043,0.5959586850889308,-0.0010503797728694253,0.6063364909323712,0.3070843050001685,0.39900347729367547,0.35058690509203894,0.6099734252084918,0.49351417009243914,0.014954650167203098,0.014954650167203098,0.6138444304271231,0.29181299878462535,0.008218687611744296,0.0016176742684363976,0.3445962433620963,0.09616762168962281,0.6376568715698717,0.27429925537128996,0.6035254566921173,0.12483947338865234,0.0899971813970497,0.3482688251074899,0.4946897922183884,0.3479448766897751,0.10021747756438268,0.0053648500787409625,0.29101749025256307,0.7827942008257047,0.008600167198426573,0.4382892356511337,0.6292685666463486,0.3592837086116387,0.47066765275976125,0.3529167318650354,0.0016176742684363976,0.13829581259806117,0.0016176742684363976,0.0013022103431431092,0.28590144710231247,0.4442632014990738,0.028620279463140552,0.4826329137459502,0.0016683527837234036,0.11684676917153933,0.5027938274060444,0.0015497085214639106,0.6167608452017146,0.7795087941812875,-0.01423935860078697
chr17:29294148:29294149:NM_020772:NUFIP2,0.010880231110894756,0.8352101000517622,0.006543565138939,0.5549730819072823,0.010808602623605945,0.8285230089748997,0.5710774968997132,0.010808602623605945,0.14807079104797308,0.006631313341459555,0.006534308296417823,0.03176081983531548,0.01225494810794625,0.5734575309788855,0.1314644298380199,0.010808602623605945,0.5549930129265734,0.864379472996675,0.0075280998542378574,0.004395808951735081,0.555413658716486,0.01121239878677599,0.008942467471539206,0.006606298187013193,0.2903609898705184,0.006543565138939,0.1314644298380199,0.006769649103462949,0.006543565138939,0.29457683999988576,0.006531855744192072,0.7345250555984575,0.009571215798705013,0.29005933037586074,0.012324796812252237,0.5589801660987321,0.006478171316593506,0.2903609898705184,0.006540438829965856,0.03261066528455614,0.9425536901591425,0.5547100176616003,0.5590880386300636,0.2903242751452717,0.568388215776161,0.2949631596374188,0.006478171316593506,0.29178765606611834,0.02821106210119506,0.29734113909228954,0.0282729672447099,0.9425536901591425,0.006534308296417823,0.006534308296417823,0.5764992519771663,0.006567723953405713,0.7094864391928012,0.004330563151061395,0.009204775108669905,0.5765258587295063,0.02951906695423473,0.005730565365429263,0.004413449983371176,0.5763854103449927,0.5760274254776642,0.29268421337084977,0.13144717832218286,0.1393764620013366,0.5547899004524962,0.004444515313282771,0.005271851898085822,0.008559642362804931,0.2903486724924698,0.004809672946705534,0.5681862100132796,0.007832349768452151,0.009204775108669905,0.5588682867161775,0.9658590758441895,0.2903609898705184,0.1314644298380199,0.1529311323675176,0.2903747607547542,1.4460955760036582,0.0065419816767354755,0.1314644298380199,0.13144717832218286,0.16060588100274842,0.006478171316593506,0.13588413597459068,0.004451811092681168,0.004644588453381393,0.5546988866698578,0.2903486724924698,0.00438656099373963,0.5773878086804207,0.011038252279031324,0.564720412109002,0.006478171316593506,0.0056823918276901475,0.006534308296417823,0.004461142537195706,0.29438057585484745,0.5547899004524962,1.3811531969271509,0.5722749248807396,0.008001394723198385,0.7193891055868555,0.13526974803630323,0.006478171316593506,0.5588682867161775,0.5575723130756817,0.5547100176616003,0.5548763781978033,0.9474705143278347,0.561907161257243,0.5623219196956054,0.5548101702501234,0.29137745629822887,0.5811079135678346,0.2903486724924698,0.131466061643116,0.03473360039692969,0.13144717832218286,0.004461142537195706,0.14707199237565383,0.004330563151061395,0.004330563151061395,0.010994990218424816,0.004330563151061395,0.019251637467028626,0.5546988866698578,0.0010952472811791014,0.0056823918276901475,0.5547100176616003,0.9425383032522533,0.9425383032522533,0.13379753573578457,0.5547899004524962,0.13144717832218286,0.5546988866698578,0.5591416355792804,0.9490391371971417,0.18844743687200816,0.5728527593123706,0.004330563151061395,0.006478171316593506,0.5598948346920491,0.006478171316593506,0.15248057243842497,0.1314644298380199,0.5764973307264716,0.5683511025598913,0.2957454082325749,0.00610083492089003,0.2943664266059307,0.004425007571073392,0.004345739219828781,0.9425536901591425,0.5546809763792544,0.1315655126706828,0.008001394723198385,0.006478171316593506,0.1314644298380199,0.006478171316593506,0.13145565499460451,0.29131767404044806,0.6136109040105467,0.9425536901591425,0.006519649417427831,0.29776962551055647,0.8154037856831644,0.19079442624893142,0.004330563151061395,0.7094695099925973,0.5764973307264716,0.1800992722224654,0.2903609898705184,0.7996481915210487,0.29359539449411215,0.004345739219828781,0.5546988866698578,0.16518189382229734,0.004354621211100307,0.5590456095710963,0.006478171316593506,0.2903486724924698,0.5560542205868232,0.2987990519223387,0.006478171316593506,0.13759518664045287,0.13144717832218286,0.004330563151061395,0.006478171316593506,0.29181374653132497,0.560639606172357,0.5588682867161775,0.2903440933951832,0.14775396807217697,0.1353088416399701,0.5671257877030988,0.006478171316593506,0.5546988866698578,0.13665335221343863,0.007266045666372567,0.004345739219828781,0.7215804806753502,0.0044185233568297955,0.006494328911840985,0.006580755728986143,0.2950874331632299,0.5548101702501234,0.006383281747832759,0.5608507521778154,0.007948783079088972,0.004345739219828781,0.0059709184302721985,0.004345739219828781,0.6277562712911204,0.560071048758852,0.007273551775129006,0.5625796479079537,0.006567723953405713,0.5683683715786209,0.1442557389995003,0.5546988866698578,0.5546988866698578,0.005117036106511763,0.004330563151061395,0.5929008415670654,0.004330563151061395,0.5588682867161775,0.5774815579532077,0.5765258587295063,0.004361638190507278,0.006543565138939,0.5589854969179414,0.0043020185365317265,0.004222687034067252,0.004330563151061395,1.379189188680567,0.5546988866698578,0.5560670212997564,0.560639606172357,0.2903365919492406,0.2914836923344111,0.556001799553279,0.006478171316593506,0.5560683522971284,0.14511180807308327,0.005755636986340462,0.0074424332525276915,0.004330563151061395,0.131466061643116,0.5549101161546086,0.5679334384499435,0.578766675113027,0.5546988866698578,0.9532713258778829,0.00433414300167001,0.00433414300167001,0.5589598073964672,0.01016750075529671,0.5546786197065491,0.006478171316593506,0.5588706327963654,0.29120292883776777,0.9441654323615318,0.8491691576695158,0.2927556406033652,0.5578251596534209,0.5592688147324356,0.006478171316593506,0.5547100176616003,0.2937333412179194,0.189858430363813,0.006478171316593506,0.5589473852745163,0.31506352949928107,0.5601867881248872,0.2989939495788445,0.5589801660987321,0.5829142362447883,0.004330563151061395,0.0072812607605428625,0.2903242751452717,0.0064933751522953664,0.006478171316593506,0.004354621211100307,0.9425383032522533,0.559201949910837,0.006478171316593506,0.5593738110368824,0.5590743182706318,0.18384228440829023,0.005736921855792443,0.5547899004524962,0.7108056409912119,0.004408970998322492,0.00433414300167001
chr17:35731659:35731660:NM_033315:RASL10B,0.3295344634434104,0.6143022187292958,0.0016493651888219996,0.27111015615659667,-0.00612274862252421,0.6544983301637162,0.00048447786752228716,-0.007310134620888531,0.6397798180482378,0.34595407857221727,0.3352000503633297,0.7308999304660286,0.01004637932528682,0.3331452000254186,0.12750845639611197,-0.0072675208155812965,0.2076773158231568,0.6869561524633142,-0.006107563898414936,0.0010836524778201628,0.005874080476812621,0.7193698685133951,0.00048447786752228716,0.01742975257946272,0.0010836524778201628,0.0010836524778201628,0.13222154389003665,0.00048447786752228716,0.0010836524778201628,-0.01781149457665948,0.3765229994418456,0.9364257384982914,0.0018390477298810548,0.2054753649992178,0.7177096393759629,0.01859622864285873,0.0016493651888219996,0.017108939258529243,0.00048447786752228716,0.031231053150109933,0.10840747567252004,0.1324154673880469,0.3352000503633297,0.7061626759668691,-0.0018986234393364443,0.016254263613579012,0.0016493651888219996,-0.0072675208155812965,0.17692450161968504,-0.00612274862252421,0.23682788197484578,0.01742975257946272,0.33504599168150206,0.0016493651888219996,0.14925090975066913,0.00048447786752228716,0.1610257820814256,0.16870534664139916,-0.004667010971831309,0.20476625521607192,0.23628675489025147,0.2475367557512284,0.008771283962641485,0.21049458490988737,0.8899212778660935,0.003966573887785013,0.01681602307265334,0.2054753649992178,0.008612133087649937,0.33315874125722955,-0.00544050119302128,-0.006016464384683118,0.2669680980853549,0.29229263946898676,0.007384295452443013,0.22202212927502668,-0.004667010971831309,0.0007141363786056509,0.03716381173308411,0.0010836524778201628,0.14656013195846446,0.038772697703611914,0.11216547183873662,0.2312174783174364,0.00048447786752228716,0.17074446358732762,0.0010836524778201628,0.9705277660773423,0.00048447786752228716,0.2671676584798665,0.10791725162293175,0.00048447786752228716,0.007146940505603883,0.11313602988269644,0.011498711394488631,0.15765160934790964,0.0020861851756894534,0.7522446893010605,-0.045655210052495954,0.00048447786752228716,0.0016493651888219996,0.33315874125722955,-0.020564067847021583,0.021558375368894045,0.17020650921091995,-0.0019331428229306669,0.2475367557512284,0.26086872206326556,0.2671676584798665,0.0016493651888219996,0.0010836524778201628,0.000492535951654216,0.10957048849440354,0.01742975257946272,0.020377456639745634,0.0007141363786056509,0.9308833637388597,0.1324154673880469,0.021924199624716617,0.15645776383067256,0.003966063746401516,0.18668181482407148,0.3455435297617582,0.0010836524778201628,0.33315874125722955,0.0050571834782807135,0.00048447786752228716,0.020377247773772922,0.12099940714596708,0.00048447786752228716,0.027276884437470728,0.0010836524778201628,0.11999599466485095,0.0010836524778201628,0.13140683631783745,0.10462273243334125,0.10462273243334125,0.015299444833542064,0.019753051760735746,0.003966063746401516,0.48257919391740906,0.3704994613706539,0.016052861979810762,0.014745231328932906,0.025696398285015243,-0.0072675208155812965,0.00048447786752228716,0.018840163464536264,0.00048447786752228716,-0.0023134796481490416,0.12717416341090032,0.13140683631783745,0.004240468297450006,0.24778880879975168,0.09665622105706495,0.004519223041029252,0.13606259669937634,0.021172794781714577,0.020377247773772922,0.020377247773772922,0.10155256299562274,0.02571024429749935,0.0016493651888219996,0.020828771501282956,0.0016493651888219996,0.11216547183873662,1.1294733808706168,0.9067576948929172,0.12750845639611197,0.019753051760735746,0.8582207237328465,0.36396144149355314,0.02659441599944201,0.13140683631783745,0.36716785877715863,0.13140683631783745,0.03115788663182331,0.017108939258529243,0.7061972207431377,0.3895049838496655,0.12750845639611197,0.020393997410292297,0.27117757682558086,0.016715815396583678,0.26965959306602166,0.0016493651888219996,0.027622543598769173,0.2689040198916941,0.06216024422784938,0.0016493651888219996,0.00041626258050531106,0.10825206519776395,0.01681602307265334,0.0016493651888219996,0.019753051760735746,0.025803721573725985,0.0010836524778201628,0.31548701739400725,0.022849836583201666,0.260835706668763,0.22926575754842937,0.0016493651888219996,0.0041797982310010084,-0.011448206484248713,-0.038896876591567875,0.020377247773772922,0.0042147682700561795,0.11058099490848677,0.023625819772678885,-0.002314249219763642,0.020241852640521807,0.12096120732309112,-0.009130075478657407,0.11277457154334083,0.0016493651888219996,0.1324154673880469,0.00550491368028197,0.021172794781714577,0.3842427124005537,0.23761238168377496,-0.01693987052510121,0.018062104278366298,0.7061640564409659,0.7098597859971525,-0.0018884546291063065,0.01742975257946272,-0.006673230692031684,-0.038896876591567875,-0.0072675208155812965,0.4290105014660004,0.00048447786752228716,0.0010836524778201628,0.020377247773772922,0.11022296022250644,-0.001224988121101056,0.00048447786752228716,0.003481329275368872,-0.02020417385791351,-0.02243573164822238,0.1709886057536365,0.1324154673880469,0.1324154673880469,0.1324154673880469,0.00057637431623625,0.02422802858483869,0.05967557692141323,0.9129508963022742,0.0016493651888219996,0.11313602988269644,0.3020215191730464,-0.022217034256821755,0.01984602997483126,0.02571024429749935,0.16958179890581276,0.13579601772430305,0.39586005953409625,-0.001992805500081851,0.11313602988269644,0.10509576589162906,0.00048447786752228716,0.00048447786752228716,0.011498711394488631,0.38730359495395117,0.01681602307265334,0.00048447786752228716,0.04593188130495901,0.00048447786752228716,0.28829377827021857,0.025573473689862486,0.019753051760735746,0.00048447786752228716,0.0016493651888219996,-0.012668380364056708,0.16986539891669872,0.24968339425771505,0.014462181816211728,-0.0023448231147639165,0.7127985802600008,0.13706202085895597,0.005605148035461888,0.03775962137543387,0.384298237699243,0.11275103775385212,0.01681602307265334,-0.03920310441842695,0.00048447786752228716,0.33315874125722955,0.0016493651888219996,0.33315874125722955,0.017551950108330938,0.002028368778321077,0.01681602307265334,0.020377247773772922,0.00048447786752228716,0.06355053522234036,0.01742975257946272,0.008771283962641485,0.13358317210993645,0.0010836524778201628,0.00048447786752228716
chr17:38799905:38799906:NM_003559:PIP4K2B,0.1707233616772585,0.24132158099551157,0.012354991049894848,0.1710389699405479,0.003316569392029123,0.24716186819623276,0.4028600231145716,0.01215501327773974,0.05329136586853098,0.16513613373893288,0.011571610739886912,0.40347478935037107,0.013679536196630537,0.0327036162905161,0.19201125115458453,0.0119552391954382,0.40162424043791756,0.24718941540220393,0.010975843707506566,0.186542819290741,0.017804839865999816,0.05347570750894945,0.002027406287972322,0.0023125048194554687,0.1773582626944755,0.1865516551862374,0.18832387431154113,0.010427034563791543,0.18679562132898936,0.1994249255907624,0.003202435009536292,0.2212934152008056,0.021025560423193146,0.043492744770543906,0.2308197304103276,0.212944754991658,0.0022236206804309433,0.1995977468689885,0.011108197598987263,0.384481630282243,0.1793032365926265,0.1842401870949316,0.018054243673430503,0.33903491910526096,0.45082575620010146,0.41310759689502735,0.0022236206804309433,0.1994249255907624,0.01667650378133531,0.00820873917090062,0.38407955251038955,0.16953319166312336,0.02167006197397986,0.0022236206804309433,0.18939266722921136,0.0025027191472732357,0.5619579293198449,0.192104685287868,0.19985977149455794,0.17173217762134677,0.0025399270641371374,0.012359759216586719,0.002402458396354723,0.40854125969239263,0.18732942401562114,0.38619513297800945,0.002027406287972322,0.021014699730768555,0.005008063976473909,0.004363826941339022,0.011376361834829485,0.02319280052150577,0.16983031621080047,0.009808663602582923,0.18812131881561964,0.5350286468121445,0.19980303274549427,0.013966139140824618,0.2048052418559153,0.21994740396288878,0.17127542077813823,0.002027406287972322,0.4003494013486865,0.16982942808611132,0.011599661050709142,0.19024914050487582,0.1691197294945181,0.43183522002315,0.0022236206804309433,0.6195328209998519,0.012071437658253442,0.011038019189036519,0.1691520896812247,0.18640781165306775,0.0042110474505489826,0.5567822029176352,0.00240014256408308,0.2070184380528558,0.007745433777395727,0.0021464160732585225,0.0022236206804309433,0.015321823984774136,0.015945460459067334,0.39988055742541934,0.16776114225145583,0.04667637225862023,0.007272384709516938,0.19965505068540768,0.6196581442935483,0.0022236206804309433,0.17158693319941348,0.015506605715707583,0.9655436897294485,0.1864490831796437,0.6148337499423403,0.014171693764380211,0.32167692335817494,0.17765114269714255,0.19661883195443083,0.01736619145440041,0.17054490496602712,0.19202599376769,0.041483489562534615,0.002027406287972322,0.16349442187860425,0.2411455314838717,0.0020338214291640844,0.005030349700244685,0.0024369808184804553,0.002027406287972322,0.4110008557724878,0.17527461388093196,0.002401110411268975,0.002078468962883079,0.1773738006424502,0.18596939293647452,0.18596939293647452,0.1712839534642478,0.532985898348536,0.1863761941688795,0.17406414842957954,0.425305365752112,0.005390642472503981,0.0020818302961080892,0.17217203415435478,0.0986007095683985,0.002027406287972322,0.03369858800279238,0.002044749237870208,0.3987396598651751,0.18690553553644515,0.6189918206650604,0.40297119199940806,0.2012875935923807,0.00882246774968698,0.0022310939046317757,0.41256399954228995,0.011871502388379696,0.17111728096035567,0.014631066383127056,0.1693422749144072,0.010026747060335295,0.0022236206804309433,0.3904021448659468,0.0022236206804309433,0.18801392421242658,0.3202357247073222,0.3309600371164179,0.17752450689791377,0.1692011956927152,0.2014545797780248,0.4112757173338198,0.0021083876343704344,0.18644841921070004,0.028715716005005998,0.6186787842076238,0.017678514389710798,0.21424340342281595,0.010315573761736585,0.40902906107710957,0.4012847010804418,0.17509221113716603,0.5621077943634909,0.03827184057950106,0.17548471393391302,0.0023051731100553474,0.18831407523484298,0.1725271576790804,0.02234510481202437,0.0022236206804309433,0.017680301564619694,0.18646895361877383,0.3854655726984685,0.0022236206804309433,0.0022655601471082143,0.011268149020489615,0.17825843183117818,0.01092284251638051,0.03850068191086689,0.5518801337507382,0.019698747047974363,0.0022236206804309433,0.18384048009868026,0.2181315417295649,0.016961993391372193,0.1693608456376165,0.1672909337166783,0.0025982298349425115,0.3845209815055486,0.40711747982536484,0.4183269888108351,0.005329405062485415,0.10056703542999196,0.6289708218334936,0.0022236206804309433,0.18664690135320874,0.40827741732437395,0.011871502388379696,0.9888272910462681,0.5839113292718815,0.2696825744828555,0.02648715540819646,0.1762485261636293,0.31987513042210924,0.21735124273745138,0.16942397318984703,0.19207767388413788,0.002057323642160047,0.0020971620918323886,0.42242089358404,0.002027406287972322,0.17834598885083056,0.18621391920733044,0.18995507951075824,0.008787524756437376,0.19895493100483347,0.17603440812287158,0.18621391920733044,0.0021464160732585225,0.19188558982681367,0.19469194167050388,0.17932303684355838,0.17656604369840806,0.02130071183641133,0.5492514570138386,0.17764485547980569,0.32373169078967956,0.002027406287972322,0.17514101526068682,0.20200985948145517,0.0021710566632928974,0.18744135567939482,0.0020520433952752604,0.19201125115458453,0.17431847148866306,0.20852170727826552,0.04284334814873497,0.17522171501638206,0.5476746387596436,0.002027406287972322,0.002027406287972322,0.002695200022720501,0.4034308408280693,0.17131632500275232,0.0022236206804309433,0.515625476147769,0.0038232959452988435,0.1759349797942128,0.46822693665915505,0.169277332732504,0.0022221263853302586,0.03462276461435049,0.019698747047974363,0.17764807172794056,0.39260758718321276,0.002146728668194542,0.0022236206804309433,0.8301122726376305,0.5498385653199918,0.003170775006164084,0.40992175546044707,0.778041581317102,0.013133831923620054,0.38336436544167873,0.18679335340219624,0.1983516478223012,0.017037604665358363,0.0022236206804309433,0.003107575863000922,0.395538888251098,0.025578020362098747,0.002027406287972322,0.1751844152189222,0.404669536633614,0.32075062791536385,0.002153170044186664,0.002915931188361892,0.17664672007279375,0.015373029149609807,0.002027406287972322
chr17:39688083:39688084:NM_001289936:ERBB2,0.07697289798550369,0.0003771455855149375,0.13328675793983533,0.15244694539626363,0.005432575352844499,-0.0017869668651918774,0.0004589277084668525,0.2040722115192376,0.0003314715583750405,0.003900304586597861,0.12974548948158868,0.19616391554248938,0.003857436250483015,0.1297908943018199,0.15549771881611774,0.11007086215084617,0.32253996172670185,-0.0014498364223843874,0.0004589277084668525,0.001998900059446515,0.0019358666270615082,0.11191023986526019,0.0006938510137261267,0.0886867312552249,0.14619798507220877,0.0003314715583750405,0.1493655687435401,0.11274765042404156,0.003852766839024746,0.11702404987923087,0.05741850262178466,0.08917552082970667,0.11903379824261537,0.0003553685982634336,0.11191023986526019,0.43562142805221604,0.0003314715583750405,0.2695586424713695,0.03527491212375157,0.4183202227023065,0.4862990888622253,0.4882585907081034,0.004655559170215082,0.11007086215084617,0.10281115363327428,0.38439734673210163,0.0003314715583750405,0.11235661013862402,0.008563365276356552,0.019736332432072026,0.1282733935099661,0.1255369571979346,0.0802083434293924,0.028505367442003327,0.32406923067074994,0.0003314715583750405,0.5776613457768789,0.35754766697170803,0.10374512072653433,0.2629317176275841,0.003832644700833901,0.0003314715583750405,0.1350997274521272,0.02507972246551328,0.07282745574269983,0.000382349380212324,0.00791917893992003,0.0003553685982634336,0.13509547444117176,0.00033406706719221746,0.006769123068483568,0.003775694441020813,0.13808737203620872,0.09088574677549292,0.12728667849950145,0.009884862610484602,0.10374512072653433,0.0007821621000684426,0.014766206530576115,0.14916076921138438,0.15520089043990992,0.00039456455861820727,0.4228033831930247,0.20989558989740897,0.03526895735112244,0.3706470380426955,0.14619671342973808,0.015426757346690745,0.0003314715583750405,0.12861457033645524,0.03839507351919676,0.033638393443372355,0.013008934752634593,0.16526409278033777,0.1352096095371339,0.03987215694053495,0.08511958409822036,0.11817929351785508,0.0025378141335334614,0.08353908061958867,0.0003314715583750405,0.00033406706719221746,0.3325106249463812,0.0015933669602170852,0.3357373353469876,0.19301151698802768,0.3489729173426427,0.07803103711520375,0.11384085236451055,0.0003314715583750405,0.07635655316747532,0.001863592303970707,0.21867326443779622,0.00163067584642404,0.11007126061365408,0.3312654396920287,0.1284092110420114,0.2086047960655476,0.07919585226259115,0.02531316087400956,0.14683351001460881,0.3711640859002523,0.0409663113247222,0.14922031268931626,0.00033406706719221746,0.025960536603167064,0.0747615220817737,0.009956613552705398,0.05141502624582926,0.0003314715583750405,0.007533480342334781,0.3238018730137214,0.07981565322863632,0.030465894156260942,0.4662721762265993,0.07858545161163549,0.07858545161163549,0.0003314715583750405,0.05387669255455366,0.14619671342973808,0.11439791338409588,0.13453548874601418,0.11007086215084617,0.0399818659594159,0.14729439129464666,0.0003314715583750405,0.020141812264783385,0.15947079188681815,0.02128652966240982,0.18023183539541027,0.023642343798300033,0.15558942199666337,0.003834926199876826,0.11263657733784074,0.009089171858445794,0.17185259906214162,0.23060498608255411,0.04750580172812456,0.2739048836934995,0.11965676346183984,0.14928336588540395,0.1771905246018362,0.0003314715583750405,0.07459614885139842,0.0003314715583750405,0.056011742455031294,0.13302680077407383,0.08050413548447705,0.1614427241596707,0.2776435609319781,0.07624812044850202,0.0004589277084668525,0.0617977461367753,0.00803945300300199,0.2070382290300023,0.1553920632832981,0.06923394916335653,0.14916076921138438,0.12377579208335998,0.10305963919290198,0.034643538451295225,0.2164073391740831,0.5137773465621418,0.004189320438214877,0.21068090345415802,0.0003314715583750405,0.0020380550819365933,0.0003314715583750405,0.014368533993543847,0.0003314715583750405,0.001863592303970707,0.0004425028125444319,0.0003314715583750405,0.0003314715583750405,0.062293173512356956,0.035209732050953124,0.21733141072476397,0.14514428993040765,0.03961829551293858,0.5029152823324214,0.07274487724281069,0.0003314715583750405,0.014762573468992596,0.10374511573912198,0.0016237983210871249,0.011621097057663052,0.07465278205671132,0.07632460291375838,0.02362375373584291,0.03279812710342653,0.19244907321497753,0.16856842813408923,0.40253096815950185,0.29208398418768516,0.028505367442003327,0.011534975020660268,0.001991354733457809,0.04750580172812456,0.33572027823816414,0.47021690319522524,0.11351676970083444,0.038635916781953994,0.002310324236785774,0.2060808241294063,0.027794590377161893,0.00026765025745024984,0.0003357414532437347,0.001560631028648507,0.002178457235900211,0.6021032807189689,0.001987223437155322,0.21333960892477075,0.001987223437155322,0.20505241261804366,0.03650394552458072,0.0003314715583750405,0.2118294813083051,0.00026765025745024984,0.0342467371232858,0.19409633947745164,0.3850256159015132,0.32757431384313557,0.2859906262307097,0.035209732050953124,0.1467712751025891,0.07919585226259115,0.12956984360167886,0.0003314715583750405,0.2100923488083317,0.5333316945826415,0.0342467371232858,0.28196418786301125,0.0521612200155038,0.15787590228449652,0.07476944588869278,0.3716621065237226,0.0017210021963045136,0.218883943811953,0.18410104163211238,0.02032301403672092,0.02032301403672092,0.16845108476518506,0.010189950970645248,0.0003314715583750405,0.0003314715583750405,0.051662158839921854,0.11034457089661448,0.3209402773172785,0.596258422536756,0.2835997943021975,0.17274800396570975,0.03031403113043997,0.02484132613750048,0.23557255081031991,0.20837101120761325,0.03866458324347388,0.0003314715583750405,0.025259977960260846,0.45358915281497897,0.014405252320518855,0.13076195178398634,0.0024742399464115217,0.22654754780418102,0.0003314715583750405,0.0016415339768666715,0.13113641584832425,0.13143253125812793,0.0003314715583750405,0.035257600550865895,0.0020786943594373886,0.11699594493561206,0.05774175118150568,0.128943881723815,0.034369953653828694,0.028228397848550482,0.08574204897938288,0.002371535106507963,0.2841022986436728,0.31604444781153207,0.0003314715583750405
chr17:40122536:40122537:NM_001012241:MSL1,0.03971033917363598,0.3205073943270675,0.09718809596356615,0.16397536224624656,0.04482773921617417,0.5365146912832197,0.3762233004645784,-0.00040128585303877973,0.4541156492929997,0.04508568067540486,0.03918621100414582,0.04449223002052616,0.270732931354936,0.1504096007477937,0.14203157611830225,-0.001956198767093409,0.16476398760164956,0.548639453286065,0.09135890098371524,0.0971848542283077,0.03462370968885076,0.023020394876604844,0.0857276311477897,0.29163708234910407,0.21657182916781081,0.0971848542283077,0.22730152613927596,-0.00040128585303877973,0.0971848542283077,0.11429025876199994,0.08361704422663097,0.22712161142501114,0.04514429345088772,0.136775190552812,0.02294646538094086,0.2994045420169525,0.04482773921617417,0.4076077266434507,0.06569009766767392,0.21211525458621378,0.3275493890644081,0.2751255174232622,-0.009354051497674043,0.08570984301948215,0.38966777079486836,0.04472193514446099,0.0971802124055618,0.08576213951841638,0.02471999921673429,-0.00936615955136888,0.03282567476581488,0.04005670615420559,0.06939083077514602,0.0971802124055618,0.5392042545594051,0.044830820610815336,0.27436957508412324,-0.0012332795116641315,0.40611746964453976,0.3696423710771726,0.10310410120010538,0.0034662125418136736,0.15976214647354975,0.3098476766609186,0.17503674446104628,0.1574659692342658,0.09798329988958543,0.2669582211069894,0.08582817719198066,-0.058961605300903,0.02415775454136776,0.09023292150578283,0.12743048879153912,-0.0012754111031928472,0.14489533431281976,0.18032162045987826,0.40611746964453976,-0.001967102126950171,0.1991854523205579,0.2695825806398106,0.11049518522193857,0.08408515014349643,0.02150851828733935,0.2108445530246516,-0.06116692776881011,0.28727094416455806,-0.001345367070124337,0.10198166729788005,0.04482773921617417,0.19959950685163275,0.14505335828647747,0.015183597708881003,0.12644979325908595,0.040373804814386016,0.0036938055858020125,0.25685611474976267,0.2934929678675688,0.12920860704172116,0.16256503814962947,0.27232332561305167,0.09748584918959857,-0.03353624625489737,0.23797094828392334,0.03969741747544664,0.3906873746179438,0.39006323513604624,-0.03205845181414274,0.45311841101112527,0.3072337198385463,0.0971802124055618,0.3242810262633756,0.09544590787449647,0.40414569268487177,0.039691222261593384,0.1574839281939503,0.18877712390797224,0.07002906989999835,0.3378403983026775,0.19785333096608482,0.16955137679698118,0.1100795539645778,0.22788593809790703,0.04569057355381356,0.04050904468024796,-0.05904656656590623,0.3677941904228884,-0.0019818823701394095,0.15151304876836913,0.08102116995748954,0.04482773921617417,0.10197838663568426,0.1887593186078022,0.05254947814654937,0.04211676272764969,0.2298525241538898,0.8295024977147405,0.8295024977147405,0.1267646661792044,0.2354133540729746,0.0401741577518559,0.3983857596533835,0.12853314107944375,0.3046014946942281,0.07279443360832727,0.08421183348720074,-0.0019818823701394095,0.04482773921617417,0.4205784914302289,0.04482773921617417,0.3065798658471673,0.16591343768155037,0.22714151474181488,0.041574651601243795,0.13657659261614435,0.039732578876848446,0.14210247041375523,0.1556904303645047,0.20391938791400366,0.20487962128293408,0.11065571271176106,0.15716397726182613,0.11703859073106615,0.04482773921617417,0.09805930801929408,0.04482773921617417,0.10119912041097817,0.5782669611606491,0.2384728572877049,0.5368447197535235,0.08834717569634576,0.012327816419813953,0.16379107291901934,0.1161247314626479,-0.001540498147886149,0.15761160107367472,0.2960024601453816,0.12538882917732008,0.1725296198820504,0.18546883327221186,0.3153117656378459,0.03967972057139185,0.20434431310513318,0.2711341546678553,0.1934621368001883,0.11485675436282716,0.04482773921617417,0.04011530725352097,0.039837469030921,0.1151115349918222,0.09748584918959857,0.0034562732944859453,0.22749452060816122,0.20329839856748616,0.0971802124055618,0.33347252944691674,0.13987474151205032,0.09784276715295298,0.15880804047141167,0.0887976607988678,0.30285106042038124,0.553117478137122,0.0971802124055618,0.13385140196486162,0.34096832886808665,0.025810169289286422,0.06784959601351687,0.13018986017676576,0.08071211367886916,-0.001964108738184589,0.36140162608235343,0.04413514807149438,0.13271647718600865,0.11434887262577148,0.20514446916642276,0.09748584918959857,0.11065571271176106,0.020404050913866323,0.203948517382615,0.48595672490696434,0.5336853929145023,0.3960125133802996,0.1454158330157465,-0.014637649961507182,0.12657978493837874,0.20526397088515808,0.039691222261593384,0.03159309345578698,0.13571549513270315,-0.0017328807498635523,0.5678498749888647,-0.0019818823701394095,0.282826931126431,0.1264613215295018,0.10077704680933425,0.15882248391034598,-0.001980811111210401,0.19693919741336308,0.1574639787439111,0.11413364645719404,0.18208472442583162,0.2892606948851672,0.33735831788692083,0.4060770235945315,0.1023517211740354,0.19741622602159808,0.264376962867112,0.6981973036968551,0.0971802124055618,0.5313210036774341,0.45081749020795214,0.2286492814163193,0.13573047667156873,-0.0008788801093181919,0.22735072296317738,0.33229764389130073,0.4302839823800151,0.21445113660018117,0.45453231165658603,0.07501968396763914,0.2033087177148541,0.2033087177148541,0.0035389556621435725,0.13864156879458628,-0.0018588874943633593,-0.0019818823701394095,0.04535260793361939,0.20467703972024281,0.6328169890889175,0.3152661737164022,0.03329429133946549,0.27253877012428784,0.09719400576933301,0.15268275589883984,0.40973327395412557,0.2836149956958059,0.06044869231908856,0.0971802124055618,0.24602808179388003,0.42694018237322534,0.12788705547049262,0.04429208492401987,0.4021493509710657,0.17800972928068182,0.039974101547468555,0.025816693006546543,-0.000477085380198361,0.1664234270400896,0.09748584918959857,0.12392628638512249,0.2674323293041047,0.05064303248304525,-0.0016301628568668458,0.17756305245802273,0.02156918170227695,0.05209252031706524,0.27232332561305167,0.08581358708791609,0.40302903390905875,0.38222921757886347,-0.0019818823701394095
chr17:41027202:41027203:NM_031957:KRTAP1-5,0.10467006251505967,0.9934769566638931,0.20230822541959964,0.007525408445966664,0.942357004400151,1.1082630551195334,0.06311526293176267,1.0852586194491554,1.003431752335184,0.7401133120561987,0.12334030732682749,0.007529727032656475,1.1363128369930213,0.1469592260955923,0.007529727032656475,1.0846899024289285,0.007525408445966664,0.8496598121437744,0.007529727032656475,0.15418709927076618,0.020241546938838284,1.1047106771048933,0.9491730825537722,0.6765769993630051,0.007529727032656475,0.13661170638593662,0.007529727032656475,0.8538999798395854,0.13621089339113074,0.303335310976099,1.245019101516462,1.2149029372332412,0.14862739340461184,0.8109307442892512,1.1115525667661323,0.9421479078799649,0.04729704307613014,0.007529727032656475,0.1341161412898852,0.1992953188549793,0.007529727032656475,0.007529727032656475,0.007535516790187158,0.22072893906505064,0.820029342854805,0.8074084920524686,0.007529727032656475,0.19892427843004507,0.007529727032656475,0.12344265129241522,0.15891869245484236,0.007546281160920265,0.12334030732682749,0.06457744502948826,-0.01462066560331815,0.18210768453840587,0.007529727032656475,0.007529727032656475,0.025536897510571865,0.007529727032656475,0.15891869245484236,0.007898715006283807,0.26274886958973387,0.008428770573196187,0.14154551144372518,0.007529727032656475,0.007529727032656475,0.733274129453955,0.11720270586929737,0.00754177640546716,0.007529727032656475,0.020612664054016683,0.030945683138223712,0.08522216841364594,0.1900992753033176,0.9177062380898381,0.025549360782174013,0.020241546938838284,0.007529727032656475,0.008920828631990674,0.007529727032656475,0.14826320793813236,0.00014868417822511137,0.008830159102598267,0.1504693447451444,0.04729295453740101,0.007529727032656475,0.11548301062238003,0.007529727032656475,0.10424432422772756,0.020241546938838284,0.08234997475012873,0.007529727032656475,0.007329257392939714,0.1199683215279218,0.021243553671884408,0.00754177640546716,1.3005084104484226,0.02113395766315157,0.034450789653005354,0.06457744502948826,0.08056288546131585,0.8980395888592241,0.007529727032656475,0.03175760801582045,0.9938177947715832,0.007955890090775186,1.6094478505467862,0.07922430792554774,0.04767616870722763,0.11135409866516122,0.020236235279230852,0.007529727032656475,0.007529727032656475,0.04627955080781443,0.03479856176663182,0.1367000066127539,0.007529727032656475,0.007529727032656475,0.05343522439461734,0.007529727032656475,0.007525602324391201,0.0782044359997437,0.0076014290132145335,0.007529727032656475,1.1092151755061397,0.007529727032656475,0.007529727032656475,0.2797794418722296,0.007529727032656475,0.14864455725983283,0.007898680481049358,0.1237509826599818,0.03129198434801922,0.007529727032656475,0.007529727032656475,0.007529727032656475,0.035322077799204876,1.0387984197229374,0.030912663741837765,0.04932785421688701,0.1114263594475643,0.11165407669092348,0.07115192869680903,0.13200664883193636,0.10571208078855587,0.00796179073914599,0.08057573820182234,0.06099176314843202,0.007756901672190897,0.007529727032656475,0.007529727032656475,0.8732549093811673,0.23705306320097053,0.008692847263674586,0.04859524605340704,0.007529727032656475,0.033179759081908344,0.007529727032656475,0.007529727032656475,0.0076014290132145335,0.008254141604107923,0.05801135018604642,0.007529727032656475,0.007529727032656475,0.007561588698433319,0.07352457276144497,0.21909079809828308,0.007529727032656475,0.06930087463186568,0.1333173870654365,0.30472403264448866,0.08880910087134147,0.007529727032656475,0.01996681791336319,0.007529727032656475,0.02486573124644803,0.007529727032656475,0.007558954316196853,0.030925008664055786,0.007529727032656475,0.007529727032656475,0.00015804045750217321,0.8608978522278949,0.007529727032656475,0.007529727032656475,0.007529727032656475,0.05539509253114494,0.0325545361430688,0.007529727032656475,0.020241546938838284,0.007991100802771267,0.007529727032656475,0.04767616870722763,0.029811447426360882,0.16440410442612635,0.7735479079578782,0.0075390728072521895,0.19692047947691416,0.007529727032656475,1.0494577053665373,0.04729704307613014,0.007532982334634675,0.707047336880996,0.00929153457886972,0.007529727032656475,0.1182412993960189,0.11689676583756953,0.02044741030652608,0.9150158544469983,0.11886537644921708,0.334209218899557,0.10930505213742703,0.14826320793813236,0.04729704307613014,0.007529727032656475,0.032722299584043546,0.033179759081908344,0.1640483943772189,0.007860209780827854,0.24676442528629472,0.007632262691442793,0.047627003628402165,1.0159849425937562,0.8109073454767218,0.007529727032656475,0.049602011036217475,0.020609641182798455,0.020241546938838284,0.00789512026164485,0.007529727032656475,0.007529727032656475,0.028856530466510932,0.00606920053828458,0.01959644784660214,0.21175488207843796,0.08099593750264555,0.007529727032656475,0.005666864351717538,0.007529727032656475,0.007525602324391201,0.007529727032656475,0.007529727032656475,0.1649025128623708,0.007529727032656475,0.007529727032656475,0.12047958211053378,0.04729704307613014,0.007529727032656475,0.009050690268293415,0.024264522536233124,0.1165521441170308,0.007529727032656475,0.007529727032656475,0.007525602324391201,0.00787418906260473,0.00788662694352632,0.007529727032656475,-0.014747891071269614,0.007529727032656475,0.007529727032656475,0.11748246003124219,0.007571879579629126,0.007529727032656475,0.007529727032656475,0.021869942314714008,0.03236008976133181,0.11276794185439643,0.22552240312647676,0.06955355692264037,0.16190588889266,0.09854253863989759,0.008318835760594778,0.007529727032656475,0.020898942011860044,-0.006635741921657501,0.007529727032656475,0.007525602324391201,0.007531700273068431,0.029477775068213585,0.18379876843749565,0.3471896812342715,0.14826320793813236,0.007529727032656475,0.02074321029498849,0.19653019315899362,0.007529727032656475,0.01816564248880259,0.6556216382439678,0.020241546938838284,0.020241546938838284,0.6756294804403007,0.012748829389187866,0.021109375482600612,0.007529727032656475,0.026539272511351242,0.7948001209367205,0.007529727032656475,0.007529727032656475,0.007559502026380338
chr17:41919019:41919020:NM_001096:ACLY,0.35221357892093286,0.15849690876989497,0.15609241420260572,1.1369398753718913,0.1525780608386717,0.34610938667896785,0.32314468998150137,0.1695388673740698,0.1633142943725015,0.1524087274815749,0.14845057027552122,0.7696189375182978,0.32430790066859233,0.35221357892093286,0.4577538480196269,0.02336231306456915,0.6993870107303143,0.3543025273393276,0.1696581441404288,0.1525780608386717,0.003288682419688105,0.3539112947090779,0.003288682419688105,0.17627947716438225,0.45723994270643414,0.15267406376245302,0.008213352491835302,0.0032900147723601836,0.1525780608386717,0.26283833644991866,0.35476637116202003,0.9491582770545792,0.328329273670392,0.01837524051139522,0.3527722516569942,0.3566032186584228,0.15214960102566838,0.6995101497727898,-0.03258058030745625,0.0056588437792703394,1.144765928915758,1.1520839429235101,0.13331844261432224,0.3000060441114208,0.3233418350802681,0.4539174116132988,0.15214960102566838,0.2700926465770535,0.6980408620054532,0.6043475032674727,0.0033135299798883744,0.4573069695738092,0.1484521832506423,0.15214960102566838,0.46386112480463004,0.1525780608386717,0.46034454446031364,0.45205981498772524,0.14741245417644133,0.27751084906622214,0.003536322808997072,0.005867262193653522,0.44858396823510155,0.45179136193341585,0.3519782307570455,0.44862740706795784,0.003288682419688105,0.1542041610350069,0.4537304108980984,0.003288682419688105,0.004868730632766216,0.1695372211506011,0.4599308029544248,0.00584411062432183,0.45912632382906027,-0.014728925500385515,0.14741245417644133,0.009849108330173495,0.46581235137599225,0.45656451742174914,0.008187496715410247,0.00334359975570242,0.45854734911520734,0.7067630512953034,-0.035922213513011114,0.27968397211354845,0.6995101497727898,0.3594000523407257,0.15214960102566838,0.27859722230895895,0.0038928735194690978,0.0032900147723601836,0.004839756175810617,0.27653214460028397,0.8924120173476917,0.008164508939533133,0.006429665623010228,0.7304772556318615,0.006706587223271054,0.006333410556974617,0.15214960102566838,0.003443984400482769,0.00980271067887123,0.14736023708018126,1.163368601684571,0.32755890552203465,0.18079993610905942,0.9482923273292652,0.27739056905097925,0.15214960102566838,0.008164508939533133,0.0032920183654752133,0.7003046831976104,0.6914341890030195,0.6875058687024777,0.15459477017480777,0.3550433640543076,0.7003046831976104,0.6876665204693021,0.12393864580301556,0.452104300062571,0.27968397211354845,0.3232950066947949,0.4894388671991762,0.003288682419688105,0.3244953891538552,0.006620936233256602,0.45205981498772524,-0.0016079985702897037,0.1525780608386717,0.4585085568729636,0.7003046831976104,0.0032829133396457544,0.00885384677082185,0.2755977560297545,0.4573496549921381,0.4573496549921381,0.004900525463828076,0.006551786675053128,0.2777434292671721,1.4296933067052846,0.331732326007601,0.701573893734851,0.1837104073592037,-0.032688900828815315,0.003288682419688105,0.003288682419688105,0.15703715570760435,0.003288682419688105,0.15692296961937113,0.008187496715410247,0.8219853422532976,0.14736023708018126,0.25441855063808977,0.45683140796144694,0.009801379349609174,0.14741109084116572,0.003288987121775222,0.7005999043752795,0.14912766598884564,0.6994829520707972,0.029818488675171173,0.15214960102566838,0.2745159138515777,0.003288682419688105,0.27277913042441465,0.47560297286425723,0.9407534566046064,0.4585243121465134,0.4564683593202046,0.15739683794923004,0.6075300848869892,0.18943437142395436,0.004866465540651899,0.012458460671251004,0.46223820045958874,0.037170699646477956,0.7005405161646591,0.14869675564471074,0.14920504662512568,0.003288682419688105,1.144765928915758,0.8608952448396379,0.003288682419688105,0.7013981282081422,0.32314468998150137,0.004260722059028221,0.1491440244900188,0.006780285903590311,0.15214960102566838,0.0032920183654752133,0.003372266014964709,0.006591642864254399,0.15214960102566838,0.44948387440132703,0.22162959087404022,0.7003061454231825,0.1509341579470651,0.17984387695136617,0.15569061455837968,0.17515926311887886,0.15214960102566838,0.14736023708018126,0.1491956289745967,0.2779555097621432,0.004906784652347562,0.14985843985171077,0.006585870894089074,0.27014093249141274,0.15538489988554582,0.4539765702761397,0.6224230784884024,0.0049556458720935725,0.686999372057805,0.15214960102566838,0.27847510698954164,0.008483755368753731,0.003288987121775222,0.13942989051735505,0.45766254325385786,0.18584750783291293,0.2700911324694514,0.3484191815078822,0.703432012538467,0.30606810745071883,0.6925138263750794,0.4519714843693006,0.27795398039031194,0.0033060422324528993,0.8917412817209516,0.4511746571473263,0.7001740145909229,0.004897461423309213,0.17352431417761643,0.1483839557387902,0.003288682419688105,0.448118260243396,0.003288682419688105,0.004106726727925225,0.46306524306676494,0.4577767780203055,1.144801448082243,0.45848407537191965,-0.03116118096696302,0.008191292941875594,0.6952826279623551,0.7054089108085912,0.15214960102566838,0.7003046831976104,0.7088021936475999,0.004106726727925225,0.48952518283543517,0.014661522422312612,0.27847510698954164,0.4787473333070898,1.089646464349287,0.1695388673740698,0.45848407537191965,0.47212643524703746,0.1508590849159515,0.1508590849159515,0.6271446639320455,0.15051186438831204,0.004251402999936593,0.003288682419688105,0.004989934924893913,0.2746396602457875,0.7121039139418008,1.4939817915108622,0.9037414888281232,0.003987619950838239,0.32080214127722284,0.003288682419688105,0.4649413956299156,0.4577111984311729,0.1835930715282838,0.002168950199329167,0.4082132675494214,0.03358347313006271,0.003332857357529806,0.4565167242793441,0.3641540779005873,0.13614768274115946,0.006591642864254399,0.2624014596171079,0.2734018873983347,0.4518760614999313,0.15214960102566838,0.1771505625640586,0.14736185198944118,0.324305520930969,0.015622372664809536,0.46121609119749246,0.14736023708018126,0.02661035596694017,0.15442417066768555,0.44858396823510155,0.45848525454779077,0.1484731178130162,0.003288682419688105
chr17:43022442:43022443:NM_006373:VAT1,0.5959063011349293,0.22056585688155433,0.3151941309892623,0.060109276846625315,-0.00451183169568492,0.3055405725253506,0.054523307521549214,0.2114437030641806,0.33521589645896166,0.5946773323528302,0.6458405419314673,0.08516411254584047,0.3767934438576689,0.41771006212057893,0.10076062515659237,0.05375318990959693,0.10806765094552234,0.8856292336086591,0.5916102137410952,-0.00451183169568492,0.4086365416697288,0.6365438502311997,0.017977902544311586,0.1519347437052749,0.1607081904827065,-0.00451183169568492,0.01645911567248401,0.07977866173875736,0.5189188086859394,0.09626568527782484,0.03511466631309629,0.39108466288664745,0.66551066158707,0.020049463865509154,0.6474027445268823,0.6772573874385609,0.017977902544311586,0.1463049106412789,0.32346524985120756,0.16665619811676874,0.3142819022718218,1.0404210539183385,0.21150923320588058,0.05479501463299832,0.452382119707489,0.5351270811402031,0.017977902544311586,0.4099343171193129,0.0662335090550207,0.1829802568707149,-0.004352307207648287,0.15447589010647197,0.6453256183843727,0.017977902544311586,0.14733010250465678,0.017977902544311586,0.39954061770190663,0.10076062515659237,0.130383692468493,0.5146498290217275,-0.004272312407720302,0.0009272982274656227,0.11161845003441506,0.07829601405235473,0.6226014205827236,0.10076062515659237,0.09495345103632963,0.02994701345599632,0.11161845003441506,0.30636221312861533,0.053673509013536236,0.05479501463299832,0.06329687125641734,-0.00451183169568492,0.053693533897643114,0.3816851375956267,0.130383692468493,0.21018422732845674,0.4419869930922033,0.20297994508332462,0.01645911567248401,0.05187371917942421,0.006162210308893634,0.3921960648968579,0.3191824604676677,0.11863763984374462,0.10076062515659237,0.0852514957971773,0.017977902544311586,0.3856738083775143,0.4327214025150699,0.010835188741036228,0.05594487582109367,0.053693533897643114,0.15368851698900274,0.5392489091311758,0.019264868623237896,0.35841116587472155,0.1515343016642582,-0.004303128778005094,0.32598269086682935,0.3789251867543494,0.08458794811695758,0.1607081904827065,0.11247367279819895,0.25634775180227387,0.5209176165177625,0.9831592461564975,0.33273591968735994,0.017979305916299648,0.6047360417485093,0.3636411513824416,0.06329664268186538,0.14123094413085382,0.09739064168035941,0.05479501463299832,0.2243234780433364,0.4170579765226414,0.3788032680680511,0.163383230820521,0.05927606158434259,0.11863763984374462,0.6518349405283365,0.14123094413085382,0.3789249233138022,0.6583024658031823,0.001140721203620798,-0.00451183169568492,0.023568494349875846,0.1515343016642582,0.5542976894604491,0.1607081904827065,0.01828425531636685,0.053693533897643114,0.4585327335800724,0.22132084820425413,0.22132084820425413,0.06526900824596144,0.10076062515659237,0.09851088387844276,0.668233961385829,0.21757457066270378,0.06010662387308671,0.009184932224756248,0.41183928251766966,-0.00451183169568492,0.017977902544311586,0.6103022225195434,-0.00451183169568492,0.10618264537549421,0.053693533897643114,0.4836047262614568,0.05300959489334503,0.05479747997830273,0.10248853652044049,0.3082708982554726,0.07528649171380536,0.06724090629689872,0.16730358617501792,0.2014968760767688,0.11066663643163241,0.30776573079497155,0.017977902544311586,0.4408925057372446,0.017977902544311586,0.011344187660017768,0.17048079468788685,0.21750186236718394,0.12098217654182378,0.34691754101560524,0.05479501463299832,0.14180089045531677,0.05722365193491996,0.09495345103632963,0.48435756263627366,0.5860531332168704,0.05802037481265224,0.1728033414894629,0.05423661741670219,0.3876895238454105,0.1543601690778863,0.17732872838858907,0.2739621725713419,0.05485471346209905,0.1017882802297638,0.017977902544311586,0.053693533897643114,0.09471818360850995,0.023588755280704282,0.017977902544311586,0.3636411513824416,0.011344187660017768,-0.00451183169568492,0.017977902544311586,0.4836047262614568,0.33001634865146845,0.5860531332168704,0.05400451020984015,0.2589837113599789,0.3906250816574484,0.07002805718458602,0.017977902544311586,-0.002168281393894078,0.10520376357523617,0.053728291853865684,0.10434256200963685,0.06066415100037689,0.05470565602265984,0.0005100055138805293,0.4005016189860701,0.5674115118951996,0.17720528084927226,0.053693533897643114,0.4124371502492808,0.3259801067795179,0.09495345103632963,0.054997530747095624,0.07783260734714426,0.18484650829159097,0.3899479204062468,0.11397695373420566,0.38029739316274597,0.5959063011349293,0.43424750033458637,0.09245839516054558,0.05479501463299832,0.060109276846625315,0.018012542194116188,-0.003462390798188386,0.26155435286963347,-0.0015634759116290309,0.6754482449235832,0.0015400075978090344,0.23971402080622328,0.0540757095438163,0.053693533897643114,0.49673886971681763,0.08039318256319394,-0.004207191581080405,0.10076062515659237,0.1634166775140355,0.22408245614502809,0.1607081904827065,0.3192207603398588,0.19919660127356978,0.38029739316274597,0.20325755407688806,0.017977902544311586,0.1607081904827065,0.6665426872381424,0.08133804273891365,0.30776573079497155,0.0051160660181640005,0.10076062515659237,0.1591641796505534,0.21066663628311263,0.09293413403088938,0.07856256896000186,0.20274119441103625,0.300034252341582,0.300034252341582,0.2212714683233084,0.16957467238158136,-0.0015634759116290309,0.017977902544311586,0.005097458681329159,0.05479501463299832,0.1704854523412927,0.8009262001711543,0.5502830321996981,0.2823396344791387,0.3274148687606887,0.09851520732596114,0.16462819851662203,0.09539951306430278,0.057299958433253195,0.017977902544311586,0.6220130595993352,0.38315739324141695,0.02039216711389935,0.5722696695966136,0.6582526579667753,0.3875974661546715,0.0004855926852254666,-0.004494395045015642,-0.003462390798188386,0.3802988207200661,0.017977902544311586,0.09388951339717361,0.12215409751778206,0.38030078013288526,0.01797948346963174,0.20274197780356112,0.08968858095032528,0.021317138150448056,0.21164653871297684,0.11161845003441506,0.1607081904827065,0.17254156202901516,0.053693533897643114
chr17:43779000:43779001:NM_004090:DUSP3,0.8313157151102939,0.035036530475250405,0.2406619830593091,0.7853354224193189,0.4588356796282367,0.04248771115181307,0.4336196246943655,0.2605936817714386,0.03336001472643854,0.2771199280790435,0.48162515718965576,0.20850057224915364,0.812538246775702,0.8728675877350269,0.22728159666432443,0.44494078244790225,0.319826199413216,0.8957426418902397,0.8214662191903831,0.25943124091890785,0.47527881608696876,0.5283114864820379,0.4420875965223367,0.30008013616195905,0.2263400747026467,0.26780788896479546,0.732473042845283,0.798148577544972,0.26765554071600217,0.9160371113823162,0.04407367999983394,0.9803826535124813,0.2943142258481659,0.03518349676991617,0.9008609017898551,0.7759312659685629,0.011699394232229404,0.003812280851695965,0.0030014354972922597,0.04928067515294415,0.22821990977399745,0.7571533920305642,0.2788206784876731,0.2934609365976384,0.33631645377201946,0.24887865677282361,0.011699394232229404,0.2449002029058593,0.0043632606573947574,0.4375271855732814,0.03858562140576388,0.22671820285806152,0.5449903841671109,0.011699394232229404,0.7615482151826043,0.03416233228169219,0.2581548909871361,0.014888869149865536,0.3122332142068298,0.7399508396248182,0.017419042779281663,0.00948235915084697,0.2665428695906446,0.0203926403392429,0.45691050720476656,0.21557140803065633,0.00347304439725743,0.03518349676991617,0.03763287034432439,0.4316121403287849,0.0030701104269392487,0.27413055535996855,0.23285244953391707,0.026785589698883394,0.4465868629366863,0.23473306557609577,0.3065197689808675,0.026693432727093652,0.0341074824981116,0.2263400747026467,0.20866895904417795,0.0030014354972922597,0.7431281815400571,0.7529089990626705,0.0030014354972922597,0.24352355249838012,0.2263400747026467,0.08048597633701922,0.0052020407367263655,0.21731981531901354,0.2263400747026467,0.0030014354972922597,0.22671820285806152,0.0039047738946114963,0.28370530734587696,0.003969928314965926,0.0038734013540334677,0.9708659196687361,0.059719948125263794,-0.0005439118756677963,0.012491586126036625,0.048393182136652446,0.22640352574618045,0.2263104459829376,0.22616781132761832,0.25374248790147436,0.2315637956419982,0.9575643916193437,0.21722080095651425,0.011699394232229404,0.7741993641017421,0.0027374762852414025,0.22893118558139292,0.23084421649713732,0.17028081892072838,0.24319329730654796,1.0766480775708598,0.22775988684650547,0.22903122256611796,0.2841675053414837,0.0037916031484253043,0.24349023751414034,0.8396836323283055,0.22681758915845743,0.50005593272008,0.2969632820383728,0.2263400747026467,0.22926604539348194,0.05961468418478086,0.003858383721150521,0.2522242424682536,0.8101309196695172,0.06071405740970777,0.0030501190676846257,0.2294358427179593,0.2278405763684696,0.2278405763684696,0.006030573188534588,0.26557841753400346,0.014487452900605352,0.22878859731817802,0.26538177588905804,0.18643334175473864,0.003138535230080175,0.003293495027479415,0.011403736572815654,0.0030014354972922597,0.2527424576211216,0.005135177459026002,0.6848247056231099,0.2263400747026467,0.1714774682487596,0.06009777836380768,0.2515919096690184,0.000329211061726592,0.2263400747026467,0.2925513793199769,0.013062983735990158,0.24500837873883716,0.22728159666432443,0.004212866815236638,0.23156286908597634,0.011699394232229404,0.8107243155260877,0.0030681947121005138,0.2263400747026467,0.833979327716317,0.9724695678571413,0.23274636095888532,0.2714068550462273,0.8562133592125899,0.5640025804620568,0.0032600366631432842,0.0035548211032141452,0.8158322687338545,0.7431509600963656,0.005380416138800054,0.004131027029392359,0.20566441186601106,0.22594037819983118,-0.0016983234995157914,0.22916643019618385,0.7649818062326161,0.09707623983295163,0.8253379819027159,0.011699394232229404,0.7240469156042997,0.16465336327562313,0.20583327017303527,0.011699394232229404,0.42408741139122536,0.17145452635828873,0.0030014354972922597,0.0030681947121005138,0.22733459243786688,0.010950660156430148,0.7429480208713757,0.03436677550834791,0.2369131327603844,0.046411103603706316,0.24433759455280565,0.011699394232229404,0.0030014354972922597,0.2789424182591992,0.025007518403488332,0.2283194270350171,0.010200055976551659,0.06773412124698433,0.06784254803842148,0.8922731259472839,0.29418028736573426,0.28386084911747067,0.0030501190676846257,0.2278734542275917,0.011699394232229404,0.2263400747026467,0.06531708971843295,0.013062983735990158,0.22197678505726146,0.24212650710573727,0.036951052330471745,0.04919715270852265,0.4775300803190982,0.2807765855125893,0.29500818017794594,0.22671820285806152,0.003812280851695965,0.024399168068226784,0.004423302219651676,0.29046634416555284,0.0030014354972922597,0.24407049952363802,0.0030014354972922597,0.010007353517835715,0.013237657121427188,0.24467836301502183,0.06472010168150505,0.003340466486695448,0.016839123213661017,0.7609538761468537,0.24345935121784004,0.735247342126891,0.23702633313258833,0.010950660156430148,0.2264402083052467,0.1699227638826685,0.8026475013951863,0.011699394232229404,0.22822243535568723,0.2772604057991566,0.02105396823482339,0.2736724992329678,0.0030014354972922597,0.7570492637965713,0.23918980249937294,0.0679467656087068,0.09351518513132856,0.22776241196811098,0.2164097421468568,0.0030014354972922597,0.0030014354972922597,0.2665428695906446,0.2401195062269708,0.0030014354972922597,0.00948235915084697,0.016973491941018992,0.2268705896563287,0.2365604705320621,0.3612885213571148,0.2453704413054387,-0.0005439118756677963,0.05528635525175152,0.0030014354972922597,0.7976852987488635,0.004023066449253682,0.022692155361247662,0.0052020407367263655,0.2718409651920084,0.012794837700326078,0.45497891213230157,0.29463931775502084,0.7506272856375076,0.22952748410128412,0.00347304439725743,0.024726889259901685,0.2771316963969362,0.016025518084866686,0.0052020407367263655,0.3005081957099085,0.24554610574587454,0.06737068257995782,0.1729754239866174,0.30369659476130784,0.3023702449147335,0.001244019316008843,0.0003259943541764343,0.26661517860095063,0.2216239700090903,-6.71612733499638e-05,0.0030014354972922597
chr17:46590668:46590669:NM_006178:NSF,0.004118574844389045,0.004118574844389045,0.004118574844389045,0.004118574844389045,0.004118574844389045,0.004118574844389045,0.004118574844389045,0.004118574844389045,0.004118574844389045,-0.014197034684005905,0.004118574844389045,0.003991052143867746,0.004118574844389045,0.02625665336556371,0.004361304692272583,0.004118574844389045,0.004118574844389045,0.004118574844389045,0.004118574844389045,0.004118574844389045,0.004118574844389045,0.02625665336556371,0.004118574844389045,0.004118574844389045,0.004118574844389045,0.004118574844389045,0.004361304692272583,0.004118574844389045,0.004118574844389045,0.004118574844389045,0.004118574844389045,0.29758959816516883,0.004118574844389045,0.004118574844389045,0.02625665336556371,0.004118574844389045,0.004118574844389045,0.004118574844389045,0.004118574844389045,0.004118574844389045,0.004118574844389045,0.8900231656132314,0.004118574844389045,0.004118574844389045,0.004118574844389045,0.004118574844389045,0.004118574844389045,0.004118574844389045,0.004118574844389045,0.004118574844389045,0.004118574844389045,0.004118574844389045,0.004118574844389045,0.004118574844389045,0.004361304692272583,0.004118574844389045,0.004118574844389045,0.004118574844389045,0.004118574844389045,0.004118574844389045,0.004118574844389045,0.004118574844389045,0.004118574844389045,0.004118574844389045,0.004169817062576797,0.004118574844389045,0.004361304692272583,0.004118574844389045,0.004118574844389045,0.004118574844389045,0.004118574844389045,0.004118574844389045,0.004118574844389045,0.004118574844389045,0.004118574844389045,0.004118574844389045,0.004118574844389045,0.004118574844389045,0.004118574844389045,0.004118574844389045,0.004118574844389045,-0.03883838501943204,0.004118574844389045,0.004118574844389045,0.004118574844389045,0.004361304692272583,0.004118574844389045,-0.037299025278606734,0.004118574844389045,0.004118574844389045,0.004118574844389045,0.004118574844389045,0.004118574844389045,0.004118574844389045,0.004118574844389045,0.004118574844389045,0.004118574844389045,0.004118574844389045,0.004118574844389045,0.004118574844389045,0.004118574844389045,0.004118574844389045,0.004118574844389045,0.25911664035729576,0.004361304692272583,0.004118574844389045,0.004118574844389045,0.004118574844389045,0.004118574844389045,0.004118574844389045,0.004118574844389045,0.004278024028009142,0.004118574844389045,0.004118574844389045,0.004118574844389045,0.004118574844389045,0.29758959816516883,0.004118574844389045,0.2117447117265585,0.004118574844389045,0.004118574844389045,0.004361304692272583,-0.01415773791040631,0.004118574844389045,0.004118574844389045,0.004118574844389045,0.004117113238580883,0.004118574844389045,0.004118574844389045,0.004118574844389045,0.00411186619753745,0.004118574844389045,0.005300467742982873,0.004118574844389045,0.004118574844389045,0.004118574844389045,0.004118574844389045,0.004361304692272583,0.004118574844389045,0.004118574844389045,0.004118574844389045,0.004118574844389045,0.004118574844389045,0.004700626016288956,0.004118574844389045,0.004118574844389045,0.004118574844389045,0.004118574844389045,0.004118574844389045,0.004118574844389045,0.004118574844389045,0.004118574844389045,0.004118574844389045,0.004118574844389045,0.0044571335632088704,0.004118574844389045,0.004118574844389045,0.004118574844389045,0.004118574844389045,0.004118574844389045,0.004118574844389045,0.004118574844389045,0.004118574844389045,0.004118574844389045,0.004118574844389045,0.004118574844389045,1.721108882303065,0.04624881030253403,0.004118574844389045,0.004118574844389045,0.004118574844389045,0.004118574844389045,0.004702511951535593,0.004118574844389045,0.004120911552804696,0.004118574844389045,0.0035917483174194853,0.004118574844389045,0.004118574844389045,0.004118574844389045,0.004118574844389045,0.004118574844389045,0.004154167239486473,0.004118574844389045,0.004118574844389045,0.004118574844389045,0.004118574844389045,0.004120902368104584,0.0038586751171385547,0.004118574844389045,0.004725032215518787,0.004118574844389045,0.004118574844389045,0.004118574844389045,0.004118574844389045,0.004118574844389045,0.004118574844389045,0.004118574844389045,0.004118574844389045,0.004118574844389045,0.004118574844389045,0.004118574844389045,0.004118574844389045,0.004118574844389045,0.004118574844389045,0.004118574844389045,0.004361304692272583,0.0041236953719716585,0.004118574844389045,0.004118574844389045,0.004118574844389045,0.004118574844389045,0.004118574844389045,0.20997666081905075,0.004118574844389045,0.004118574844389045,0.004118574844389045,0.004118574844389045,0.0046973871433282355,0.2975871009205475,0.010603714891679328,0.004118574844389045,0.004118574844389045,0.004118574844389045,0.004118574844389045,0.004118574844389045,0.004118574844389045,0.004118574844389045,0.004118574844389045,0.025468845582909294,0.004118574844389045,0.004118574844389045,0.005795377819922676,0.004361304692272583,0.004118574844389045,0.004118574844389045,0.8900231656132314,0.8900231656132314,0.004118574844389045,0.004118574844389045,0.004118574844389045,0.004118574844389045,0.004361304692272583,0.004118574844389045,0.004118574844389045,0.21297901077658343,0.29758959816516883,0.004118574844389045,0.004118574844389045,0.8900231656132314,0.004118574844389045,0.004118574844389045,0.004118574844389045,0.004118574844389045,0.004118574844389045,0.025468845582909294,0.004118574844389045,0.004361304692272583,0.004118574844389045,0.8900231656132314,0.8900231656132314,0.004118574844389045,0.04624881030253403,0.004118574844389045,0.004118574844389045,0.02625665336556371,0.004118574844389045,0.004118574844389045,0.003987190246324213,0.004118574844389045,0.004118574844389045,0.004118574844389045,0.004118574844389045,0.29758959816516883,0.004118574844389045,0.0041236953719716585,0.004118574844389045,0.004118574844389045,0.2975871009205475,0.004118574844389045,0.004108322175931711,0.004118574844389045,0.2117447117265585,0.004118574844389045,0.004118574844389045,0.004118574844389045,0.004118574844389045,0.004118574844389045,0.004118574844389045,0.004118574844389045,0.004118574844389045,0.004118574844389045,0.004118574844389045,0.004118574844389045,0.029137746062566805,0.004118574844389045,0.004118574844389045,0.004361304692272583,0.004118574844389045,0.004118574844389045
chr17:48590419:48590420:NR_110331:HOXB-AS3,0.001580223085346416,0.08214094781384565,0.0022004020928308166,0.04840149854777592,0.010399739363238847,0.3431791121342053,0.014887986851729262,0.0018379072517856199,0.024006745652248612,0.007574241767468598,0.012340025774431801,0.0015330270916980304,0.004424007457995455,0.004504243313721679,0.35957600212730945,0.0015330270916980304,0.006804196998083295,0.1227444513062047,-0.003646758382796045,0.001580223085346416,-0.00425335899731466,0.02176653673820028,0.0019990792478149777,0.024988647145934323,0.06349440172884618,0.001580223085346416,0.06452025720775284,0.004964365699915818,0.001580223085346416,0.004507146719188643,0.048361262694580215,0.45610418514757,0.2432791700074084,0.0015594164772390617,0.013816536059296003,0.010289928414036253,0.001580223085346416,0.285941613477101,0.0027266512180942615,0.2688425214720583,0.09897766856637524,0.6958455255676124,0.0015877104829591926,0.007899742147861682,0.007810275077409057,0.2566173327053432,0.001580223085346416,0.0075752714008779365,0.03774976576919983,0.024237267480787944,0.0016269672526539047,0.0015330270916980304,0.012340025774431801,0.001580223085346416,0.26565403950934363,0.001580223085346416,0.26836262112322157,0.1189276622295804,0.004432955645118392,0.1841084630216419,0.0016269672526539047,0.0015330270916980304,0.036290770968958525,0.02546277900658786,0.0045522145230757205,0.045314137717823666,0.01028335817079587,0.0015594164772390617,0.00740445112129598,0.002294537501447841,0.0038002167316645297,0.0015943108603203304,0.12856337542202628,0.0016717025037462918,0.019527845868896998,0.007271647649792462,0.004432955645118392,0.001599199676629609,0.08681592681062927,0.01636215893512072,0.05171033134844055,0.0755738209720132,0.0017301703906280608,0.05474948829123233,0.0027230380109616314,0.4772641445166083,0.08296809665062421,0.08813593793973235,0.001558795527721063,0.1619148265672815,0.015571632556409115,0.001547030295591778,0.008907086321078339,0.03449868508335768,0.025011881620013304,0.014006362026115271,0.05691120175956499,0.3360424587031211,0.0015330270916980304,0.017888657830434584,0.004431356800759373,0.05377064942513335,0.02511463548681614,0.0016530094637118575,0.4511643054518466,0.031846189917399764,0.06811484962283981,0.3905916710176483,0.06327552876628767,0.001580223085346416,0.021772931956061975,0.008974052590470127,0.07635486033649344,0.24251398455600298,0.054485056488719874,0.02506110725909358,0.3150990779157009,0.0015330270916980304,0.09661457752570995,0.03550597521539617,0.056339515989873246,0.22172464579684437,0.007763190827116406,0.13457041795434233,0.009662618329830952,0.004485902282146681,0.02499391833254505,0.08099797119368096,0.10292056217579176,0.001580223085346416,0.2920707850283984,0.05008474433574994,0.08696727377256369,0.0015791045989068109,0.16137891066007243,0.001539563409143213,0.001539563409143213,0.0015520409070522156,0.04582786070908271,0.02309946369687671,0.009978652087243106,0.3325669435936555,0.06328864129268241,0.037586405671121204,0.037346199599670504,0.0015425828353980708,0.001580223085346416,0.2546055496734053,0.001580223085346416,0.2947195468744667,0.012036783956968528,0.0896730909568057,0.007344072748485031,0.0018204522060019657,0.30507197959316584,0.025041758015216464,0.07907733013526916,0.0016914759085475684,0.0015330270916980304,0.012308173136765188,0.2172379257493413,0.04840348370179959,0.0015330270916980304,-0.023525574337885935,0.001558795527721063,0.360370078838548,0.3516993974203566,0.3238476939231856,0.012055852286760343,0.018030775836029217,0.0016123481834457165,0.0072385665741667715,0.05181810908541623,0.08167320478691181,0.04184571721387431,0.05881215825875602,0.03684786444504645,0.4827492356905386,0.005859672249667769,0.32716709728035054,0.03893083318391102,0.0655400376894667,0.5050780012528309,0.0016786733164382006,0.06921778902889991,0.001558795527721063,0.0016386743923552105,0.04532674223648056,0.0982142603290736,0.0015330270916980304,0.002519447019210058,0.018054939032914274,0.036311430226865005,0.001580223085346416,0.4296925641998953,0.002943352045432862,0.0627274224407437,0.30440134971870153,0.38851609649344554,0.18676225559199888,-0.006799815335249121,0.001558795527721063,0.002372286842854121,0.02258083545028544,0.012190147570273036,0.0655267373219039,0.0035304386565146173,0.01276797014224576,0.2565826773066396,0.25230638811861905,0.2508008919354451,0.03256197701551944,0.002366404898334923,0.031011771282269174,0.001558795527721063,0.1577809287771254,0.008974052590470127,0.0016914759085475684,0.05702450281147603,0.1907259388079201,0.00926057309567252,0.01785468146717953,0.24251398455600298,0.1621799270266867,0.004485902282146681,0.0015330270916980304,-0.016057606381360695,0.010478202614819465,0.00441427587343754,0.2623079799679974,0.08752776033054632,0.07274668376133184,0.006080970843035577,0.10676843997781199,0.24355703486742536,0.0015330270916980304,0.24251398455600298,0.009817126857271957,0.002301079124650024,0.10963491388606106,0.5372635452656109,0.11962651905344474,0.0909060849702395,0.0029366253523090413,0.38177456588574105,0.10991563801026044,0.03612447629601723,0.001580223085346416,0.0909060849702395,0.2271558112612812,-0.009516344634473983,0.3133445023796302,0.0023852637592584325,0.2626741816721718,0.577118897186419,0.19068866253112654,0.0016530094637118575,0.03606435557546292,0.28499057489652285,0.01806803093365225,0.01806803093365225,0.03225961437447242,0.17127704419254403,0.0015330270916980304,0.0015330270916980304,0.035680463075649815,0.002333640683981203,0.5484685772586735,0.3118275597273523,0.31331644211378795,0.26376569878233747,0.004424007457995455,0.0015797693443176386,0.008005579666884949,0.01779945356035234,0.036332483106911506,0.001580223085346416,0.11958228360222317,0.15396324100700964,-0.02460555303766862,0.29118450966759774,-0.019183785185940383,0.020062984240796528,0.0015330270916980304,0.011683791816155226,0.004390635210386101,0.2566039401460929,0.001580223085346416,0.026040500246441667,0.008022264789651984,0.0074339541739501525,0.0015330270916980304,0.26491836852697187,0.02260945490260091,-0.000634581952424107,0.03772631293030698,0.02766505322202764,0.0899347126808061,0.0736205347574907,0.0015330270916980304
chr17:50094736:50094737:NM_001199898:PDK2,0.08410581299305918,0.015036365141235311,0.25037573777690314,0.16753497105669474,0.08244988923412191,0.030234633736285266,0.04212415902434774,0.042931854007192446,0.0036270552451357074,0.09579317247293154,0.05290081637639529,0.030944967310312224,0.14359759704392105,0.26694695643138205,0.14281637473884637,0.042464490446160005,0.06030908663049131,0.07428150319192649,0.1049797092137626,0.042840945371084196,0.006593417251532632,0.05214808603725676,0.0030022246539349873,0.006241337276013267,0.1410113880633885,0.21854248828739203,0.04047981260059363,0.040231753297406955,0.042464490446160005,0.1534403079901392,0.20768552506245297,0.19779891811247644,0.25037433412006205,0.0034178020221270478,0.0890672839442739,0.2171697433874174,0.042840945371084196,0.14397778784679718,0.016128266110877032,0.24044727508324004,0.11140618635132613,0.3915633918588291,0.10199552964573887,0.00566251269105808,0.2243343416369927,0.1763316674704021,0.042464490446160005,0.10476610374884827,-0.008874843015242509,0.07611853759401009,0.0030895347546712193,0.10057717194167949,0.052842056624841954,0.042840945371084196,0.1896035123045756,0.042840945371084196,0.46056406886539397,0.19649555638646357,0.08280672278548735,0.5321648260297548,0.0030502600864467933,0.002924052173754327,0.01588229422209861,0.2590749572319842,0.10761628062531464,0.17442341308464218,0.004318413266506199,0.003450019595929582,0.06321135452187329,0.010994728920209723,-0.009421586976889745,0.20957954267434714,0.15845343072663057,0.2170149605087962,0.04614772931555593,0.39236933742782953,0.08280672278548735,0.047187112484761234,0.337536648710986,0.1410113880633885,0.03807039323986715,0.002916183676622497,0.09700553115647564,0.10330693923512335,0.03802201834972102,0.17328834766655246,0.0029170914230594175,0.26408345552825047,0.04212415902434774,0.19597963778310518,0.03270566317136261,0.0028420088543675143,0.02426201696894561,0.035582864638917376,0.07259227892858938,0.1898106974047711,0.2711632633006536,0.08066745663684088,0.16386296553573704,0.04826362273810332,0.041996558721334634,0.04664176342652357,0.043803491917213,0.025081006727681196,0.668018906080199,0.17788102867601063,0.04587880858586846,0.21557997410154353,0.19743712718739148,0.042840945371084196,0.14758092788989982,0.006593417251532632,0.18123708317885587,0.0045428533942808574,0.19599411728916813,0.04389957760765076,0.10655654683337627,0.0033571273097333793,0.19729596955160503,0.14554290560550903,0.024970873735249317,0.18958235352096753,0.1044175958473326,0.11111994844634546,0.04664176342652357,0.2237365720875333,0.04010400706743729,0.1519339954933081,0.17690699790818623,0.04212415902434774,0.11078198737133821,0.025151352739504945,0.0884441634203583,0.02096456056998916,0.3268012614739476,0.1391315480251042,0.1391315480251042,0.003089432034558706,0.03823561887116935,0.01575703294159951,0.31231876494869787,0.19636294685229022,0.19836858464137744,0.0029819540951365187,0.05020850048447374,0.00598138872724642,0.006666506493714683,0.47180051820797897,0.002916183676622497,0.1998412358986367,0.024970873735249317,0.1471032385009775,-0.009540839133343013,0.05389541629006761,0.018746285949170882,0.04417482599607672,0.07878603807815485,0.0026986827608576625,0.145391564980009,0.07121450793625309,0.10539094138172408,0.05287755432401749,0.04148778732121683,0.3700466018844427,0.042840945371084196,0.019186648191753877,0.18974779811401865,0.038572046555020785,0.16293013758311178,0.30660469472334106,0.0974545942151381,-0.005847618636030283,0.002981067459984263,0.10697648892180364,0.25549383120568475,0.1471032385009775,0.002981067459984263,0.14397778784679718,0.1382552952872504,0.09742616690429627,0.1406763925200587,0.09686576878360065,0.3958686884862783,0.0565346894616138,0.07544485813269834,0.042840945371084196,0.024562151196330775,0.18303476259894041,0.24838833915085162,0.042840945371084196,0.006593417251532632,0.03953517095111836,0.1410113880633885,0.04297371357214752,0.043358437541889894,0.0048087263634212785,0.013508695924442565,0.14665099444308338,0.25948020903658314,0.4525921635902056,0.3168468663286268,0.08290316731854429,0.0032593936397480316,0.046105616401269645,0.3227258106278769,0.09928302964688498,0.016191164528506455,0.13368292837686527,0.017258075618387395,0.10781410567307392,0.11668030836402482,0.08157762426327766,0.061958728490335596,0.14579183141719354,0.042840945371084196,0.10715456607305714,0.0028421237742854294,0.0029323992775489027,0.16580547357800682,0.4313442362107091,0.048568895565150524,0.3912952401703135,0.045834509162861276,0.18448522812736032,0.269990346077693,0.003089432034558706,0.02603344139528293,0.3264060508678808,0.0034685415832471644,0.31199133638036175,0.004110143303360347,0.08824461813954658,0.0035843348522138635,0.06901219414409714,0.007513228824441845,0.00360942885245219,0.15069418970969653,0.002916183676622497,0.0033135873724221276,0.15677704960419991,0.19936506522936037,0.21564333329637836,0.24337722936287604,0.009552371302131907,0.1984221158987478,0.30243866609221154,0.11694140675693024,0.042464490446160005,0.03583896280091659,0.6027532848712616,0.003300194050156552,0.3101968678677339,0.003033646587701,0.15536098038451218,0.5030145236141474,0.1539198266633518,0.17455901094883486,0.025643822420173844,0.2944347807637371,0.17440888936110288,0.17440888936110288,0.2456982123308874,0.08648401441466015,0.002916183676622497,0.042464490446160005,0.02105694555868201,0.12386524391182623,0.4689265512193004,0.5952957520974946,0.27347909292904793,0.10860839127436239,0.0591331022881392,0.04444286252054096,0.17998754421656138,0.07724034856694181,0.002981067459984263,0.04230361774326802,0.3376208954450242,0.4275172286430229,0.0029403136487536896,0.11314627583996581,0.3715599793524439,0.17276620037126295,0.002916183676622497,0.24970941024432614,0.00848523361212622,0.05210609700671305,0.044768360607109065,0.009201441296672969,0.044917822246272415,0.2465027423034623,0.06369924392553214,0.10923348982701256,0.12194958078606184,0.1887252711111872,0.5547238965178448,0.06322888609802911,0.1560939638150166,0.03573950785878239,0.002916183676622497
chr17:57256569:57256570:NM_138962:MSI2,0.03192634930891969,0.002400427171350897,0.018097678328323347,0.20853971457314138,0.00222266907798206,0.002400427171350897,0.002222976944003009,0.0028050419634196473,0.00222266907798206,0.020450329250095822,0.03516173274238055,0.1918588579090808,0.00222266907798206,-0.02169078293866189,-0.010353860545416677,0.00222266907798206,0.22613864649801435,0.13419650886026702,0.17747749756002418,0.00222266907798206,0.016435257421100927,0.0199179539428987,0.02760544524847172,0.017456002623763303,0.00222266907798206,0.00222266907798206,-0.010353860545416677,0.01803920293350637,0.00222266907798206,0.016419062593253344,0.09493206792547909,-0.012652827627700758,0.03516834476233069,0.00222266907798206,0.044561766092092926,-0.028129853752536682,0.00222266907798206,0.00222266907798206,0.20760049283558007,0.1566954462578283,-0.010353860545416677,0.018097678328323347,0.0321298724952067,0.016422888825997742,0.0730264272327164,0.009858169293244845,0.00222266907798206,0.018017374378399544,0.01046988102516766,0.00222266907798206,0.00261241946649891,-0.01035083093631639,0.03516173274238055,0.008446561311467989,-0.009765561976469439,0.027540756619964364,0.15685749275918115,0.00222266907798206,0.007404883128386606,-0.010353860545416677,0.13029486393945305,0.04926257365080283,0.058685835011161085,0.013762362752842767,0.2691885923208811,0.20138881294567362,0.00222266907798206,0.00222266907798206,0.08352195632636002,0.03603293066336674,0.009480298140598104,0.03385962283192953,0.20401120100476933,0.21568449116266752,0.00222266907798206,0.04906407088439135,0.007404883128386606,0.02744865882914195,-0.0075655057736756515,-0.010353860545416677,-0.010353860545416677,0.03408389944605858,-0.010353860545416677,0.47034349539430065,0.21458677814419178,-0.006894276660504045,0.00222266907798206,0.35011366432567503,0.006641608931437627,0.017166864934150844,0.02571211950398803,0.010257990210496497,0.00222266907798206,-0.010353860545416677,0.04158962223455784,-0.0075552295422670335,0.16908960585306637,-0.022441693366592463,0.01514195782037149,0.13364224599514934,0.008446561311467989,0.052596712978601703,0.05460657659843796,0.028722220025071514,0.013238041197533246,0.03808021344401238,0.019596650356945126,-0.01017898635279435,0.010027119974179294,0.00222266907798206,-0.010353860545416677,0.002226282127183187,0.20138881294567362,0.009233600221855712,0.3500989407556453,0.015320277452359032,0.0359638926157535,-0.010353860545416677,0.12985581233962595,0.014260234097666306,-0.010353860545416677,-0.010353860545416677,0.019523604707035652,-0.010353860545416677,0.03647513184973263,0.09866800834238554,0.00222266907798206,-0.010353860545416677,0.06751401288528655,0.006641608931437627,0.0174219210415633,-0.010353860545416677,0.06219396183727575,0.026683589354006547,-0.010353860545416677,0.12985224789027452,0.12985224789027452,0.16932322059833224,0.08379086997048152,0.00222266907798206,-0.057776716373842685,-0.057776716373842685,0.22429229777426507,0.04636332380977952,0.24240316262376066,0.00222266907798206,0.006641608931437627,-0.0011665852041842228,0.025707830675011666,0.036798547922605826,-0.010353860545416677,-0.010353860545416677,0.0028050419634196473,0.02357882151456128,0.24539292061726137,0.004981084063026844,0.0028050419634196473,0.010875407385582592,-0.01035083093631639,0.00922944213010232,0.00222266907798206,0.0022242654974023272,0.008446561311467989,0.025707830675011666,0.00222266907798206,-0.010353860545416677,0.18668628801674458,0.03990950400533805,-0.010353860545416677,0.00222266907798206,0.007329339216725933,0.03404416117117478,0.06675400688520257,-0.010353860545416677,0.005792808563840901,-0.010353860545416677,-0.016254446491337733,0.2718262915492901,0.02572163213980827,0.502322606998978,0.00222266907798206,-0.010353860545416677,0.04689006401140988,0.01839694624943874,0.021468498097209434,0.006641608931437627,-0.057776716373842685,0.22910592546710304,0.026922118665343678,0.00222266907798206,0.006645237392569418,0.018097678328323347,0.00222266907798206,0.00222266907798206,-0.004228281023472336,0.20760049283558007,0.00222266907798206,0.0022275815625392697,0.0028050419634196473,0.14280281517218424,0.07112445088972619,0.00222266907798206,-0.01945942070991359,0.22937447228238145,0.020359064630610393,0.20138881294567362,0.3814230118007457,0.06230018760804719,0.00222266907798206,0.03036829060085433,0.014081905145928386,0.2205275223755544,0.04308618386909607,0.20138881294567362,0.008446561311467989,-0.010353860545416677,0.004382882597392125,0.010875407385582592,0.0619117389718495,0.1386064300228986,0.05863996046148594,0.031927665753127506,0.007329339216725933,0.00222266907798206,0.05931187020995625,0.00222266907798206,0.00222266907798206,0.020359064630610393,0.0022310017447500184,0.2679190766011149,0.00222266907798206,0.00517070279553586,-0.010353860545416677,0.24452248838389626,0.002311405037733012,0.01514195782037149,-0.01881609481474078,0.11347908646569135,0.0027316032509980253,-0.010353860545416677,0.009904067722323023,0.20549521387827985,-0.0548042565652645,0.22590054222278821,0.00222266907798206,0.12985581233962595,0.2299103939281038,0.025707830675011666,-0.007405497117834947,0.209784352192543,0.028427238215509985,0.008007618386611473,0.008937462223150823,-0.010353860545416677,-0.008090101441047132,0.1766290264941498,0.007342918688028832,-0.010353860545416677,0.03471531959944904,0.0022337056477926467,0.0022337056477926467,0.08358889161435194,0.03409014640212727,0.00222266907798206,0.00222266907798206,0.05865124117579925,0.011130000006974481,-0.0074882540112031215,0.0066843503259860215,-0.010353860545416677,0.013365320453912158,0.029136543512470015,0.006738860976353778,-0.010353860545416677,0.007655167308397593,0.033665800646895144,0.006641608931437627,0.19768660783779324,0.19931820623514993,0.06169437968854271,0.021373192256916033,-0.057776716373842685,0.2269463986140371,0.00222266907798206,0.04959788062023036,0.016141644874327458,0.030286225864563178,0.00222266907798206,0.017456002623763303,0.010073789221338156,0.006654275436963333,0.016945613613857824,0.01469133423932073,0.00517070279553586,0.01716787116396463,0.16392665450358096,0.08352195632636002,-0.007405497117834947,-0.010353860545416677,-0.019396315688410014
chr17:62627400:62627401:NM_006039:MRC2,0.03688138289353873,0.2666629340753285,-0.0030216410939481464,0.5782357428135876,0.41583593826637544,0.4264368402859676,0.05441654050277139,0.07851317123343726,0.45813701690841463,0.23224712676189246,0.31939165711612905,0.08728128962882523,0.4424517442769314,0.1831128477344197,0.3184818186744828,0.1169794125143791,0.29960767180951065,0.458498893488429,0.2319020998471964,-0.0029370143579191543,-0.0006384584055659503,0.2070158623345343,-0.0033398366050707007,0.3450419428123787,0.5777799159295623,-0.0029344851642990333,0.6140155834697618,-0.003037960562779357,-0.0029370143579191543,0.09344128320121103,0.24288652475897074,0.7418686274558977,-0.002935015841969285,0.24290098177385427,0.2316615928182094,0.18444459209072453,-0.0030919785398746125,-0.003342365193379798,-0.003031242736972084,0.02173872065080623,0.2950385226500942,0.6012100893546362,0.0040798148643829135,0.1812784216922171,0.19388029057073272,0.32973156794632674,-0.0031568362786567605,0.09198199060787399,-0.00043516179103320063,0.3183819285396795,-0.0020349420651733785,0.01529993718796438,0.31939165711612905,-0.003214652940068452,0.319030485884789,-0.002879193970151045,0.6517839267029008,0.33601556112682535,0.007130588972267815,0.3360945934184756,-0.0020254474701522363,-0.003342365193379798,0.17927679135679006,0.25178340955751527,0.14811197313699972,-0.003342365193379798,-0.003288617594924853,0.2657153643891278,0.2867205272165354,-0.0028223681058563155,-0.0025859268850603467,0.054535962859318526,0.015492971954688517,-0.003288617594924853,0.4158325968241754,0.271839201014615,0.0071338925667659425,0.02403786663172905,0.013487856279800148,0.294815431817966,0.2950385226500942,-0.0033409291829274157,0.3184818186744828,0.376534841577319,-0.0032934463671104586,0.6367954772290086,-0.003288617594924853,0.33381417932835167,-0.0032794976348362315,0.3203060428301517,-0.003236303670405838,-0.0033268878313037764,0.599977062265707,0.294815431817966,0.2850108122208036,0.39755652654410256,0.015635407855407346,0.11393652167304824,-0.0016597281599649016,0.014273297416663389,-0.0030919785398746125,1.7082817326125044e-05,-0.0017936368203456676,0.015303228774947442,0.3939342405876496,0.06375973813183783,0.2877384746598079,0.41605838907426196,0.3194708034719898,-0.0032794976348362315,0.015354213686228135,0.036157511765691625,0.015429343206092377,0.3192541939981425,-0.004566277536944857,-0.0020459903407323843,0.24010726995259857,0.011229539778770614,0.31991095612545933,0.3192209509829079,0.015354213686228135,0.5786971865738707,0.3546212957740419,-0.003259347160656123,0.02410073480190625,0.014560632984546545,-0.003342365193379798,0.29493276268111424,0.004751367458554923,0.015662655317773194,0.32212824575774646,-0.003342365193379798,0.0033861732587120996,-0.0032724856488021425,0.3119432081014867,0.2877366184948915,0.2877366184948915,-0.003342365193379798,0.3307385785805831,-0.003342365193379798,0.09606726295229875,0.015363560012853633,-0.0033415449058767643,0.01813375516535512,-0.003172433131630681,-0.003342365193379798,-0.003214652940068452,0.39189147293960414,-0.003342365193379798,0.14545777214182534,-0.003288617594924853,0.29493276268111424,-0.003277524914164387,0.14269583947342798,0.007058212721510609,-0.002108908966586498,0.3183626012764438,-0.003342365193379798,0.01529993718796438,-0.0032288202712510428,-0.003288617594924853,-0.0032851819266394022,-0.003214652940068452,0.011966465038159124,-0.0032794976348362315,0.011269248252115255,0.3977341357869741,0.34899522642294245,0.030142598680555827,0.016704720078412644,0.09646162758433485,0.1394506934025724,0.018329971018996555,0.31206136002379037,0.08516882332410032,0.5777799159295623,0.0221947978922645,-0.003342365193379798,0.13930094273754293,0.5450117529433415,0.01445938797178678,0.011229539778770614,0.6372547412696745,0.015366319392610128,-0.001986136914237352,-0.0032794976348362315,0.014455793940309353,-0.003214975210991622,0.2968768027943237,-0.0032794976348362315,-0.0032825704833054636,-0.0033066606610979155,-0.003288617594924853,-0.0032197072083192946,0.3187146148371935,-0.0032934463671104586,0.294815431817966,0.14251038483135992,0.03456067695795187,0.6354881507161705,0.11406967544370167,-0.0031568362786567605,-0.0033385861848771736,0.005448002905720034,0.03092004743665419,0.29493276268111424,0.005343818412164247,0.004756735175673793,0.32005237240582995,0.1470724012809498,0.3243481980844324,0.45552441026375035,-0.002525559336719857,0.3903885450465574,-0.0030919785398746125,0.5777799159295623,-0.0032825704833054636,-0.003342365193379798,0.31680657995775835,0.33640402851768014,0.014364359514549091,-0.0031454228443764387,0.14049173029807957,0.09930898168126526,0.014545239909058455,0.01529993718796438,-0.003342365193379798,0.00712559203997995,0.015290359451680974,0.4196784131778791,-0.003342365193379798,-0.003151509145080278,-0.003342365193379798,0.30735551479489,0.014283619397477049,-0.0033398366050707007,0.6378215420921375,-0.0033262338517235646,0.01428664332469845,0.3184818186744828,0.319623890752248,0.3360196531419784,0.2950385226500942,-0.0032896666744386405,0.01529993718796438,0.3199967472138686,0.1336805692076052,-0.0031568362786567605,0.31858926189584175,0.7371945390673642,0.0142876690182909,0.01666818608801457,-0.003342365193379798,0.3185675236890881,0.19752490835880715,0.35984300340087816,-0.002016482353766502,0.31858926189584175,0.011443489920848482,0.01123140437121628,0.01123140437121628,0.29023168319091797,0.03767236701514423,-0.0032702156060605003,-0.003342365193379798,0.011217078598328045,0.01529993718796438,0.6243556362793613,0.9723316702737838,0.3184805046949323,0.015523075690745958,-0.0030919785398746125,0.001046667081649133,0.3367490618439392,0.01831024859434352,0.008341013143437104,-0.0031568362786567605,0.31795429160267125,0.3363148497942432,-0.0018206035390982978,0.34280983950635335,0.09955608125717995,0.41611627876719703,-0.003342365193379798,0.031052075335404633,-0.0030492822274726383,0.015756058481456836,-0.0030919785398746125,0.34503836384901476,0.15482926849098008,-0.002869515012472512,-0.0020262586534845473,0.31844829344312664,-0.003342365193379798,0.020229124853809677,0.014286383405758218,0.142116911997065,0.31858926189584175,0.6135255295998286,-0.003342365193379798
chr17:64230756:64230757:NM_001288733:TEX2,0.14944867692804648,0.3449828757734582,0.037802713803154545,0.07519740108604578,0.09591119471074155,0.3409698750684868,0.14883792690846426,0.21720839493826896,0.16386656498962543,0.015317890244850502,0.05803111017660667,0.046945593495998195,0.3612549868452006,0.15705523249764736,0.05035964805665047,0.2603077463381859,-0.05171815203245128,0.07264011544556065,0.2211690707329263,0.03779698752307946,0.026444276463081298,0.45508915452282533,0.36148639522664555,0.029264625489640594,0.07566923648556145,0.03779698752307946,0.16508468411184996,0.1960947306493961,0.03779698752307946,0.05652281380466516,0.3725954974838389,0.22788231585523389,0.052025826557860255,0.1866156508328446,0.4550715833873222,0.2039862056706436,-0.0015729115800424548,0.16599066058915324,0.041889553961228246,0.07862089203120388,0.05081863080680843,0.05038257538023941,0.013034414072315828,0.160329993543367,0.3757427899780287,0.43338098456864993,-0.0015729115800424548,0.05201997498547814,0.02157943489903634,0.07227904600818585,0.2657834519801882,0.05081035681476667,0.058533362574052186,0.1488608813195453,0.16599066058915324,-0.0015729115800424548,0.15139892100736516,0.05081035681476667,0.1606873481375271,0.05036702211150412,0.33220797368592037,0.24822744097651953,-0.04875678606270359,0.1619078374632559,0.26473880454431525,0.07564760660664399,-0.0015729115800424548,-0.03838924967291246,-0.100069359409142,0.007830687768488206,0.0005775222140555897,0.012256207872597832,0.07566923648556145,0.0379023748254068,0.09583737586829566,0.11300259704114107,0.1606873481375271,0.01933565202250119,0.033860818294887574,0.07566923648556145,0.05035964805665047,0.12168729806669507,0.07566923648556145,0.25706784204761013,0.07656074889332644,0.05035964805665047,0.07566923648556145,0.24705864670243782,-0.0015729115800424548,0.0733439476176953,0.17747960014952488,0.06513940533997153,-0.0015677802595546603,0.08163394983249186,-0.005860416206540292,-0.0869648166890144,0.028039266373562632,0.2892449234306741,0.2082290599807981,-0.0016961467046326811,0.1488608813195453,-0.0014735740852319656,0.15268221661291803,0.08196471611460651,0.2563524214952622,0.1735451757149164,0.23725427173507116,0.10826500891771065,0.2419057307913251,0.1488608813195453,-0.0012464414067785146,0.06382910439406847,0.07567812559794468,0.16132598681965798,0.16122231975177628,0.21943544433278614,0.44593724386460737,0.05081035681476667,0.07566923648556145,-0.050398309391571056,-0.001251584729535779,0.05035964805665047,0.22471147146689383,0.07566923648556145,0.007830687768488206,0.17619480943053029,-0.0014380572611169679,0.05036702211150412,0.512664075912646,-0.0015729115800424548,0.36759646403224144,0.05081035681476667,0.34798721599826493,0.08175064007298935,0.05036702211150412,0.07569287329098692,0.07569287329098692,0.1670243925576818,0.04697336627008786,0.05035964805665047,0.0593164389809947,0.04986051600872138,0.16137016146505048,0.04883997796152237,-0.08099085557864388,-0.0015729115800424548,0.03780562427347217,0.12604344202197484,-0.0015729115800424548,0.08402368871674107,0.05216153469113316,0.1660071109276664,0.04864898292501729,0.05968227617481067,0.22926957065356762,-0.0005944896021292112,0.050240872166928324,-0.0015729115800424548,0.07567812559794468,0.07515752761494782,0.07566923648556145,0.00872287463567567,0.1488608813195453,-0.0012464414067785146,0.1488608813195453,0.05276267895394443,0.344146531224319,0.6877259778748182,0.05081035681476667,0.13190551586409605,0.3647471493718531,0.2612541858224816,0.05232925754768919,-0.0015729115800424548,0.004857537584261121,0.05035964805665047,0.051866441228466204,0.16599066058915324,0.07857177870349188,0.35167454018725686,-0.0015677802595546603,0.05081035681476667,0.07312637105444905,0.123632489711796,0.050798356656575644,0.1488608813195453,0.07567812559794468,0.15839258270763107,0.18776117249561744,0.1488608813195453,0.026420234386287683,-0.0014659867639269658,-0.001251584729535779,-0.0015729115800424548,0.050840211449879436,0.05348120841645712,0.05081035681476667,0.0204207062035118,-0.01355585451791036,0.07812472668559459,0.33333804925528016,0.1488608813195453,-0.0015729115800424548,0.19716225878460902,0.18001490041263907,0.16599066058915324,0.38824162038602894,0.232637332975482,0.24597347767580746,0.25489054200170846,0.4456172485563483,0.168421659281209,0.08175093307303916,0.2553963705379435,0.1488608813195453,0.052642825642697566,0.02639977815315611,-0.0015729115800424548,-0.13784151558698393,0.10453416023570244,0.006418776304510473,-0.0017254153615579304,-0.012772521153211813,0.07948380114516979,0.3802445580116458,-0.001251584729535779,0.05038257538023941,0.17770514863373307,-0.0015656532293057412,0.32202472632091883,0.07515752761494782,0.05036066569882677,0.2151644488458036,0.07778930294270323,0.003972864104876392,-0.0015729115800424548,0.26175839425642916,-0.007153817288941308,-0.0015729115800424548,0.16510103095489104,0.16598549210257052,0.05082602870845382,0.05081035681476667,0.12708669937690276,0.07566923648556145,0.05035964805665047,-0.08155127664514958,0.1488608813195453,0.05081035681476667,0.4194667897429423,-0.00807551604222477,0.006713462376827073,0.18954687865866718,0.05036702211150412,0.332866361351449,0.2419872061431502,-0.001622759941527746,0.05081035681476667,0.053490611950226474,0.18126674423172565,0.18126674423172565,0.077166883778364,0.16705501347999854,-0.001251584729535779,-0.0015729115800424548,0.01345913382727873,0.1359440885282889,0.1673201804614406,0.2626664180539876,0.11835420701169799,-0.0015765979881851439,-0.0015846737217071472,0.16740039264762513,0.05038257538023941,-0.04737770927599699,0.052332250106115,0.1488608813195453,-0.05908887744040925,0.10376592713105523,-0.0013568717554755944,0.44347969976774215,0.3644609231807783,0.3046189158516138,-0.0015729115800424548,0.19061447541017518,0.012259199098448442,-0.0014315687912927477,0.1488608813195453,0.02527731265246458,-0.0016018255077935722,0.09489918486175244,0.03779698752307946,0.05036066569882677,-0.0012692469437861759,0.14161509129670383,-0.0016835559561472063,-0.09926994325807117,0.05078845002592483,0.05037520143484067,-0.0015729115800424548
chr17:75032566:75032567:NR_110835:KCTD2,0.003351970347802713,0.34122688929624195,0.003479361701162531,0.37455295790111715,0.00036621757832028257,0.47059420230213855,-0.0009666464015696263,0.20125288105212324,0.8799751534307219,0.0929068306386529,0.00891454239633288,0.3288882739495419,0.007385370303169159,0.7027496229521663,0.0975015678735821,0.34489871958121754,0.6708975966604361,0.4368054430686137,0.6621884502274075,0.059777968890747935,0.015256210126686653,0.3684897562852853,-0.0012715194195910273,0.2782326862435631,0.19270055439552658,0.2617606261006013,0.06033172977290979,0.0014723076541314217,0.0031118847517135895,0.0020930633307201796,0.10948528031467519,0.6147570047502029,0.0408551082337153,0.1435728017529328,0.6901794285498103,1.046561028380222,-0.0009666464015696263,0.1971391251315029,0.05780011935645185,0.026865220700698023,0.7690411960317226,0.3819259139341076,0.04423927443253328,-0.0012715194195910273,0.44843636933819,0.3191208604682487,0.0017184266535288373,0.03170749982159282,0.1301702133257116,0.39865347105174553,0.3760961189328794,0.40551048948370727,0.24086880803914545,0.0017184266535288373,0.5374831522817114,0.0014756064389106482,0.6015014063761105,0.6094805069014363,0.1502100994587376,0.06558643334433129,0.2906215906838399,0.0017889709509240626,0.04688589217942157,0.29069515038845006,0.30515172409111124,0.12112608840200695,-0.0012642361099778898,0.32718879919604826,0.04688589217942157,0.12875705944937815,0.13062654094799347,0.013671556029025256,0.6166382105626276,-0.0009699344731701198,0.05970838297514408,0.11899293683792134,0.3598191545866486,0.0028968052727947335,0.160102401759333,0.19417719748164808,0.3292753171128574,0.001626749382778958,0.5126836581145361,0.19758608765889607,0.030440533473456155,0.113989546370526,0.03811513964455365,0.2478100309949322,-0.0005999832670475769,0.07058292841982605,0.04040129938722392,0.016320240567919253,0.2307771218712253,0.305037717032003,0.5225595563114733,0.35150881332244216,0.1456571313053323,0.657043385828313,0.4090884556100869,0.1292202653937204,0.0018456707313178056,0.3412550302531799,0.14899384052772208,0.3224204663540281,0.8025352411067285,0.306420177263256,0.14500344173891366,0.510993810505596,0.06976660340708807,0.0014756064389106482,0.8164901114427792,0.003343993230902287,0.4147284715527553,0.12378776126750096,0.12197996005497741,0.1394674153957735,0.09532260457741876,0.4061957816515088,0.3506529910925984,0.29446920717297836,0.1228204708823818,0.11421024813328856,0.08595741339828433,0.09776681814280647,0.6514925918876706,0.3372287478929126,0.0045423685894469545,0.36258302211406623,0.02583531892417379,0.0014756064389106482,0.3166461849976475,0.1249732716205631,-0.014302758805371352,-0.000286501086502966,0.35256256224111954,0.35528638643253974,0.35528638643253974,0.8080271128432734,0.2667449965031615,0.0029576888758337527,0.5367677924696563,0.598935982865212,0.39902870812144475,0.24234647544201104,0.08254570778764198,-0.0012715194195910273,0.0014133802619193392,0.24868519577504497,-0.0012682332945536112,0.1292220613932233,0.5103989226376865,0.24443464381197572,0.34137598630444543,0.213914025642926,0.005139381956032807,0.1489905847937985,0.29145470872550794,0.2307771218712253,0.4072718005469146,0.12714411229097367,0.1287825679122565,0.131903157969263,0.0031148190634068817,0.020713075605374554,-0.0009666464015696263,0.058168985696076037,0.27623158937006953,0.6184939506254402,0.4376077091274757,0.036710772839684325,0.7021649402591112,0.004079384566798239,0.24150293989582228,0.058239020153642185,0.02465875819321034,0.5533414721625074,0.24131988229283435,0.23748209461312259,0.08269837234598343,0.6857747012087122,0.03918516875812761,0.8465248886996097,0.5950088415796139,0.4987592362340827,0.8149865870839867,-0.0007241697186628482,0.03818479678217157,0.0839479779163419,0.07300696565678444,0.001478538961635134,0.004135803225444601,0.057923852086575356,0.4671964113334288,-0.0009666464015696263,0.284255978388082,0.017899046272703056,0.1319292286925815,0.0017664289253511711,0.25663847046803967,0.4109044961067987,0.33280715628099156,-0.0009637183106487868,0.27729676169408507,0.14773308865528628,0.016751504650721893,0.15366443371221217,1.04339896326512,-0.011854339680821613,0.27248119931255715,0.34132831928738483,0.31916476435184254,0.10634168378571784,0.2590049940774362,0.3637018802248482,-0.0009666464015696263,0.06019890931842403,0.059674939600302845,0.23399338453665242,0.9087593716441033,0.4590834250255369,0.22467959962718387,0.05859044251039269,0.035892273888771864,0.3733840567114103,0.4555538712022056,0.35081192387204,0.25560825530554854,0.015002222863357673,0.03678926008968414,0.5470970902451188,0.08312934098681007,0.2973259778062809,0.0029576888758337527,0.27064261888140534,0.20018991097933309,0.2730456193843143,0.4245951680449642,-0.0009874476970046508,0.19675098090301324,0.5147231576342535,0.7855185332795699,1.0372526784297533,0.3306027066014745,0.01787428066620128,0.12128327684377616,0.3508445874135295,0.3346542442370717,-0.0009637183106487868,0.5083338655075065,0.6242874124549389,0.20018991097933309,0.10014322161262368,0.0032017110424397144,0.11406234847036373,0.40005698996076744,0.4304817588244043,0.36075983118735266,0.4064793643812997,0.6306451723678188,0.19818260436361013,0.19818260436361013,0.08112071156876272,0.04052472883200725,0.3831297135104809,-0.0009666464015696263,0.199838806231382,0.2755389305557559,0.801757999876221,1.2359559034077237,0.40695987217759555,0.21888560301244342,0.12509522811093998,0.2729652586606688,0.40458413007958227,0.1377629610446181,0.24331216566242309,-0.0009637183106487868,0.44294791591694727,0.2559562828799786,0.035768095846535175,0.32440411694946264,0.6686822982019442,0.361265976937667,0.0612710169905914,0.021786512335781216,0.0015242866702367408,0.2966752736056798,0.0014756064389106482,0.0755488433235531,0.3498451411179493,0.905906605416212,0.0061249189806082405,1.0449942539982682,0.34490223066556225,0.2957758326499788,0.20266439410094345,0.033901721152911235,0.3301815930806178,0.21448110535777404,0.01419421341846211
chr17:75979434:75979435:NM_007292:ACOX1,0.013632557361709458,-0.003962632835073421,0.0015651037043725169,0.05201936318907174,0.09938664873511732,0.27904524803663333,-0.002974656169894896,-0.0030083700871295083,0.5475518067880012,0.013383342842524903,0.14588360554684693,0.015045955051460086,0.009173276614720421,0.014690452812296334,0.05164794782033788,-0.0030083700871295083,0.4063737953109776,0.6824559486446707,0.06979619266516535,-0.002985298160641775,0.05661044442917548,0.02737128685651513,-0.0029194348026028716,0.06293482717708232,0.14074494820711073,-0.002985298160641775,-0.002940662465304139,-0.0029194348026028716,-0.0029573825971414835,0.3146332835831895,0.03711729397179303,0.25187513916380727,0.0016716544325782734,0.34622616681494695,0.11991171889631441,0.06231655119741303,-0.002985298160641775,0.14106996204118277,0.04071268943911471,0.06123761642104769,0.06330502492897214,0.12653471674589256,0.06969737065426329,-0.0027009394803506337,0.3702601672863058,0.0607203137664232,-0.0030083700871295083,-0.0029194348026028716,0.10787417821608156,0.052674804590892285,0.018824326325271062,0.05118440123166597,0.15598702047498741,-0.0030083700871295083,0.045614878635841044,-0.002985298160641775,0.07504918439218829,-5.852237165326901e-05,0.19981492156852632,0.1112423308064682,0.018824326325271062,-0.0030083700871295083,0.01577543954383548,0.002741434252948094,0.3842595081742959,0.06362032459139154,-0.00305557768137521,0.27888125225486066,0.016708685740201568,0.05708019691640298,0.08372812632471488,0.009150202287332848,0.4396210511439108,0.003958457408151123,0.09938664873511732,0.1018604262188442,0.1998225432813998,0.07201255589784086,0.04833811222569846,0.14350402248820968,0.0023072329866692665,-0.002477510643801528,0.06099573902587503,0.05732193142310883,0.006974921411909668,0.045257201167459224,0.14077437015134647,0.3446294437023145,-0.0030083700871295083,0.561786921673112,0.07284111127890153,-0.002788807546996369,0.04696179437867555,0.020730449195546313,0.1492361398406323,0.04556663688913887,0.02787679841257637,0.06566509735557724,0.01595553238631392,0.0027536202590499326,-0.002985298160641775,0.06412957918431478,0.30908859392316224,-0.0030621384795403994,0.04939338310970465,0.07496977035928556,0.5956244143110747,0.10079727822530246,0.5626772792479272,-0.00305557768137521,0.06231655119741303,-0.002991862129940598,0.05216050591047776,0.1406800728617921,0.06231826382809649,0.5964290377907493,0.5586460022234286,0.05188671048764354,0.05202254997372559,0.48269117024717,-0.0027564168141919754,0.0035424985687397548,0.30826039270324956,0.0002008239652052657,0.06419574035124823,0.36959656829854926,0.27911500552133833,0.14064205888035328,0.018294033256664233,-0.0030083700871295083,0.06071710420302193,0.05167744681391352,0.021130467993825758,0.00015418775257658446,0.058409012417009715,0.14264824509100277,0.14264824509100277,0.40537363903545126,0.017418461118854728,0.0013121995738634429,0.05164794782033788,0.056620453292486675,0.06231826382809649,0.007972287228421415,0.04070778573807038,0.0013843970009650985,-0.0042008915315283335,0.04250370883527341,-0.0029804548554731858,0.23051877578437038,0.06284200084607987,0.0013363304107759932,-0.003039070475432365,0.28267340082684844,0.033930889693083166,0.3021884849331483,0.003346437462047658,-0.0030083700871295083,0.06278079491077716,-8.37052228052082e-05,0.14091501798864406,0.5968673594328986,-0.002985298160641775,0.2090039928486071,-0.0030083700871295083,0.05755372423612455,0.14137323762935486,0.38579450376762847,0.04510457993155252,0.011998995624247694,0.051362648392479934,-0.0026023751475858503,0.014550032172234523,-0.002924152087663917,0.05020654197171209,0.0013363304107759932,0.009200228147505762,0.140924832028233,0.08621246308164032,0.3936470542963693,0.002894957929418379,0.06277919675333454,0.19861893681005113,0.0007872701071869881,0.05200406083949681,-0.0030083700871295083,0.0129737047917097,0.06231826382809649,0.14282893059581572,-0.0030083700871295083,-0.0030083700871295083,0.0018863860927563758,0.05706683586298246,-0.0030083700871295083,0.04230583962705141,0.005726592122083207,0.05117761000239697,0.029231974178250908,0.015820156439878413,0.07494329955162919,0.06598307002871462,-0.002985298160641775,-0.003003562371547197,0.19935280328636337,0.6013288099314652,0.0627658932556957,-7.341624815462855e-05,0.01873118786597433,0.056263682826055025,0.5121558444475378,0.06103387102468216,0.021196734929005034,0.0024172200314030445,0.040368489856329445,-0.0030083700871295083,0.0018318079259670716,-0.0030083700871295083,-0.0030083700871295083,0.4383093420606458,0.07632040558119646,0.0026607587106579345,0.011709654706483746,0.05419760978972611,0.09779714063803657,0.2855673615038061,0.06231826382809649,0.0516789103257376,0.08272477104076235,-0.0027898862111016554,0.0791977216594592,0.1370175169291146,0.05253170139392889,-9.834291905272408e-05,0.05826991328701597,-0.0015434726501175056,-0.0029194348026028716,0.10968290886423088,0.05753167061822259,-0.0017113017764714133,0.1421429009916224,0.04584789441362065,0.05103598351402654,0.05216050591047776,0.004876185268923278,0.0018694618774215965,0.054026340580196494,0.06138152133513784,-0.002985298160641775,0.05216050591047776,0.0736511557550216,-0.0015551897988812513,0.010497848416257533,0.10832169917696191,0.0002124429925161042,0.10000837780852419,0.0797787565508584,5.442026541388478e-05,0.05216050591047776,0.1253880058893264,0.061515006830508034,0.061515006830508034,0.05978364898646235,0.15107987545295506,-0.003078645119063944,-0.0030083700871295083,0.007159453669282806,0.052091949006121796,0.04532442335491049,0.5763310177817911,0.029685648999258213,0.004394587199042677,-0.00305557768137521,0.05166919028168425,0.0497216840132214,0.0010751244379558211,0.0013843970009650985,-0.0030083700871295083,0.6345594728751436,0.0767509226602233,-0.0030083700871295083,0.06539776956925644,0.05401270894196859,0.013412171364947462,-0.0030083700871295083,0.08208669669449246,-0.002891516655145865,0.1458455071075806,-0.002985298160641775,0.022432004265956984,0.10548453646743083,0.15008029443456022,0.00013623260264719605,0.07684773208655073,0.16808300952761002,0.08023756381557726,0.0002994648604107697,0.016335117814551048,0.05168980327891837,0.10057929765178275,-0.0030083700871295083
chr17:78925390:78925391:NM_003255:TIMP2,0.35315518138592317,0.44397026593974315,0.025421755097407434,-0.041714518116579835,0.04081920067843911,0.4091145469318178,0.3217526548487456,0.11182863635700976,0.22151722892223086,0.15669219989723554,0.1901073410451879,0.283198723798744,0.08580677074480432,0.34807993900889006,0.03247252204879951,0.32117409142097403,-0.04105979091454734,0.3098820302948725,0.4221420518870734,0.19380101453233342,0.016848885500833355,0.2673792236508342,-0.0005185788472893693,0.20651825462493253,-0.0003765943957777518,0.1444092220104946,0.03247552634554564,0.27328396209111866,0.18908255762474996,0.5763975858935211,0.21469226201751337,0.3695463226756101,0.17961457799781,0.4050782617706361,0.2689386985020582,0.16143618706042626,0.12617808741065864,-0.00037385558508984396,0.049127778537964045,0.007906074134014979,0.1633773548467951,0.7749829236076423,0.40735980891979556,0.1981817051338816,0.144833315012817,0.19902730078416775,0.12617808741065864,0.2905945266063122,0.01283635987669493,0.1578356277181148,0.06719704056991319,-0.0004170698607319778,0.19388757160998732,0.14370490193340396,-0.011707797314335466,0.10148082880124366,0.3145982969188691,0.034485251897829056,0.32056874189943396,0.045876895401177786,0.06777175952765105,0.01232120238800019,0.24058195790409026,0.39311247316982967,0.5326936437125744,0.0013202239279661299,-0.00043011502231468657,0.21444896159531493,0.26671015301109025,9.066134651389279e-05,0.00034911287820313386,0.42268004458883696,0.4456585221100425,0.1681650119368433,0.05749801061856216,0.13158433702874417,0.32061027063153635,0.01907044118896481,0.42648766637529006,0.262004752290777,0.03247252204879951,-0.0006502512961394091,0.25924773432587866,0.33608637213040626,0.07206434230682585,0.3818596550458911,-0.00043011502231468657,0.02135679691404402,0.06719069869678687,0.1391443198369046,-0.0282647760418559,0.0032184910781215825,-0.0003910029987339303,-0.0004650770042496921,0.2405843393822533,0.13482666112003297,0.18429420037036354,0.23568121575389678,0.04822134549994392,0.12167173963596381,0.14370490193340396,0.05438682752290025,0.24564749965221935,-0.0004517537480047684,0.07204438160092821,0.34233229675457966,0.35967105447387654,0.29326380101443084,0.27216212661375816,0.1266344489480251,0.040885523310751196,0.01626899177416591,0.043512327445606486,0.0019232442874314581,0.11138299353339237,0.30220956484149214,0.20942455112850208,0.19194519570331126,0.16698437907881353,0.3806218458465131,-0.0003161883660871556,0.2631684485760432,0.3569191018681507,-0.00037385558508984396,0.11258350179331914,0.35160180588016166,0.16217529796621388,0.03243089399476852,0.19428390919868582,0.1128021915309981,0.22737651897745953,0.03357481826780434,0.013177847312255297,-0.000496183105417991,0.08012398123956713,0.3261537443299674,0.3261537443299674,-0.0003066546269414605,0.1718337006434449,0.0014613722415295904,0.6239423796877752,0.23239671999423148,0.16174419559700118,0.0013302543706595338,0.049127778537964045,-0.0005185788472893693,0.11202900747896646,0.37499252240607295,-0.00017827985022836335,0.11364279006102715,-0.0003827654868813757,-0.0003765943957777518,0.02158015416786757,0.08323196253680609,0.01674749696274,0.24167849838429153,0.06766605482239099,-0.0005141611836689819,5.3705993340508185e-05,0.00521249993056902,-0.00037385558508984396,0.16219756419093403,0.1435061319865782,0.0871980063345986,-0.02864104462335726,0.012378130373199236,-0.023592180427491033,0.36264906025736576,0.34903853339874497,0.05980605635482458,0.12025545092696298,0.16909146882449755,-0.00047196178810782197,0.0323188885396689,0.13328762222756652,0.03247252204879951,-0.00013078425384052683,4.151196681428937e-05,0.07074135833281117,0.4147492350315082,-0.00043011502231468657,0.033011117118368516,0.5174273804895329,0.06478341209728018,0.16312772051498065,0.1435061319865782,-0.00033749954453324293,-0.0006359072781623731,0.1187410032281898,0.12617808741065864,0.01626899177416591,0.032369290321533045,-0.0005185788472893693,0.07904251723426059,0.012880118044672983,0.10505899108137065,0.2145643773363466,0.027595961252114387,0.005751711741434795,0.23452412167715034,0.2864044006268544,0.1435061319865782,0.003361203050847278,0.17663256379076156,0.0029922359129160303,0.032463827114588575,-0.00017846830217618792,0.12673297114254045,0.11135677941419111,0.19766318489214685,0.20024173320105632,0.12517595416561342,0.0008864792572586544,0.034654930452834284,0.1435061319865782,0.03247252204879951,0.012499150285758126,-0.0005141611836689819,0.6181722976259036,0.21008060595964853,0.11096033434003721,0.20621956088670793,0.1525750170476014,0.08122159738236605,0.14534879260344558,0.029011647884383873,0.15565125202068783,0.002819601156372059,0.021420048938152053,0.1825901346988572,-0.00043011502231468657,0.17516036001387772,-0.00043011502231468657,0.09294805029943548,0.11116252357006684,0.01694990237986338,0.12862309587157136,0.16236998854611778,-0.000487128456426289,0.03248131251452724,0.564533764245952,0.08998906329451584,0.04973894597436038,0.05593748719569412,-0.03141058194447793,0.0038449512813131526,0.20186434168270168,0.07859450298392436,0.1887848945421015,0.5234110613412619,0.11114462070395131,0.2646859073066999,-0.0005057640323300749,0.3527354113100511,0.18599340897666833,0.18276208838986152,0.33413939790461467,0.03699833397576896,0.004494967583739157,0.15024516495406404,0.15024516495406404,0.2557341699434192,0.3998964546207466,-0.00030527458827672715,-0.00017827985022836335,0.06339585384332422,0.07012518192964429,0.5990509337163337,0.17572926973361003,0.3447774278538427,0.11686983453627003,0.14403383677752316,-3.170031548599406e-05,0.12171991737878553,0.3028405896080135,-0.00014365913827141252,0.1266344489480251,0.4389759091559428,0.19126255975430118,-0.0005091879446572078,0.11257560987890078,0.2215429058693376,0.031097751514745475,0.06287383156547524,0.0029922359129160303,0.4821149657776053,0.1269214309155643,0.14355433472472728,0.16968961550404738,0.26473338361376486,0.11033640396296718,0.0011807719628187385,0.012811932031945222,0.12698829633159234,0.1911924705605546,0.12659926955201758,0.2405843393822533,0.3272531385100754,0.10586060100947427,-0.0005185788472893693
chr17:79950857:79950858:NM_001271845:TBC1D16,0.038119797245094345,0.0033668515548532785,0.015545776932410882,0.006072006114792028,-0.0013474512202329425,0.23091686519298693,0.01833054486098995,0.22471114215677113,0.0035592790250715267,0.039434170903823895,0.11234449672312702,0.2237471866627797,0.08163242863189935,0.04734262145494833,-0.000777001852696857,0.22471114215677113,0.09637430939438396,0.02359950926322535,0.0907481478671952,0.007577358718568128,0.059597969308745447,0.005172758831551827,-0.0013615134179418287,0.44104980367569424,-0.0010202046212247073,0.007577358718568128,0.04105066315120515,-0.0013474512202329425,0.0016410379126508556,0.0015473974168313531,0.024972296982891384,0.2566546198206717,0.03482008035790868,0.003158948032432496,0.008069499146717563,0.23058595741273769,-0.0006730000981463591,-0.001012689720512383,0.0031357219837250816,0.0021300991151609328,-0.0010731838825185913,0.0218262572127656,0.11801961149231643,-0.0013474512202329425,-0.03359983903080188,0.047981397129790604,0.005897351504700887,0.033306484787576585,0.015149611505562044,0.005504528152103894,0.13703238492506553,-0.0010731838825185913,0.10007001889405326,0.0022179896384815767,0.40971540600442835,0.006554313658267252,0.2648496703117307,0.003897738448595922,-0.09928338283218247,0.012662665627228842,0.13691995278214542,-0.0012624093601451003,0.4313307454412505,0.26908917981223324,0.05436788761081418,-0.0010731838825185913,-0.0010731838825185913,0.013585923756719576,0.16368933628591598,-0.0013615134179418287,0.005292665120822826,0.006934434841295356,0.004323479518328455,0.03500311251356342,-0.0013474512202329425,0.26878042661681434,-0.04613629432031707,-0.13674522383728344,0.0599691365306495,-0.0009882176292817513,-0.000777001852696857,-0.0013615134179418287,0.00710664623892826,0.03364016193424757,0.01837949825702878,0.01484967575243945,-0.0013615134179418287,0.38742751783170515,0.011144611798487802,0.07999248649803897,0.0023173017107400717,0.01834809391209613,0.004753226260044263,0.09322151521770783,0.4379259996986361,0.016021795945537043,0.54956502407829,0.06516968100065434,0.022416436551795482,0.01550977164201861,0.013209534338552709,-0.0010656692647305621,0.22112655825441718,0.03136718495965912,0.00743362854006685,-0.012024581018249048,0.06499672550466251,0.025647388706206975,0.08642059094225973,0.008069499146717563,0.16190280569685156,0.009510355534526782,-0.0010731838825185913,0.011412285430421665,0.03166297510742233,0.0359181735868121,0.029934661413164587,0.03167042351190863,0.007787266836328022,0.07858764959947451,-0.0013615134179418287,0.38911522683596145,0.039539349146364366,-0.0010656692647305621,-0.0010656692647305621,0.0018205689328598118,0.03311213791892359,-0.0010656692647305621,-0.03750370728857211,0.13208665846520673,0.03718901228081506,0.005742489178105881,0.04489043108398427,0.03261804702042265,0.005577275015636263,0.035161351160465926,0.035161351160465926,-0.000976498393454317,0.003512184242503935,-0.0007092063953675343,0.16960705126098685,-0.0007026481018075903,0.006832045985916246,0.08873242871823767,0.01837949825702878,-0.0013615134179418287,0.016705916626238215,0.05350697271096749,0.0022038935225643375,0.002336225920418211,0.005224614482686019,-0.000777001852696857,0.22983774961719183,0.22833471068019662,0.0342823244646856,0.03138574253649945,0.008283060099588457,0.034220639159815436,-0.0010731838825185913,-0.0010050954711931515,-0.0007092063953675343,0.044541948929768094,-0.0013474512202329425,0.04323176365217857,-0.0013474512202329425,0.014576271504700478,0.08713342778464889,0.04502276114913478,0.005514087866841266,0.013208244082944853,0.031381454347525095,0.11745741792683978,-0.0010228395315384775,-0.0010656692647305621,0.0994035504692104,-0.0010226711462940075,0.0039274042296779665,-0.0010656692647305621,0.022181092399190305,0.33265179074070383,-0.001308543231568815,0.0032658784504466243,0.30377689738163793,-0.0013474512202329425,0.054030812750204604,-0.0013474512202329425,0.01118048302242386,-0.0010731838825185913,0.055333603851805746,0.008069499146717563,0.05540730289153173,0.011788526971318325,-0.0013615134179418287,-0.0013474512202329425,0.4292056912299861,-0.0013615134179418287,0.003258440361783299,0.0237179578321966,0.26519906036075314,0.28855831941882903,0.3758835574109335,0.005996240524510532,0.003409315891478859,-0.014112768497644645,0.051268057281191826,0.004194058527836941,-0.0009581376748021286,-0.01209583859672858,-0.0012381550330643476,0.15517932500819376,0.0038451947366372474,0.19349371639944557,0.07671421541096457,0.012006672193066448,0.012522668961187589,-0.0010731838825185913,0.031440229940074504,0.034220639159815436,0.03100632342138404,0.25302677750850877,0.10395104067152039,0.010156366451050336,0.03174632716376413,0.004942184533531124,0.05661008890590313,-0.0010202046212247073,-0.0013615134179418287,-0.11800700719415225,-0.0012052945258722025,0.26162148950849096,-0.0013615134179418287,0.015487976832454231,-0.0013615134179418287,0.007005651724251438,0.09043295588436628,0.0015949541426420466,0.21573825059518392,0.03204646609800221,-0.0013490097450345462,0.028231540855236936,0.07042913023818903,0.01533172637301733,-0.0010656692647305621,0.004194058527836941,0.004237427607314714,0.003926141801361971,-0.0007810233535471278,-0.0013474512202329425,-0.0010656692647305621,0.3554426560046847,0.09577467853527005,0.0018242592706020355,0.03207112388220412,0.2823978467920457,0.2696986722608288,0.19581624108979234,0.006987087433144079,-0.0010656692647305621,0.03723697490858241,-0.0013615134179418287,-0.0013615134179418287,0.43252158627624837,0.5222326346335,-0.0013615134179418287,-0.0013615134179418287,0.0026000275036972,0.06630002694883907,0.01929776478873657,0.09380861826340692,0.0018383505527017618,0.2743491548724434,0.008751603027000565,-0.06286528528032559,-0.001012689720512383,-0.0012240924114444995,0.08313784876004876,-0.0006730000981463591,0.10311497852954499,0.018923206572356133,-0.001359602444138519,0.014317974647132803,0.24293054229904898,0.011985524437126638,-0.0013615134179418287,-0.11813178616960035,0.001541810485253703,0.05834370928850752,0.0191381826048882,0.18151553403755816,0.01108094790906522,0.020568108208939395,0.0005663316530573614,0.005579469348614974,0.04701855783641651,0.033278373786188864,0.3198525496898349,0.15739777983826742,-0.0007092063953675343,0.005304266397141377,-0.0013615134179418287
chr17:82698722:82698723:NM_006822:RAB40B,0.16832231139999865,0.005024851903791677,0.16722947530221272,0.059393873706265546,0.08329170898770269,0.007456312923207142,0.05270851536900864,0.0038458552473513152,0.003846463384032814,0.1673120619329497,0.1673087493215637,0.05388785258576083,0.21892294145109914,0.2190036623290673,0.07229048971093,0.0038458552473513152,0.16199523906605576,0.06455968921098276,0.27332290116767555,0.16720797207403676,0.04315045129701685,0.167212865181336,0.004027918710877945,0.23955003830721164,0.007762788616763688,0.16720797207403676,0.0785835999421467,0.0038688672791899192,0.16728103971446562,0.011957256762798824,0.34526899875166317,0.22593081645508103,0.16892080934721,0.003846463384032814,0.167212865181336,0.17724509206132644,0.16720797207403676,0.36859593664733625,0.003909752647805617,0.0038310989215252222,0.07710186847573264,0.07023650801982878,0.0038826815451787483,0.1672526733106644,0.2667374371748888,0.18720186803279226,0.16720797207403676,0.003851563734088681,0.052307945263291925,0.15460344472447143,0.003912973576459575,0.11539593517350216,0.16833340015250675,0.003851563734088681,0.4117048666420714,0.16720797207403676,0.49341308308997767,0.2380810726015388,0.00390756744120721,0.1571054801906406,0.004149579088713107,0.0030897810495168765,0.003851563734088681,0.0038978118928705424,0.22602814364972537,0.003851563734088681,0.0668359090158597,0.003846463384032814,0.16720797207403676,0.003851563734088681,0.004124326308312512,0.16728103971446562,0.18091565312618602,0.0038285521367713987,0.07546516389172908,0.16643385047423798,0.00390756744120721,0.0038926680270628122,0.09862938928332741,0.0058869312818393416,0.1671606980717349,0.16720797207403676,0.17127462744948338,0.05499012248804411,0.003909752647805617,0.07573005368802938,0.17454441596702652,0.13100549030286382,0.003851563734088681,0.10187330676907247,0.16720797207403676,0.003909752647805617,0.003869102149007625,0.052847690569313654,0.16722947530221272,0.1711733141429906,0.09597441304072854,0.2288733527225376,0.10449609712130166,0.10271024977342055,0.16720797207403676,0.003851563734088681,0.0046841883642334825,0.0039003302270957524,0.05597839601281024,0.26698580073674283,0.00397108579088587,0.2209998057508373,0.06827776079816589,0.005407254060459429,0.01406670153977796,0.003919889068771498,0.16465255528327247,0.28492424846855374,0.008966817388975257,0.0046841883642334825,0.22775506111418278,0.08123867915468685,0.0787835128159918,0.004071137353011095,0.05365607268503532,0.23696850015988372,0.16545892787546584,0.17454441596702652,0.003851563734088681,0.16785754793578092,0.003851563734088681,0.23016524641256234,0.0039047742049009293,0.003851563734088681,0.16941994169998617,0.07229048971093,0.04318347404172179,0.0046095406148183304,0.1688379844724923,0.22600536826648143,0.22600536826648143,0.003851563734088681,0.24534268392685507,0.06839789691106199,0.3711443603421378,0.09399765187191597,0.005467703695302417,0.04115401469169436,0.003909752647805617,0.003851563734088681,0.003914852711281835,0.2268243531009347,0.003851563734088681,0.17937164185269674,0.013281294804582608,0.07229048971093,0.18039847753001537,0.0040789199755826705,0.04455260997590743,0.0046430680605231145,0.013568657575055695,0.004787325363063227,0.11539593517350216,0.11689703079744941,0.17454441596702652,0.0038669865642841084,0.16720797207403676,0.36324838393241926,0.003851563734088681,0.07466476154272697,0.1549316005400774,0.23237275924511264,0.12182232775071192,0.17454441596702652,0.16985003749448763,0.0432199393688852,0.04257295835407733,0.07535490884268137,0.11602443032236107,0.16128152209226834,0.005275263658232901,0.17338221568801324,0.013338936267894466,0.22312618406374465,0.0014742699794335207,0.21781306888627924,0.3309413039684302,0.0031051917540653173,0.24465131615901647,0.003851563734088681,0.25681336848416136,0.003851563734088681,0.022640192338708884,0.003851563734088681,0.0038514992894425337,0.09021464126130638,0.003851563734088681,0.16720797207403676,0.02207272472207676,0.052892170711926215,0.05596857001012802,0.029789916739017847,0.18057041481272307,0.5441738693218306,0.053993825318242886,0.003851563734088681,0.004328026846011454,0.00390756744120721,0.03710791219889717,0.08270083387996668,0.0042102878256043835,0.08556231721066246,0.015420578758131229,0.22743559817323425,0.2537389379956555,0.17698999926645725,0.004724392080899031,0.34085119569623495,0.003851563734088681,0.160614335671893,0.043155847788160076,0.003851563734088681,0.00472369295788011,0.3871957502616083,0.1816838247073393,0.33898788185484435,0.21890089918751804,0.004717653857990861,0.16785255576056646,0.004717653857990861,0.05283192273832191,0.06746560502578518,0.011951307141166906,0.30247479662892696,0.05450762058701314,0.10804323661127999,0.004492731587305468,0.214238753601671,0.1399385615745356,0.005407254060459429,0.2504603278664657,0.013283625329534213,0.10212046210695906,0.22403196358099628,0.2316964978001083,0.2178218540031762,0.13757653305887058,0.05342900827373864,0.05192288291868842,0.0030897810495168765,0.2371328962731681,0.003851563734088681,0.08270083387996668,0.7850916849956986,0.039096630546881506,0.18302160353202226,0.012342791259186608,0.22574958321422875,0.055386595525209845,0.16991285301340148,0.003851563734088681,0.0756671931467234,0.39023342120053617,0.0038540117816258795,0.0038540117816258795,0.17698999926645725,0.010811601596392953,0.11136662170668016,0.003851563734088681,0.003851563734088681,0.003875845748444892,0.22492630896018143,0.3033040545433333,0.36405926124650567,0.10228162010616752,0.21286874564393926,0.0038672539673065137,0.08394654226723378,0.05942880105883383,0.14292434977996127,0.04315045129701685,0.005626926492081338,0.33608947800464145,0.003829739826239062,0.17949933861362255,0.18448131735798243,0.16502270422763118,0.005325565210789765,0.02755105685428902,0.003851563734088681,0.051261179792453496,0.003851563734088681,0.22692743196239756,0.010129604483505375,0.16757465343797773,0.013299546790122699,0.17014123280793428,0.08734595411066032,0.006746482029718406,0.07404179778383152,0.003851563734088681,0.22140259696310413,0.01702794259958032,0.16720797207403676
chr18:7567315:7567316:NM_002845:PTPRM,-0.006121609336997624,0.1582548504111243,0.20882676090950875,-0.07569849656673472,0.08741944671512436,0.20285824524434343,0.20005868799683196,0.3515419287105162,0.02015384198146908,0.078031108094271,0.11940867033539326,0.23100865850900237,0.34890781356187633,-0.006121609336997624,0.152622112700371,0.3495574212825547,0.1988988783174979,-0.031181414378789324,-0.006121609336997624,0.0008650924166705987,0.07571701339153081,0.35227756839491065,0.12210070585022403,-0.006121609336997624,-0.16992265035002757,0.20814303659671402,-0.16992265035002757,0.3518110855827794,-0.03585942178048465,0.20814303659671402,0.17364370007051116,0.07682716987260346,0.3468823518504097,0.026406596340376842,0.3522770317415587,0.08222292381193616,0.12006117608811306,-0.006121609336997624,0.006939305570093035,0.28192334389915197,-0.07569358822256216,-0.16992265035002757,0.11031218395169784,-0.006121609336997624,0.21577489418960982,-0.0050767673737274754,0.11003533367373458,0.2042296668710592,-0.006121609336997624,0.08331507992367676,0.1871976868936462,0.014329553774199574,0.11940867033539326,0.12056355783894229,-0.07569358822256216,0.025876120546936054,0.014329553774199574,0.3365066721981172,0.09024524932158723,-0.16992265035002757,0.29318260132418855,0.11798481232963615,0.2088433849297503,0.12367443195998873,-0.0018562903356772464,0.15543392143969817,0.152622112700371,0.017498828602434402,0.2088433849297503,-0.0057234656916242965,-0.006121609336997624,0.07614622314251324,0.13977463513632415,3.4786736096803494e-05,0.2076898998929675,0.002021334843605782,0.09024524932158723,-0.0022733073936723747,-0.16992265035002757,-0.16992265035002757,-0.16992265035002757,0.0007659274569887242,-0.006121609336997624,0.014778380263018896,0.05042570988188522,0.014329553774199574,-0.006121609336997624,0.36334003906021417,0.10959885715301865,-0.006121609336997624,0.13977463513632415,0.030962089920755498,0.018055241951014434,-0.006121609336997624,0.0016210457189438365,-0.006217134252758383,-0.006123282513284922,0.07986207292943695,-0.006121609336997624,-0.006121609336997624,0.12056355783894229,0.01915630566728349,0.1106553078030017,-0.003419414282667954,-0.1684374101520768,0.2225500176160216,-0.006121609336997624,0.17176563481831925,-0.006121609336997624,0.11003533367373458,0.07090065641536464,0.07348845458471992,0.07090065641536464,-0.006121609336997624,0.07667299318809609,-0.005572605876258407,-0.002026204170011925,-0.16992265035002757,0.3365023198733179,0.3084134218452212,0.13977463513632415,0.014329553774199574,0.13838503409434705,-0.006121609336997624,0.01915630566728349,0.22578287952172094,0.152622112700371,-0.07569358822256216,0.18550594994717534,-0.0057234656916242965,0.15382987709673698,-0.006121609336997624,0.18723310075720118,-0.006121609336997624,-0.006121609336997624,0.20005868799683196,0.20005868799683196,0.002901972256899088,-0.006121609336997624,-0.006121609336997624,0.07090065641536464,-0.1699370017486118,0.014321454472324188,0.09205257649872506,0.0677014637518446,-0.006121609336997624,-0.006121609336997624,-0.0057234656916242965,-0.006121609336997624,0.03479027540460172,-0.16992265035002757,-0.16992265035002757,0.20005868799683196,-0.006116554291618781,-0.006103825793216,-0.006121609336997624,0.20005868799683196,-0.006121123936581818,0.014329553774199574,0.13977463513632415,-0.006121609336997624,-0.006121609336997624,0.10959885715301865,-0.006121609336997624,0.12006117608811306,-0.006121609336997624,0.027396164891795863,-0.0016445621287711765,-0.16992265035002757,-0.006121609336997624,-0.002026204170011925,0.07404034192308073,0.11906261196698253,-0.07569358822256216,0.1860538091866474,0.152622112700371,0.11532318062986263,-0.006121609336997624,0.02701204883264252,-0.006123147183198063,-0.14580476880314908,-0.16992265035002757,0.32785811334100545,0.20937281485176396,-0.006121609336997624,0.11009803121273043,0.3365066721981172,0.07828342938454597,0.2182032039656246,0.12006117608811306,0.07348845458471992,-0.006121609336997624,-0.16992265035002757,-0.005664902346433021,-0.006121609336997624,0.05042570988188522,0.13977463513632415,-0.006121159243172858,-0.16512828090127393,0.014523420396033986,0.00038617164537380066,0.11009803121273043,0.018429746515074508,0.08833750635499488,-0.004859410326684577,-0.16992265035002757,0.15677716631631053,0.19979469464652017,-0.006121609336997624,0.09677467798017386,0.15267719742753666,0.28039680552953594,-0.0034442133871238068,-0.16992265035002757,0.12050028647717087,0.3365066721981172,0.07348845458471992,-0.006121123936581818,-0.005580435419362928,0.03939664293381583,0.02003830067252771,-0.0057234656916242965,-0.006121609336997624,0.0966519292875831,0.22581011995766453,-0.16992265035002757,-0.006121609336997624,-0.004749285953979443,0.004219859467848197,-0.14320668675906806,-0.006121609336997624,-0.16992265035002757,0.3365066721981172,-0.16992265035002757,-0.004806044508391338,0.2005093606655739,0.0004649940682459053,-0.0060576060492325,0.01882060380564876,-0.07569358822256216,0.152622112700371,-0.16992265035002757,-0.16992265035002757,0.08902494401942673,0.152622112700371,-0.16992265035002757,-0.1697358803052468,0.12012442135758772,-0.16992265035002757,0.014315585341945929,0.016473017630048825,0.002127643093197018,-0.006121609336997624,0.3365066721981172,-0.1699234051631023,-0.16665815706430684,-0.006121609336997624,-0.16992265035002757,-0.16907559573495248,-0.006121609336997624,-0.006121609336997624,0.0016210457189438365,0.039934686832179433,-0.00612295399496493,-0.006121609336997624,0.2109186941407623,-0.00350795011288324,0.014329553774199574,0.10998092570280354,0.15305692365825208,-0.006121609336997624,0.11010352566151038,-0.0061209600878111,-0.16992265035002757,-0.004005961828090154,0.11448454141428172,0.12006117608811306,0.3268890751272217,0.014315585341945929,-0.006120123498368435,0.152622112700371,0.06435416009033385,0.014329553774199574,-0.006121609336997624,-0.004749285953979443,0.20005868799683196,0.07614622314251324,0.10959885715301865,-0.006121609336997624,-0.006121609336997624,-0.006121609336997624,-0.16992265035002757,-0.07414496823892625,-0.006121609336997624,-0.006559953850013622,-0.006121609336997624,0.2088433849297503,-0.16992265035002757,-0.006121609336997624,-0.006121609336997624
chr18:12656732:12656733:NM_001128627:SPIRE1,0.4349478003109711,0.369551771191331,0.13142721148680425,0.04738875720311292,0.31805648188966495,0.3698703406880621,0.0010132045683192148,0.10666060129522467,0.36956925085765185,0.08289232976087468,0.2669584853469825,0.31606452538874635,0.05963085392171994,0.4367441992691908,0.5393615856911895,0.05130945495851735,0.04735452175012693,0.5873787991703344,0.013470592004039883,0.015805584036593268,0.004132440035151813,0.2589870652401944,0.030420987376672787,0.0022070195782502577,0.0021820837705696927,0.0012606839258807179,0.045679543541169376,0.07436090895386138,0.0021514089746734466,0.0978530901249075,0.6502254151681073,0.48860599391925275,0.5196284278026343,0.2578507494927317,0.6391484720775276,0.38037200973311136,0.10700958115981699,0.5393615856911895,0.3915829493940767,0.11042417831659443,0.5393615856911895,0.04738875720311292,0.22047000230740477,0.34000879846842236,0.3147719775723951,0.012420367520797032,0.1083163560863794,0.3617444386587611,0.04139362197569532,0.509463638020926,0.3979593356940265,0.51911156992693,0.2684681514681515,0.10536996724594558,0.5393613409264129,0.015600080203073158,0.7637757875447382,0.25043455726872343,0.21616419017599445,0.04665567050404193,0.26146282796242704,0.012469452214976445,0.0015916879145843055,0.26558537314498,0.5053951282550063,0.001939877012134883,0.24732700147947817,0.39468965658857824,0.10583129799051161,0.014634021172082262,0.05428337850669197,0.01651227180866638,0.51911156992693,0.012469452214976445,0.43970213190123525,0.2886871613138048,0.21616419017599445,0.006544191414057932,0.5402584307834314,0.2542182473906214,0.4917468398086877,0.05520361753686415,0.51911156992693,0.048360188872713136,0.015354899372204023,0.5191112183882943,0.25043455726872343,0.5878990960202594,0.0010249873987280556,0.2427337396921832,0.1188867995844276,0.27657248719888616,0.004739005930240847,0.25043455726872343,0.3994309316510332,0.5081125426449102,0.30683636562741223,0.7460695610740337,0.0829536903117741,0.1069437076684902,0.10802860912238554,0.12696335639916553,0.16796211792576274,0.2764879834636515,0.51911327097517,0.5705237224430075,0.23931045343582558,0.2675767550842625,0.24472702453737932,0.10702507886769083,0.25262957590172114,0.10673481596678605,0.2551406691114234,0.2606857403029485,0.000604381089268885,0.165878423565019,0.6060753115968027,0.05056087342448379,0.045679543541169376,0.27868673734360105,0.25043455726872343,0.5191113270027236,0.14059916502043343,0.000604381089268885,0.12855345713028019,0.2501652529831736,0.045679543541169376,0.25043455726872343,0.3167278012805789,0.10553009451722234,0.005145475968607344,0.25043455726872343,0.2829855210151428,0.16773497931521142,0.04665567050404193,0.000604381089268885,0.000604381089268885,0.25197198561792555,0.5531937978529805,0.24732700147947817,0.47935246907249235,0.38038933547316534,0.02086343215199149,0.17178827050212891,0.3608411415970487,0.04997657173071804,0.002396327415956384,0.4025030705576455,0.0012606839258807179,0.17616128618250862,0.5183978275762278,0.2542182473906214,0.015150855118601175,0.00801143131393292,0.0010137072530257418,0.165878423565019,0.16570844445893934,0.011301744598662733,0.51911156992693,0.25043455726872343,0.25043455726872343,0.23890331990429647,0.10637083557642452,0.048977950844160845,0.10702507886769083,0.0010132045683192148,0.524285531673043,0.49292074332791436,0.04738875720311292,0.16681678731220567,0.2790409102756669,0.3974853495756991,0.27901354080162827,0.045679543541169376,0.27068599325660975,0.04738875720311292,0.4085880231671159,0.5393615856911895,0.002110775054200237,0.04710102259314358,0.05081405070673059,0.04738875720311292,0.6684557376185811,0.008456930298218951,0.5393689230563607,0.10563348316274676,0.2542182473906214,0.0006044762680378624,0.3604370345551988,0.10536996724594558,0.12101767967536675,0.000604381089268885,0.04665567050404193,0.0010249873987280556,0.041956444665401285,0.3608411415970487,0.003380389698913411,0.0034805523692732487,0.1845247409069155,0.7289758612614368,0.49948050596637084,0.10802860912238554,0.05056744205532175,0.5877004939943462,0.1118452738949825,0.2542182473906214,0.2541068955122438,0.18324992875365206,0.000498790145728012,0.49895884740726165,0.0051644922302286345,0.3644091308379182,0.16773075052496308,0.5081322591670285,0.0032886996933988166,0.25043455726872343,0.4389191364942142,0.011301744598662733,0.33740194417034824,0.7609095029460347,0.2561534522176929,0.01555584226635659,0.25901264952770153,0.43231923351464147,0.6734093931501111,0.51911156992693,0.04692707089924544,0.1117935525489564,0.0010227836770271836,0.04466972614747168,0.25043455726872343,0.004746100119032176,0.51911156992693,0.047912092623224434,0.10565933263611788,0.02498352504859691,0.2686155867909618,0.004997986520855896,0.10715919291007195,0.25043455726872343,0.51911156992693,0.05226417912750976,0.04734964323872559,0.277246745548154,0.048360188872713136,0.045688253577769095,0.04738172231718814,0.002396327415956384,0.04738875720311292,0.441416941350403,0.12978547087184733,0.0011023260188237904,0.06582364093481105,0.25043434876872167,0.5243623095364429,-0.001467911015051282,0.0793796919833453,0.2542182473906214,0.041686771759909785,0.0019035954587905413,0.0019035954587905413,0.25099789165886593,0.13513218934409726,0.25043455726872343,0.0010132045683192148,0.011550699002804116,0.04665567050404193,0.519111822218278,0.3376476199683049,0.1301864039386048,0.30683113040710364,0.1082936124730911,0.001083914595972485,0.04734964323872559,0.16674482100299803,0.2960234298095018,0.002396327415956384,0.2600210107714702,0.24270136285776528,0.09509621830714543,-0.010054662987693641,0.15975667867516644,0.2174066328281799,0.04665567050404193,0.14808691215515538,0.008477085417500974,0.12781392413135184,0.10802860912238554,0.24859757143743966,0.000604381089268885,0.12084662989116524,0.21611709551602076,0.5204484808823999,0.1210086921069578,0.09336162282590085,0.2800269150627267,0.0015916879145843055,0.04567060589301947,0.006852497007000885,0.0010132045683192148
chr18:31498063:31498064:NM_001943:DSG2,0.25750425225446333,0.1794535170215032,0.3915404796640057,0.38111940109775183,0.252467475616196,0.1796048205060634,0.004114972496340463,0.004114972496340463,0.1794535170215032,0.3044076526263814,0.0042146662481571395,0.004118545524829709,0.06608259110747916,0.25750425225446333,0.38111940109775183,0.004114972496340463,0.38111940109775183,0.4313572429027394,0.06597961956890802,0.2573339408012954,0.0073906730702908985,0.3916884834264134,0.007119532272690021,0.004963991350088293,0.004168680451978768,0.2573339408012954,0.38111940109775183,0.007202786459955868,0.2573339408012954,0.020937257715467283,0.8883844280173303,0.8116660216869536,0.3915427422922111,0.004114972496340463,0.3957134521174997,0.007377734781351619,0.1839224985191107,0.38111940109775183,0.06254455554575228,0.11163023255382876,0.38111940109775183,0.38111940109775183,0.0042146662481571395,0.004114972496340463,0.4832015500377628,0.10013237640480688,0.007377734781351619,0.26487626195364555,0.004114972496340463,0.004114972496340463,0.2990573943027396,0.03871313397191928,0.0042146662481571395,0.2573339408012954,0.5655598411768924,0.1839224985191107,0.5802337563114457,0.38111940109775183,0.348277688005282,0.38111940109775183,0.2990765682133369,0.1794535170215032,0.004114972496340463,0.004180233805626821,0.18426067354739345,0.38111940109775183,0.004114972496340463,0.004114972496340463,0.004114972496340463,0.004114972496340463,0.004114972496340463,0.39173713366611845,0.5655598411768924,0.019829205937554106,0.2573339408012954,0.004123185830629483,0.348277688005282,0.01886312223622355,0.4452277917358297,0.004114972496340463,0.38111940109775183,0.004304371734320578,0.03873058854868583,0.5655944994972575,0.06566028305565674,0.38112802064111956,0.38111940109775183,0.33805538163933396,0.004114972496340463,0.4452763202423558,0.004114972496340463,0.004114972496340463,0.38111940109775183,0.38111940109775183,0.004114972496340463,0.38112275737318424,0.017678145279339863,0.3917663811435124,0.004114972496340463,0.004157542154349214,0.3044076526263814,0.004114972496340463,0.11756204793547886,0.38111940109775183,0.38111940109775183,0.48220514223706856,0.10565492737595589,0.9635468081431079,0.44527989181335964,0.06597672923423797,0.004114972496340463,0.006765887794421277,0.38111940109775183,0.38111940109775183,0.5655697939248675,0.08453712839430699,0.003874307124862808,0.38111940109775183,0.38111940109775183,0.006260664706774888,0.38111940109775183,0.38111940109775183,0.4604162079883471,0.38111940109775183,0.004114972496340463,0.48148970666721597,0.004114972496340463,0.38111940109775183,0.7081104862440769,0.06247883281083361,0.44803447647164535,0.38111940109775183,0.03428044853846307,0.0041493286996210355,0.38111940109775183,0.4168231020799339,0.4168231020799339,0.38337486988192154,0.004114972496340463,0.38111940109775183,0.004114972496340463,0.299021940969461,0.38113839609443406,0.14288310650044406,0.06276386971536324,0.0041176539498885,0.004114972496340463,0.421124753879871,0.0041176539498885,0.11863521875703081,0.38111940109775183,0.38111940109775183,0.004114972496340463,0.004114972496340463,0.18603764862663486,0.10916517531800168,0.03871313397191928,0.004114972496340463,0.5655598411768924,0.38111940109775183,0.38111940109775183,0.08024668136974,0.3915404796640057,0.38111940109775183,0.007377734781351619,0.004114972496340463,0.38115666924585234,0.18406464856839783,0.03871313397191928,0.38114211358234723,0.004233939106078555,0.009250238881257311,0.13139642377149602,0.38111940109775183,0.59323437471166,0.38111940109775183,0.13246047942738465,0.38111940109775183,0.030737509445027733,0.5657359975683013,0.03871313397191928,0.38111940109775183,0.5655598411768924,0.004156624060080771,0.38111940109775183,0.2573339408012954,0.5655598411768924,0.38111940109775183,0.00715829315879718,0.09493457028574398,0.004149162447271093,0.0041176539498885,0.38111940109775183,0.007377734781351619,0.5655697939248675,0.06566028305565674,0.004114972496340463,0.08935161046181339,0.037390861696869726,0.051941203641664824,0.004252061741532309,0.2573339408012954,0.03871313397191928,0.7815303903279496,0.019704895862634575,0.38111940109775183,0.3927870829667967,0.16716038876379152,0.03466204332641376,0.1071089830574451,0.09187073102814797,0.004114972496340463,0.004239847465031699,0.3811494680505526,0.2573339408012954,0.004114972496340463,0.006041797724526399,0.004114972496340463,0.44518284266218183,0.3811272044982049,0.11855996611180791,0.16188136921886842,0.004146786796133617,0.3855931965564387,0.4816532882648901,0.38111940109775183,0.004114972496340463,0.019707092586199015,0.004114972496340463,0.5806036562121885,0.38111940109775183,0.7109311037174946,0.38111940109775183,0.3952722528133472,0.03366321950297918,0.004114972496340463,0.38127895615694385,0.008335595889257585,0.028374559531252508,0.38111940109775183,0.38112891457267245,0.38114211358234723,0.38111940109775183,0.06566028305565674,0.38111940109775183,0.38111940109775183,0.06770825417759807,0.06597672923423797,0.38111940109775183,0.38111940109775183,0.028332298946649792,0.38111940109775183,0.004382398611982863,0.004114972496340463,0.004360042030772393,0.5737525731071782,0.25744629016779863,0.38111940109775183,0.38107957510949947,0.03473866911767465,0.03473866911767465,0.004114972496340463,0.004216112691791951,0.004114972496340463,0.007377734781351619,0.005502250771029782,0.38111940109775183,0.5667618577851291,0.33555079318618897,0.38469247398929585,0.028334611111077435,0.4139025622639765,0.18394322619052556,0.38111940109775183,0.4708608128248315,0.12998784092984056,0.09493457028574398,0.00488082080282759,0.38111940109775183,0.009150170400416657,0.45265952235727375,0.004114972496340463,0.38115083304295605,0.004114972496340463,0.4077116979427984,0.004114972496340463,0.004114972496340463,0.3044076526263814,0.1794535170215032,0.004114972496340463,0.3044076526263814,0.0042094092683766515,0.38111940109775183,0.11038992514790391,0.3811200020714589,0.004141153492286498,0.004114972496340463,0.4774958073913412,0.03871313397191928,0.004114972496340463
chr18:58044377:58044378:NM_001243960:NEDD4L,0.0063679335873500775,0.4514607926849507,0.3645714676432617,0.3261118959134668,0.04740175801495164,0.4513592193866453,0.10160321602593278,0.005045263404284767,0.4555461188098028,0.02276621179163188,0.06889321455020259,0.011826095673101111,0.33575519236136686,0.34013966580376337,0.0898065912283032,0.004005369891367211,0.3280137773699143,0.5027997966501001,0.20218378584538613,0.004733255320307522,0.10808924110020751,0.5386572483158477,0.004091413698645019,0.009589538535117348,0.0898065912283032,0.010455044129781321,0.0898065912283032,0.004091413698645019,0.010610372967877701,0.712376624543091,0.05980886839541705,0.28506094384528147,0.3645714676432617,0.4391141492887699,0.538805154852892,0.12879906718591141,0.00943729475351282,0.3261118959134668,0.002149514566495897,0.4294253446794433,0.0898065912283032,0.6142109922135441,0.04785086987971013,-0.00431514307554326,0.14146366707090774,0.6218955832992396,-0.0032720100732282487,0.28841436424437766,0.0011410235604083774,0.0898065912283032,0.005980989147613441,0.3261118959134668,0.06890209993839952,0.019083389441708287,0.1768199865670033,0.0048905886931642495,0.09078437524076895,0.0898065912283032,0.4958421149148978,0.09208354022190299,0.005116857886416137,-0.004472055831888866,0.32619017587440235,0.00434293624523982,0.06178993830119586,0.0898065912283032,-0.00431514307554326,0.4391064556105794,-0.0042975145213809685,-0.0026911613367174847,-0.0017774568887961029,0.4092367415571771,-0.00431514307554326,-0.00431514307554326,0.046121776610270754,-0.004469828829866795,0.49584155293136173,0.003664523090899069,0.00038601442533683916,0.0898065912283032,0.0898065912283032,-0.0043286385794969184,0.2563492730215306,-0.00431514307554326,0.04383434780618817,0.1046854153991627,-0.00431514307554326,0.3276295019534884,0.010646694068291662,0.09383699406949399,0.046735853234995545,0.03340422199907703,0.3261118959134668,0.0898065912283032,-0.00409365388746466,0.0897996899018012,0.3608843194496681,0.2202925160508826,-0.004314346675684477,0.3499534665522901,0.019083389441708287,-0.0028479698228012773,0.04718173909133841,0.3260976840522793,0.0899263255279814,0.5177686381650687,-0.0032922209283008375,0.2974418930576827,0.0005583284935548605,0.011531283288643168,-0.00431514307554326,-0.0023720047303760483,0.3261118959134668,0.32736190875692206,0.0898065912283032,0.010487846659636396,0.40464638765846306,0.0898065912283032,0.08980426720308354,0.24164694148728652,-0.00431514307554326,0.0898065912283032,0.025322669683550375,-0.00431514307554326,-0.0028463294078429346,0.7991305710212492,-0.00431514307554326,0.6142109922135441,0.04688888699514138,-0.0035936209932661,0.6355704831663556,0.0898065912283032,0.22783154363169225,0.00576753365585711,0.0898065912283032,0.3261118959134668,0.3261118959134668,0.6152990310797302,0.32630021439428797,-0.00431514307554326,0.128780714752825,0.12852012468009558,0.0898065912283032,0.19289949488996133,0.00800606294438666,-0.00894173246554858,0.010474157309694393,0.13058027232126143,0.0048889124431492625,0.003458851722825229,0.09009227713590784,0.0898065912283032,-0.004466812211460475,-0.00431514307554326,-0.004157693604015994,0.032796364949270185,0.1768199865670033,0.3262822404216904,0.09016492586252875,-0.00431514307554326,-0.00431514307554326,-0.002999741345689949,0.019083389441708287,0.10139709386606754,-0.00431514307554326,0.0898065912283032,0.13303209657108717,0.01190535118454697,0.1768199865670033,0.13451213261730796,0.00652326938133202,0.1376971780499963,0.37627893185824773,0.0898065912283032,0.05209651791895034,0.6142109922135441,0.23644975281582345,0.3261118959134668,0.003283401858987678,0.03173954233022078,0.3261118959134668,-0.00431514307554326,0.14435071486722417,0.12908621544120774,-0.00431514307554326,-0.0031151869474029814,0.12908218837661362,0.0898065912283032,0.013501916867434183,0.00943729475351282,0.10418051766741299,0.09843687871130571,-0.0042920963474899765,0.010799516703539597,0.09063578271969881,0.016478419958829787,-0.00431514307554326,0.00980219025200163,0.16081926327007878,0.09078351196271431,-0.00431514307554326,0.010646694068291662,0.32645094935229296,0.5148600177254102,0.0045615604937644105,0.0898065912283032,0.6901833602707308,0.19288946813967933,0.6153058675611137,0.7172852709255884,0.6434764553001694,-0.004062925799547007,0.02012373022913111,0.3261118959134668,-0.0032720100732282487,-0.00431514307554326,0.10990438489611007,0.3262822404216904,0.603050261001678,0.13080604357897532,0.4089764831343327,0.06332541390979346,-0.00431514307554326,0.004005369891367211,0.5588766136663421,-0.00431514307554326,-0.00431514307554326,0.11068748518520366,-0.004303763273983241,0.6149237926260609,-0.00431514307554326,0.3261118959134668,-0.00431514307554326,0.08980573111851554,0.4103500142039888,0.009590211525214748,0.09148184818706628,0.09036803247594032,0.16217126668944254,0.0898065912283032,0.0898065912283032,0.08982835472571533,0.0898065912283032,0.08686801020532384,0.3261118959134668,0.08981116950347956,0.6148802887605085,0.010646694068291662,0.0898065912283032,0.08899829517162204,0.3534031325991302,0.16677452027444886,0.06031038526561594,0.0898065912283032,-0.004318315225927849,0.6153035353966603,0.3895903133938937,0.0898065912283032,0.09117455912294288,0.3789545403970057,0.3789545403970057,-0.018772669840113332,0.057576767351052716,-0.00431514307554326,-0.00431514307554326,0.2755636147888509,0.09009227713590784,0.1768199865670033,0.8251337693644784,0.020408496320109742,0.3538236858485334,0.01997334150868582,0.010324031717408005,0.0898065912283032,-0.0011276273693708871,0.3535009407742557,-0.004472055831888866,-0.004460252910300916,0.1308191948806192,-0.0025704874291815616,0.6383882369577376,0.16024337160736135,0.3261118959134668,0.0898065912283032,0.11066890397330767,-0.003437411579464561,0.0011975881390768883,0.019083389441708287,0.10063410025421665,-0.003280726832977754,0.0684915418654253,-0.0043159074894037475,0.09063578271969881,0.01786501987453562,0.03539273061489398,0.35383167765864676,-0.004304524607242677,0.0898065912283032,0.3261118959134668,-0.00431514307554326
chr18:63753046:63753047:NM_001040147:SERPINB7,0.14545220581045826,0.37104770579984225,0.19285872453943043,-0.003930134898020965,0.19585130668046158,0.5818077699052937,-0.0033255024827477664,0.14786133294044568,0.2640764140966959,0.20387244700622043,0.022424559491738827,0.02427544171102214,0.20789982722802536,0.3096310803672898,-0.003930134898020965,0.13131364694071546,-0.003930134898020965,0.4457738382655009,-0.003930134898020965,0.13088392135049642,-0.003930134898020965,0.34002091914992805,0.13461805671367588,-0.003930134898020965,-0.003930134898020965,0.009252782760720835,-0.003930134898020965,0.13278525313684053,0.13088392135049642,0.13102443986694945,0.25781778960773827,0.26599933407053356,0.1939356582294719,0.2280696531742325,0.40688710333884615,0.23846255638335478,0.009252782760720835,-0.003930134898020965,-0.004046668766901962,0.08139805105036846,-0.003930134898020965,-0.003930134898020965,0.022424559491738827,0.01512684051699753,0.30946217021756905,0.09966658489258129,-0.003930134898020965,0.1794617679649344,-0.003930134898020965,0.13113110768689484,0.26967242455713036,-0.013474174683016149,0.022424559491738827,-0.003930134898020965,-0.003930134898020965,0.022424559491738827,-0.003930134898020965,-0.003930134898020965,0.3885445517393562,-0.003930134898020965,0.20072265734001876,0.11832505640144253,-0.0039286687072257465,0.15421056151531887,0.31485951209984175,-0.003930134898020965,-0.003930134898020965,0.3669984128358165,-0.0039286687072257465,-0.003930134898020965,-0.003930134898020965,0.1791930069467348,-0.003930134898020965,-0.0038214950934164493,0.19598738012414862,0.012454677066388586,0.38888786391653096,-0.003930134898020965,0.06878414823661794,-0.003930134898020965,-0.003930134898020965,-0.003930134898020965,-0.003930134898020965,-0.003930134898020965,-0.003919571400022637,-0.003930134898020965,-0.003930134898020965,0.05762961638592723,-0.003930134898020965,-0.0039286687072257465,-0.003930134898020965,-0.003930134898020965,-0.003930134898020965,-0.003930134898020965,-0.003930134898020965,-0.0039286687072257465,-0.0039286687072257465,0.39124118855423573,0.15253695028466752,-0.0039286687072257465,-0.0032740739447331135,-0.0039286687072257465,0.21976396566020762,-0.003930134898020965,-0.003930134898020965,0.3130689968603946,0.13088392135049642,0.39147928704970125,-0.0039286687072257465,-0.003930134898020965,-0.0032119367323341086,-0.003930134898020965,-0.003930134898020965,-0.003930134898020965,-0.003627792456185497,0.19805465360112873,0.3245228043844425,-0.003930134898020965,-0.003930134898020965,0.36398185762725277,-0.003912328506421647,-0.003930134898020965,0.32239723541407117,-0.003930134898020965,-0.003930134898020965,0.40652395412724807,-0.003930134898020965,-0.003930134898020965,0.2518036912102034,0.1317159590115633,0.16101007179305704,-0.003930134898020965,0.201337239823423,-0.00171836807612602,-0.003930134898020965,-0.003930134898020965,-0.003930134898020965,-0.0013554645539712862,0.02427544171102214,-0.003930134898020965,-0.002248207017564896,-0.0037608905730102116,-0.003930134898020965,0.008705043332013163,-0.004033691054230348,-0.003930134898020965,-0.003930134898020965,0.2612044860929087,0.009252782760720835,0.009996069280271525,-0.003930134898020965,-0.003930134898020965,-0.0032014718438566625,-0.003930134898020965,0.010093657889905017,0.15100199406185277,-0.003331421598918416,-0.003930134898020965,-0.003930134898020965,-0.003930134898020965,-0.003930134898020965,0.13088392135049642,-0.003930134898020965,-0.003930134898020965,-0.003930134898020965,-0.003930134898020965,0.05680805834857128,0.2546157722653487,-0.003930134898020965,0.009252782760720835,0.13241705089907352,0.25823186970952605,0.056585462349984184,-0.003794145811806371,0.24702810197834257,-0.003930134898020965,-0.004045204955650417,-0.003930134898020965,0.009971311405952088,-0.003930134898020965,-0.003930134898020965,-0.003930134898020965,-0.003930134898020965,0.0724448814896983,-0.003930134898020965,-0.0038728333204807175,-0.003930134898020965,-0.003794145811806371,0.06689616865279335,-0.003930134898020965,-0.003930134898020965,-0.003930134898020965,-0.003930134898020965,0.009252782760720835,-0.003930134898020965,-0.004046668766901962,0.11732444501778383,0.010225624334007088,0.0579160918727204,-0.0032287315310806086,0.013121522028020083,-0.003930134898020965,-0.003930134898020965,0.39013429039488434,0.0626164267277648,-0.003930134898020965,0.05130333614011029,0.1383554940489241,-0.003930134898020965,0.31346592414948216,0.11666574644087269,-0.003930134898020965,0.07243937200243866,-0.003930134898020965,-0.003930134898020965,-0.003930134898020965,-0.003829117206074595,-0.003930134898020965,-0.0038721462881342594,-0.003930134898020965,0.04075548705881671,0.17919514028579642,0.1983286279120502,0.2550667233710556,0.42839462303318143,-0.003930134898020965,-0.003930134898020965,0.015832842742414588,-0.003930134898020965,0.042694017672115114,-0.003930134898020965,0.009864640708138528,-0.003930134898020965,-0.003930134898020965,-0.0027607032583012447,-0.003930134898020965,0.030565441461834264,-0.0032717628196039517,-0.00387052730615034,-0.003794145811806371,-0.003930134898020965,-0.003930134898020965,-0.003930134898020965,-0.004046668766901962,-0.003930134898020965,-0.003930134898020965,-0.003930134898020965,-0.003930134898020965,-0.003930134898020965,-0.003930134898020965,-0.0009041222661284598,0.009252782760720835,-0.003930134898020965,-0.003930134898020965,0.005968277450134951,0.043074319261895755,0.19195038714246093,-0.003930134898020965,-0.003930134898020965,-0.003930134898020965,-0.003930134898020965,-0.003930134898020965,0.009570165896545912,-0.003930134898020965,-0.003930134898020965,0.008257159552137794,-0.003930134898020965,-0.003924217856383971,0.23861071764989472,0.009252782760720835,-0.0038713670032110015,0.19751963225114877,-0.0033225993793103425,-0.003930134898020965,0.003683541508956889,0.009498457505174751,-0.003930134898020965,0.00287723206777879,-0.003930134898020965,0.14689205957520157,0.14840800772613016,0.142066951960781,-0.003930134898020965,-0.003930134898020965,0.06259554758076868,0.11650958017409463,0.022424559491738827,-0.003930134898020965,0.11650958017409463,-0.003930134898020965,-0.003930134898020965,0.00771397835646237,-0.003930134898020965,0.07405405851022329,-0.003930134898020965,-0.0039286687072257465,-0.003930134898020965,-0.003930134898020965,-0.003930134898020965,-0.003930134898020965
chr18:63887704:63887705:NM_001143818:SERPINB2,0.6515649948892964,0.7105875602019154,0.618248272029925,0.00822516657188243,0.696774718386749,0.5847621087825018,0.5776438697811673,0.5803331816774341,0.7678702358997619,0.7269374495841971,0.7268776698129036,0.008275968090710219,0.5784784304059226,0.6525824537036127,0.007450452514793364,0.5776832828785533,0.008275968090710219,1.4008231921234546,0.0075025975468785144,0.618248272029925,-0.027142220281781704,0.6594308054012784,0.703391833003951,0.050899301294485,0.007500811190838674,0.618248272029925,0.007450452514793364,0.5898520789489552,0.6950031729393757,0.6569159919046403,0.7936033239481028,0.16867411805603838,0.7289293735129339,-0.04219813367789195,0.6715557976880988,0.12219953937505616,0.007505812795167877,0.0074618807179457555,0.6194485598071682,0.7421987198180191,0.007500811190838674,0.008244078677246781,0.6948021993864879,0.0075009154486205196,0.66902742390136,0.037887514130419866,0.007500811190838674,0.7022629035878677,0.007450452514793364,-0.027107935070958752,0.0075894149091756125,0.008275968090710219,0.726979087014896,0.6182385960463272,0.008287455915887691,0.007505812795167877,0.007500811190838674,0.008275968090710219,0.8161592594326872,0.007500811190838674,0.6199877797188074,0.00805692361524192,0.007522581108348657,0.017671739151626648,0.6634555436614944,0.007500811190838674,0.007450452514793364,-0.040808712882898085,0.008294673499187014,0.6948927007585474,0.007450452514793364,0.7268360375142928,0.008244078677246781,0.007448225190735042,0.6212366622921844,0.06564049594358869,0.8161712242705282,0.007450559306244331,0.6959927905439113,0.007501273087780709,0.007450452514793364,0.007450452514793364,0.0075009154486205196,0.008275968090710219,0.6182201258063915,0.008319341707510954,0.007493631785333327,-0.1652937299127732,0.007445144051299181,0.0075486952461316925,0.007500811190838674,0.6181494976997319,0.007500811190838674,0.007450452514793364,0.007517951761778878,0.007473312532075817,0.007461366806987127,0.812841221701496,0.007455454421391894,0.007455605399469982,0.6181492561911373,0.7490097232011498,0.6117138023105938,0.007500811190838674,0.008287455915887691,0.7094512816698071,0.5774713298918189,0.8145253580823149,0.0075486952461316925,0.050899301294485,0.5788421083736268,0.007450452514793364,0.007500811190838674,0.007500811190838674,0.007639783925353812,0.9302267277241214,0.7073608431998795,0.007500811190838674,0.007469034348919101,0.19316074742936384,0.008319341707510954,0.007500811190838674,0.7292361245217458,0.007418697855980032,0.7480867055516449,0.694254873790042,0.007450452514793364,0.008275968090710219,0.886128531036735,0.008675699356161873,0.042603454255005904,0.007500811190838674,0.21590092439353406,0.010126237330313592,0.007469034348919101,0.007450452514793364,0.007450452514793364,0.008384649350392417,0.007500811190838674,0.007450452514793364,-0.026492764931704202,-0.02633470806370558,0.007500811190838674,0.0090046310355381,0.6193829216855358,0.6181494976997319,0.007450452514793364,0.6960915533391243,0.007455454421391894,0.09146049859288462,0.007500811190838674,0.007450452514793364,0.5792018295671557,0.007500811190838674,0.04247796637993613,0.9642035699398941,0.008275968090710219,0.007450452514793364,0.008275968090710219,0.007450452514793364,0.007418697855980032,0.007554842010449633,0.007500811190838674,0.008244078677246781,0.6181494976997319,0.007450452514793364,0.05169740187980679,0.7062433380951736,0.008244078677246781,0.007505917036333909,0.6207930145060335,0.590308193853432,0.15712003831370436,0.00748534642868471,-0.01833910526236679,0.007450452514793364,0.15745861530518335,0.0074618807179457555,0.04671575306379239,0.008236656419731515,0.00819329935815389,0.008244078677246781,0.007469034348919101,0.5781993153465875,0.007500811190838674,0.007500811190838674,0.008244078677246781,0.008310943429680931,-0.023855010716374414,0.007450452514793364,0.007450452514793364,0.007500811190838674,0.007469034348919101,0.007505812795167877,0.007450452514793364,0.6194485598071682,0.17426795789535487,0.03396231838166151,-0.014079128817205702,0.007500811190838674,-0.06810376031043716,0.050899301294485,0.00822516657188243,0.8504579850468265,0.6759796696627939,0.008275968090710219,0.008038489761764606,0.6685814760539895,0.031171725141329862,1.1012685950967804,0.18115079948332657,0.008293196969722992,0.010126237330313592,0.007469034348919101,0.694992669074401,0.007450452514793364,0.007500884737640878,0.007450452514793364,0.6502267540453358,0.007500811190838674,0.2783891774150472,0.727785807859011,0.008625237134056774,0.1150775794088096,0.9087580524900198,0.007500811190838674,0.6182385960463272,0.6746341707607002,0.007450452514793364,0.023401435701485507,0.007450452514793364,0.028589668078049676,0.007450452514793364,0.007500811190838674,0.008013801797129808,0.6181494976997319,-0.012286190889737522,0.0076300635309646744,0.0076300635309646744,0.013166245996032125,0.008244078677246781,0.007469034348919101,0.007469034348919101,0.6194485598071682,0.008244078677246781,0.007469034348919101,0.008275968090710219,0.6181494976997319,0.007500811190838674,0.008244078677246781,0.008008153430133107,0.007505812795167877,0.007450452514793364,0.007450452514793364,0.18464392887522474,0.023385190967675926,0.7341652626623567,0.0075440103914388296,0.16001291093009584,0.007450452514793364,0.007450452514793364,0.008293107110165863,0.696286553708589,0.007450452514793364,0.050847701282013616,0.01385611533157817,0.007450452514793364,0.00837925524355377,0.6563971950110759,0.0074740355539088185,0.007455605399469982,0.007505812795167877,0.8156505773676284,0.008244078677246781,0.7039522527378073,0.007251213042765527,0.050899301294485,0.2880567924358679,0.007500811190838674,0.0074592051313864954,0.0676865005382433,0.5782203188396895,0.008244078677246781,0.007450452514793364,0.6777901883733235,0.007500811190838674,0.6960746159533651,0.007500811190838674,0.07699600825925737,-0.027142220281781704,0.6261576744116109,-0.02555378181151427,0.008244078677246781,0.007455454421391894,0.007450452514793364,0.007461366806987127,0.007517951761778878,0.0075440103914388296,0.007500811190838674,0.007450452514793364
chr18:68715116:68715117:NM_019022:TMX3,0.005895771725910215,0.4769402121361358,0.043030002537848624,0.36772030892341345,0.006076108731200014,0.5470014256921498,0.005895771725910215,0.2018816566798395,0.19375600410558236,0.005818035254500226,0.019882618758952794,0.024577330672309397,0.5181442833904536,0.04350928269263951,0.3254628155043169,0.07148677851123987,0.36772030892341345,0.5788258111111221,0.005895771725910215,0.006076108731200014,0.006045714338546088,0.5599954103999598,0.20343064842025155,0.018654360946139564,0.3254628155043169,0.006076108731200014,0.3254628155043169,0.20343064842025155,0.006076108731200014,0.006102663707765799,0.020040784218918972,0.5893977305229533,0.3252707312945312,0.13149910983998586,0.6045966800995687,0.31474663567660704,0.006076108731200014,0.3254628155043169,0.006076108731200014,0.010687872180330016,0.3254628155043169,1.1163609737436773,0.008075145410369716,0.16531754542102695,0.5798873366027808,0.3153947138767653,0.006076108731200014,0.07151444423193695,0.006076108731200014,0.07148677851123987,0.005946595171671704,0.3254628155043169,0.3274147030238752,0.006076108731200014,0.328575010682303,0.006076108731200014,1.1163609737436773,0.3254628155043169,0.2759026213069125,0.006076108731200014,0.005766210102273933,0.006076108731200014,0.02552796218828271,0.3136327804061687,0.074443751400852,0.31539398067733504,0.006076108731200014,0.13327325643564514,0.025903626738401908,0.006076108731200014,0.006076108731200014,0.13703775269628754,0.3189858713956805,0.006076108731200014,0.006076108731200014,0.01760107614374551,0.2759026213069125,0.022517382137923994,0.3146457240250826,0.32514897242095436,0.006076108731200014,0.057621203278128794,0.3254628155043169,1.1163609737436773,0.006076108731200014,0.3254628155043169,0.3254628155043169,0.3593356626498296,0.006076108731200014,0.006076108731200014,0.31539398067733504,0.006076108731200014,0.31539398067733504,0.006076108731200014,0.02565770772841519,0.0060792618260788744,0.07491839752325866,1.350458030217502,0.31539398067733504,0.006076108731200014,0.006076108731200014,0.07148677851123987,0.005946595171671704,0.3254628155043169,0.32826061831262665,0.07956405740908061,0.31539398067733504,0.4787569688007939,0.006076108731200014,0.006076108731200014,0.005895771725910215,0.3254628155043169,0.31539398067733504,0.37909537906590696,0.3254628155043169,0.006076108731200014,0.6046790191447513,0.31539398067733504,0.31539398067733504,0.28963567542761776,0.3254628155043169,0.3254628155043169,0.04386664864795484,0.3254628155043169,0.07148677851123987,0.6105267018993423,0.006076108731200014,0.3254628155043169,0.02980927009628652,0.006076108731200014,0.313477337664401,0.3254628155043169,0.40752292983918115,0.005946595171671704,0.006076108731200014,1.1163609737436773,1.1163609737436773,0.3200793678618593,0.006399485349775025,0.006076108731200014,0.32545041858477664,0.3153865962666733,0.31319649745854483,0.07594580089742424,0.006300873692473591,0.006076108731200014,0.006076108731200014,0.36772030892341345,0.006076108731200014,0.014445167718011187,0.3254628155043169,0.31539398067733504,0.3711237919664071,0.006102663707765799,0.013843477583132008,0.006080630473916021,0.31539398067733504,0.31539398067733504,0.3254628155043169,0.006076108731200014,0.3254628155043169,0.31539398067733504,0.006076108731200014,0.006076108731200014,0.006076108731200014,0.31539398067733504,0.3343691239611854,0.4701111272677604,0.31539398067733504,0.3666828899438629,0.005922328401531479,0.46070992313474496,0.07489688215052229,0.3254628155043169,0.35972588149609336,0.31539398067733504,0.10468921111433417,0.3254628155043169,0.31899286339024824,0.006076108731200014,0.31539398067733504,0.31539398067733504,0.3677234973476546,0.3308852595978393,0.006076108731200014,0.006076108731200014,0.3254628155043169,0.3254628155043169,0.4376442369005525,0.006076108731200014,0.31539398067733504,0.006076108731200014,0.006076108731200014,0.006076108731200014,0.006076108731200014,0.006076108731200014,0.31380806789346266,0.3166050314860445,0.33495550081752556,0.31539398067733504,0.5965855935684446,0.006076108731200014,0.31539398067733504,0.30552906083454867,0.006076108731200014,0.3254628155043169,0.32886586784888705,0.07635824937110666,0.31539398067733504,0.6393980270194985,0.313477337664401,0.025903626738401908,0.0055545742229069495,0.3254628155043169,0.006076108731200014,0.3254628155043169,0.006076108731200014,0.31539398067733504,0.29098984418434376,0.42704166884679434,0.1607997815875699,0.006076108731200014,0.006074647632778096,0.3598162589275204,0.5802951662826177,0.3254628155043169,0.006076108731200014,0.006113994439308462,0.006076108731200014,0.03491176531561019,0.006076108731200014,0.31539398067733504,0.006076108731200014,0.07152355553975845,0.07491839752325866,0.006102663707765799,0.3274986744267942,0.006076108731200014,0.006076108731200014,0.3254628155043169,0.3254628155043169,0.31539398067733504,0.3189858713956805,0.006076108731200014,0.36772030892341345,0.31539398067733504,0.3489622522988018,0.006076108731200014,0.31539398067733504,0.3321113653025258,0.016657787993067996,0.39690618720531534,0.006076108731200014,0.3339352316488069,0.3153425528675242,0.03491176531561019,0.27628560295084326,0.31539398067733504,0.3759521374375121,0.006076108731200014,0.006076108731200014,0.3475373954703262,0.41186539276868617,0.006076108731200014,0.006076108731200014,0.31539398067733504,0.31539398067733504,0.32826061831262665,0.3870829250229387,1.1159706665479578,0.006076108731200014,0.006076108731200014,0.3146457240250826,0.31539398067733504,0.005684208836454846,0.07491839752325866,0.006076108731200014,0.3146449224428047,0.40895380562997774,0.010548951515399169,0.34371162307434355,0.3676632881142795,0.31011034250138014,0.006076108731200014,0.006080859517716308,0.006076108731200014,0.31504935305679876,0.006076108731200014,0.018183319899350264,0.006076108731200014,0.006076108731200014,0.006076108731200014,0.31539398067733504,0.31539398067733504,0.05014683924079456,0.006076108731200014,0.02565770772841519,0.31539398067733504,0.006076108731200014,0.006076108731200014
chr19:460996:460997:NM_012435:SHC2,0.020743058090638977,0.029770001236335775,0.03538259525332438,0.079745637230345,0.0005504776869551531,0.029765644169846173,0.0005504776869551531,0.029600924583705612,0.029596567838712007,0.0005504776869551531,0.0005504776869551531,0.06726888311974089,0.08649676435036702,0.03551796414620978,0.05322172300422373,0.0005504776869551531,0.06228133470325098,0.07811237003330657,0.08996545846010068,0.0005498164255528515,0.1414350779970288,0.0008433085545439534,0.0005504776869551531,0.030461858473831427,0.08308061432897362,0.0005504776869551531,0.14029188014920102,0.0005504776869551531,0.0005504776869551531,0.0038798050169776,0.14238329728808907,0.17377370111476265,0.05654104275789934,0.0003661443234648787,0.029901805270417636,0.15896388111412663,0.0005504776869551531,0.3271852214237131,0.004745469422544835,0.14514953320544205,0.1729111903165198,0.19983826214405442,0.06481436730594281,0.01663444357209043,0.021302106930926767,0.16375198339489072,0.0005504776869551531,0.0005504776869551531,0.00046879963354534704,0.0012960042511263037,0.047133397241345965,0.11247588073796488,0.024270297959597897,0.0005504776869551531,0.37165752160362087,0.0005504776869551531,0.24139187451624267,0.21013577756397184,0.029901805270417636,0.1997377779598215,0.04713350326355853,0.047129027658433686,0.16499471620539452,0.0009505669117789717,0.029600924583705612,0.00034807165357497727,0.11247588073796488,0.00036470351940154355,0.1653398113935476,0.0005504776869551531,0.0005504776869551531,0.0007131002092643501,0.15934168486154104,0.07338847634409623,0.0005504776869551531,0.08882814242970782,0.029901805270417636,0.029600924583705612,0.08914250266555468,0.030595840577901046,0.24929793216555873,0.0005504776869551531,0.08999163247451769,0.1101935209010767,0.0005504776869551531,0.2561788990054501,0.0013580733195892591,0.18181557316309388,0.0005504776869551531,0.0025849773309438717,0.034194916377227436,0.011039012723656316,0.0005740851598277086,0.051174901110120186,0.23745179925838544,0.09231848930523695,0.0007898051361613923,0.051767225843572184,0.06434845019362617,0.11245526334232114,0.0005504776869551531,0.0009242955032909284,-8.598934789133539e-05,0.06896153937938382,-0.002440773528634921,0.030152904760659904,0.1389785250747781,0.051905567930423335,0.022423740360492828,0.0005504776869551531,0.0821227069589337,0.1745859854060976,0.08298458525098268,0.0005504776869551531,0.0005504776869551531,0.0005511927346261158,0.051259659956434556,0.17264615730286226,0.1672331783094836,0.03115320154362522,0.051350695207852515,0.34242853620832175,0.04216346139296595,0.45244310800896137,0.0005504776869551531,0.030152904760659904,0.0005504776869551531,0.05229770019332047,0.08348759342575812,0.0005504776869551531,0.14092395051929646,0.21892296428522595,0.04742665769198612,0.0035733082807861694,0.14327711557924055,0.21649166537735332,0.21649166537735332,0.0005504776869551531,0.12530610632344885,0.0005504776869551531,0.0848123121778579,0.1009821419399205,0.0006818247132565625,0.0003452954720798984,0.07493881079299464,0.0005504776869551531,0.000628716403120122,0.1664267781639538,0.0005504776869551531,-0.002802665543531424,0.0012175367859783015,0.21536300667556607,0.005226200586431251,0.06799463137568029,0.021827799729698116,0.0005511927346261158,0.13821136653194283,0.0005504776869551531,0.13223032353638237,0.05270213160411641,0.13886094691751333,0.020743423703221298,0.0005504776869551531,0.07989715422755922,0.0005504776869551531,0.014924222888765104,0.35875880886477807,0.05199723114846716,0.20005888117601456,0.3684484382618516,0.0493991988578823,0.02957129429873684,0.0493991988578823,0.02316051229458682,0.15165324845286143,0.08714089478075976,0.029600924583705612,0.25557777106603186,0.09932231682991888,0.07571083096003756,0.020743058090638977,0.08519602825939382,0.30709813834571253,0.06452975145588946,0.05090132702290262,0.0005504776869551531,0.19754978219426167,0.0005504776869551531,0.2736369450450571,0.0005504776869551531,0.07321524523174833,0.22452112124197632,0.006827494001194978,0.0005504776869551531,0.0680437045695908,0.05625004298653996,0.17084711610026682,0.0005504776869551531,0.07454894622475028,0.2808553288696477,0.051328379318208495,0.0005504776869551531,0.0006443020045228676,0.029901805270417636,0.1589612283062667,0.080226637788336,0.020743058090638977,0.047129027658433686,0.06763644461595708,0.051033957875834646,0.14011765489930988,0.29120747797881014,0.00359215835388077,0.5094658217445165,0.0005504776869551531,0.05025153972390772,0.0007028784800938159,0.0005504776869551531,0.008406399619836857,0.13629788951842786,0.14420846212728305,0.0005498164255528515,0.020743058090638977,0.16992748691398596,0.030152904760659904,0.23396988457354811,0.020743058090638977,0.06847793571372252,0.0270917892617783,0.29473847531323144,0.0005504776869551531,0.30209550770637206,0.0005504776869551531,0.19824418037774716,0.14391315892881745,0.0005504776869551531,0.08381263930965599,0.0865913138184714,0.000628716403120122,0.27891798577356675,0.3066897137622936,0.24330039721490548,0.29748003093514985,0.09870337209543151,0.07327023155924067,0.18914665425653504,0.36999178775414865,0.0005504776869551531,0.2161486060243707,0.272908078575003,0.029963438044152746,0.25356944915455426,0.0007294076436253349,0.0585951064344814,0.04950289267409702,0.2349029631495404,0.08668503223162993,0.21892296428522595,0.1663344081176784,0.06690290187175385,0.06690290187175385,0.2142452802775101,0.08734711848320387,0.0013580733195892591,0.0005504776869551531,0.06734029770674177,0.05126052252252694,0.17119254079306595,0.12514224838098903,0.24910463563098884,0.11253796773231661,0.06452875338856717,0.029600924583705612,0.2501015484201552,0.004955640556109975,0.029369699864490117,0.0005504776869551531,0.030767486991866655,0.1132795809593019,0.0005504776869551531,0.141720954239557,0.3987501024978277,0.34903690292169887,0.0009957442796693639,0.0682834490817496,0.0005504776869551531,0.0493991988578823,0.0005504776869551531,0.02164086023147882,0.0323901734220699,0.03551333972393167,0.0008356887821934222,0.05109763350522095,0.0007131002092643501,0.15332253818965053,0.11253796773231661,0.15644549426326226,0.29748003093514985,0.2386849548757206,0.0005504776869551531
chr19:1863565:1863566:NM_031918:KLF16,0.08567963199667689,0.0037929563894624208,8.626946976397765e-06,0.25775619498149455,-0.0005268419441446515,0.025084865515588417,0.055888292052122146,-0.0005493522445548238,0.003069773883491611,0.00020438525898625048,0.09020036483300714,0.0602934642622191,0.08175222541469707,0.09443618798635417,0.08548985053740027,-0.0005268419441446515,0.2649109796537038,0.11665428874782158,0.012013700650131132,7.5901597350047645e-06,0.06822509211877259,-0.00014295396979752129,-0.0005268419441446515,0.2484452380311133,0.2442566159530301,7.5901597350047645e-06,0.3249451793670565,-0.0004896827820167204,7.5901597350047645e-06,0.00012042801382267099,0.018001160649998793,0.39772571340070223,0.08225929303423835,0.002721655946299806,0.012051364435804679,0.10780441974490718,-2.9576680147580525e-05,0.20544186121716435,0.011276468920569105,0.06679232697983295,0.21096907952493055,0.44747176511296294,0.02430501265238627,0.011814245849987304,0.09527511946028738,0.1551918466140641,-2.9576680147580525e-05,-0.0004896827820167204,0.05400973804980591,0.18889538684612317,0.05956441454607375,0.027210394286239892,0.09020036483300714,7.5901597350047645e-06,0.4190966934436038,7.5901597350047645e-06,0.1716631579912189,0.09162137521141955,0.33751601176448176,0.24388390457205955,0.022432650093930806,-0.0004896827820167204,0.19353694212629663,0.0011430296454133515,0.10772147123762127,0.05828624092048351,0.03741063587780574,0.001688751635326391,0.10852098509118524,-0.0005268419441446515,0.009016289696867241,1.2929680728024362e-05,0.06669038914486891,0.14010722457927188,0.04122232481004279,0.07325179811077726,0.33751601176448176,0.01049607728536267,0.15503443811557693,0.12948733281043318,0.3620990920342252,-0.0005268419441446515,0.1651761673917062,0.13949395233713735,0.03165249667418352,0.21616950745730984,0.12395152508673374,0.0176384506939673,7.5901597350047645e-06,0.16134474680463212,0.019817403744784245,-0.0005268419441446515,0.011286073172432187,0.024133953505268813,0.1935248437282367,0.28734245867017993,0.018977038038249794,0.29666334471180034,-0.0004582092687144823,0.006624588197703951,7.5901597350047645e-06,0.011275292002406068,0.0495718845116217,0.033897328483687095,0.10176585549028433,0.0949472446677398,0.0013770066142320125,0.2968513620028538,0.30142433761579274,-2.9576680147580525e-05,0.2040176590622091,0.049444925950178964,0.5178686044927912,0.058196224694651855,0.0589557122768079,0.049426311132317324,0.17658226220010997,0.1363081606012541,0.12883875976357873,0.0011455948801241123,0.13648069337183494,0.274776197953603,0.091071366756106,0.12947161485723896,0.011275292002406068,0.03701948130340921,0.0003535381860513276,0.0033614278773229644,5.415072123371445e-06,-2.9576680147580525e-05,0.23102086294486557,0.11467836651502006,5.415072123371445e-06,0.01583105367804527,0.3159066354975385,0.1698942075245214,0.1698942075245214,-0.0005268419441446515,0.21475515588186073,-0.0005268419441446515,0.2797715912578307,0.15414855157930296,0.10852098509118524,0.004875829773204277,0.011276468920569105,-0.0005268419441446515,-0.0005268419441446515,0.24065854492393646,7.5901597350047645e-06,0.1909011124530562,0.20043429560388348,0.21715043680254337,0.004323552707157452,-0.0004896827820167204,0.12245104447049066,0.04944317922463559,0.11319997958858152,0.08650994325771044,0.037097080703034024,0.09002681032802062,0.10864994493624364,0.01682773250888414,-2.9576680147580525e-05,0.18160837670380658,-2.9576680147580525e-05,0.1088306461626109,0.37173911191361503,0.3587545995230146,0.33214073184668724,0.1107951957931802,0.08497178021841151,0.05612935992815382,0.05404573971653609,-0.0005174122316536911,0.3199397737091761,0.1929938174794027,0.009357970842053032,0.1866758449499097,0.1646114210518554,0.23850540615920274,0.1756806840429173,0.09774645312464109,0.5286609227547204,0.09423292037456699,0.08563904487815327,-2.9576680147580525e-05,0.05678113466657386,-0.0005268419441446515,0.18162211731493344,7.5901597350047645e-06,0.01213304179584107,0.04892154445787478,-0.0005268419441446515,-2.9576680147580525e-05,0.1021154049709832,0.015194725649156082,0.20676724956768322,0.34342170036525704,0.25991807584704346,0.12058444554969877,0.10546994505095453,-2.9576680147580525e-05,-0.0005268419441446515,0.3781628524617063,0.1598113141770388,0.21362092673835964,0.003315375542147614,6.012085823869917e-05,0.05601765148624954,0.20862558473159692,0.15341188095271024,0.19715588497296388,0.007092555791102739,0.42375583415571993,-2.9576680147580525e-05,0.2812631511273674,0.051468609642264795,0.08650994325771044,0.1737903226851446,0.2639809727795024,0.047875776703511674,1.9975087301005168e-05,0.12945548390267425,0.2613327633682184,0.0367746241184862,-0.0005268419441446515,0.066687596713496,0.10533843012733768,0.06895450009636173,0.3040935397349005,0.06945092406392434,0.20430334880870976,0.02354758421941039,0.08075479410434422,0.10558588803743635,-0.0004896827820167204,0.3264115616038571,0.15941432426616203,0.007662400924006663,0.13428170567588898,0.46920934897011685,0.4307991458943945,0.22975740148033919,0.011275292002406068,0.02264248622477033,0.19350160669557182,0.39161394519693304,-2.9576680147580525e-05,0.13591960102226358,0.23513205643042107,0.007715471467618251,0.2353950824029622,0.023165478405694162,0.6248988372757983,0.31347326433943534,0.21350793672999774,0.09816337051472102,0.22947400345125096,0.3528952441299575,0.011987861884685203,0.011987861884685203,0.1962820858454582,0.26635266178182665,0.09536623867712901,-0.0005268419441446515,0.05614109960239577,0.01099874494191816,0.1100902578072534,0.09819686420580859,0.11840313223928195,0.01850393637799347,0.09828568964640344,0.1941531573577715,0.2884577969658076,0.27156433648298095,0.009134700991169808,-2.9576680147580525e-05,0.1320080693208731,0.09552666667720977,-0.0005268419441446515,0.15364528055364257,0.4129842273697653,0.4356046314671478,0.05023947515492805,0.1641771100853922,-0.0004896827820167204,0.15187566921161327,7.5901597350047645e-06,0.116398770320217,0.15670871908305373,0.03292754746035481,0.022479168355434176,0.19167982526365074,0.0016783140232526916,0.0497216661707221,0.03537484248689027,0.19353694212629663,0.2297986456825514,0.1487773766113854,-0.0005268419441446515
chr19:3700479:3700480:NM_012398:PIP5K1C,0.013595317635449564,-0.007033089478403871,0.31056541938136595,0.04363257677315315,-0.003918024887111703,-0.02370688178411419,-0.025811581618306358,-0.003918024887111703,-0.02370688178411419,0.2670967093721359,0.2693862791315682,0.007108720270354134,0.00885015255781249,0.32099318608945493,0.28949522462391164,-0.003918024887111703,0.0428871150318205,-0.0867639606381166,0.06621867730664943,-0.008241944508414804,-0.030087428873374428,-0.008232976413060457,-0.008241944508414804,0.4817987836856904,0.28949522462391164,0.0018619395686847867,0.28819246350311045,-0.008241944508414804,0.29467915150435414,0.012526588037550412,0.7798490772883282,1.3194048350959657,0.3125935389484489,-0.02370688178411419,-0.0024583591798160373,-0.008201656539655523,-0.008241944508414804,0.4734844472771733,-0.008241944508414804,0.01251289582948302,0.2911109045945608,0.35997048410648835,0.2732733144787567,0.06673784352170198,0.3173038863448492,0.0308764942189892,-0.008241944508414804,-0.004634591659589092,0.01612463600629232,0.4806692514981857,0.5686351933463789,-0.008241944508414804,0.27618006619230706,-0.008241944508414804,0.3277813542547729,-0.003918024887111703,1.6521164965847095,0.2960683146245372,0.2948184927062185,1.195825396734821,0.662168701914067,-0.020855314334503237,0.4811240012598053,-0.007033089478403871,0.31782156972965764,-0.008225428025243522,-0.008241944508414804,-0.007033089478403871,0.48117678189270174,-0.0031137557530223486,0.0006343579437430996,0.29537453915118383,0.0004069227523668048,0.02572169536752969,-0.0036653973717093308,0.02609201005089295,0.34127400949222714,-0.008241944508414804,0.4120671270734085,0.4734844472771733,0.2941146044983537,-0.008241944508414804,0.46140473592370523,0.016527200901452918,-0.007033089478403871,0.3218033324077051,0.4734844472771733,0.27109550161055423,-0.008241944508414804,0.3857648691718374,0.2777866650535492,-0.008241944508414804,0.018078973377730276,0.02681187775716183,0.48117678189270174,0.305878253933484,0.05602948343577392,0.41801968249776533,-0.004587126466875133,0.02398049543331473,-0.008241944508414804,-0.0031137557530223486,0.039832334201379396,-0.0024278444850872605,0.16080336836930803,0.325361753628973,0.039818179450323635,1.1521081693418138,0.08095965195851525,-0.008241944508414804,0.45989502213912387,-0.030101627856979764,0.4754061205732131,0.05714616697441752,0.12172152463552373,0.03908248760917074,0.35990571497082713,0.2911000294415801,0.025003350012058133,-0.00692685620191312,-0.008241944508414804,0.5304225289876191,0.24553026553433688,0.4770914180479008,-0.0031137557530223486,0.34265581444191306,0.022670475229762642,0.28949542439116926,0.16958218443080872,-0.003918024887111703,0.049774085829329406,0.4572284305321142,0.16455589708530474,0.05602948343577392,0.36381530884755325,-0.006789780961170083,-0.006789780961170083,0.009703037883463779,0.4676299639476439,-0.00798234098698173,1.1533460131584157,0.30073564675978315,-0.008216459756100553,0.32973076629956344,0.28798045142650985,-0.008241944508414804,-0.008241944508414804,0.5328297658444336,-0.008241944508414804,0.006454522944064879,0.3092360786248116,0.2895159095326164,0.004803699141749294,-0.002001444324645933,-0.0065877528671140564,0.03908248760917074,0.38360121773765843,0.28798045142650985,-0.008241944508414804,-0.028638739190284063,0.4770823385361047,0.05602948343577392,-0.008241944508414804,0.03784810809726527,-0.008241944508414804,-0.03836627636198058,0.42626185645250925,0.5551644219324595,0.363208075330772,0.5178853003732746,0.017221059530287304,-0.02711935989430042,0.33892387457808637,-0.007498830063687442,0.5323207373852912,-0.007255499035826611,0.29243466508186344,0.4734844472771733,0.018976621452890183,0.0929271829513545,0.017527369422886532,0.29125301936591225,0.6137785756087764,0.3076098975444268,0.2897903019126123,-0.008241944508414804,-0.004684164624141687,-0.008232976413060457,0.35097599870383606,-0.008241944508414804,-0.03009582429377465,0.32714209566160496,-0.008241944508414804,-0.008241944508414804,0.22582524680720434,0.2787215817733616,-0.021628477596575442,0.00018063453770399834,0.28694466923312184,1.3184658501703614,0.5690476389619219,-0.008241944508414804,0.04107453275883381,0.3357438349170323,-0.007033089478403871,0.28951610932727834,0.01613829797405083,0.48819926529652097,0.029365250257231336,0.04883789759156855,0.34115435466644417,0.48580622458130746,0.05813969751654821,0.2856414233803518,-0.008241944508414804,-0.0076747771384545055,-0.05135583927182286,0.28798045142650985,0.13984053858695625,0.7683666186593759,0.3269042810070235,0.28811255774186606,0.013905720987094056,-0.002527264725486547,0.29801274669403666,-0.008241944508414804,0.28995064135350995,-0.007033089478403871,0.057756874905235886,0.5793623174337019,-0.008241944508414804,0.29125301936591225,-0.008241944508414804,-0.0023080080875563652,0.021763689860550696,0.008970796800090858,0.5803240536508232,-0.00813574656236557,0.3288793246491364,0.3203798086075898,0.31949682825341685,0.33428489184681454,0.2912322763108389,0.28903452816918696,0.5065606125997557,0.011050686001499568,0.3195244016398706,0.28798045142650985,0.3321409618200532,1.9502606590113514,0.022294849179697887,0.6386543103490181,0.47181720717462283,0.3023902338941224,0.45538569261953254,0.5381360036941484,0.3293644295216445,0.2912322763108389,0.011730984474884784,0.03231859187435002,0.03231859187435002,0.48580622458130746,0.13164519671569533,0.47223879546406455,-0.008241944508414804,0.04059933762866818,0.0234183751736044,0.4790816428240945,0.3631414152842014,0.33008967937415945,0.03073672667254656,0.31123161339469213,0.2946900541563886,0.31252312482641165,-0.0004438403127254992,0.3009648042248907,-0.008241944508414804,-0.005563729345986444,0.4426228879752199,0.3250604095046582,0.17426135815796176,0.32327929473246053,0.290931267077431,-0.00813574656236557,-0.008241944508414804,-0.021343435521834764,-0.004853051757961101,-0.008241944508414804,-0.0006880932302268869,0.5218041900963216,0.3936972897175632,0.29704069383012854,0.009950746552425116,0.19364714228515229,-0.03155712029970744,0.020917229992880877,0.48117678189270174,0.2912322763108389,-0.00798794891643119,0.05640407286244085
chr19:6459770:6459771:NM_024103:SLC25A23,0.4688039338786239,0.6081332347408825,0.4678142620974041,0.4741531147595478,-0.0012533767555610864,0.10491048264338855,0.10134876178072466,-0.0011555377935868194,0.0024733439612628916,0.05145091039512485,-0.0006700540634329566,0.03597307804118241,0.4688039338786239,0.47006322896915703,0.9220228174222851,-0.0011555377935868194,0.4752216207464331,0.11670316729685279,-0.001241898577670597,-0.0012533767555610864,-0.0010366441684787897,0.47038275070990426,-0.0012533767555610864,0.10001936262724419,0.01666611401820743,0.46780330004356063,0.2479077755177304,0.46780330004356063,-0.0012533767555610864,0.8707144229560201,0.22627744690886126,1.0706559828978326,0.5514424952777935,-0.0012533767555610864,0.4707330801584471,0.6346379438722847,-0.0006700540634329566,0.24446391464886585,0.4688244263246226,0.2254182857909173,1.0602010072137469,1.1877578348478777,0.1556619677184342,-0.0010366441684787897,0.20021821384107652,0.07963715690820374,-0.0006700540634329566,0.46823406829034225,0.23161230459279097,0.47422530516138206,0.0008455513397231385,0.10208339036854094,0.339130337909946,-0.0006700540634329566,1.032776679369633,0.4687862572656537,1.0932550785703827,0.23203795264572175,0.643992143891237,0.9956554645814075,0.0032373945058672415,-0.0012533767555610864,-0.0012533767555610864,1.726667721316244e-05,0.4909271770978315,-0.001042599826713675,-0.0012533767555610864,-0.0012520842939223453,-0.0012533767555610864,-0.0012533767555610864,0.2515809166289311,0.4687862572656537,0.07799245065281221,0.0038438505071308193,0.6161141346698933,0.10013407227025158,0.6441528230902606,0.46780330004356063,0.014379272655594036,0.01666611401820743,0.24921867444205745,-0.0012533767555610864,0.7069252198619189,0.9978006238065731,0.4688323489816819,1.0001615566236304,0.021058928964260232,0.21589892241855096,-0.0006700540634329566,0.09388311602281799,0.04864417186621624,0.46780330004356063,0.07554996736177645,0.2467729646188182,-0.0012533767555610864,0.09158366130513988,-0.0009057124072477385,0.6383867081648885,0.018863655168955468,0.2254182857909173,-0.0006700540634329566,0.46780330004356063,0.013947874030014351,0.00573279214488065,0.44124948074265014,0.7376043744904857,0.1069093817720756,1.035761797881079,0.015762314029930988,-0.0006700540634329566,0.6085945776175963,-0.0007010204868856673,1.2338820861080724,-0.001146979436836837,0.14168993489273324,-0.0012533767555610864,1.0317468305477346,0.2528887866969331,0.60968853717177,0.011402666878999226,0.10111209445436418,0.42259290314859976,0.05453223434407939,0.24716992461407455,0.46780330004356063,0.6441658985033857,0.0014961778663326042,0.3699723685884593,-0.0002882615089707663,-0.0012533767555610864,0.07960112010150651,0.24909940335632869,-0.0009638639934132776,0.003398460890759042,1.190123526399669,0.5662626637434288,0.5662626637434288,0.10003436032563653,0.005496807838437784,0.22638648922614796,0.8981060275397473,0.6362031794902212,0.03371056394805222,-0.00043838383890457133,0.4817975929601504,0.10001936262724419,-0.0012533767555610864,0.7212992889557541,-0.0012533767555610864,0.1061470051880861,0.25164435788704786,0.491654916211845,0.6076103808223999,0.49296652758960363,0.008415413125364174,-0.0012489052859924465,0.6112402447582386,0.10001936262724419,0.10600687117261798,0.48376676968947246,0.2513464620808735,-0.0011555377935868194,-0.0006700540634329566,0.3419117524618469,-0.0012533767555610864,0.29339489736361085,0.9946568400712015,0.8615901904319965,0.2526195638521402,-2.0094157994088313e-05,0.03361968829988568,0.4698174619887935,-0.0007790925114734282,0.47422597380627196,0.11527883329955449,0.8606218516771085,-0.0005382748693271433,0.24717948653846242,0.01658786859118412,0.363683699986021,0.24757709978241357,0.25363126674207975,0.9205619498050913,0.10042905916342712,0.4759543105430194,-0.0006700540634329566,-0.0009497691740853742,0.6840966691063504,0.08331510994416617,-0.0006700540634329566,-0.0007010204868856673,0.24665475996830533,-0.0012533767555610864,-0.0006700540634329566,-0.0012381980827916306,0.615611534348107,0.1254967187144983,0.514957038529546,0.47891381862019855,1.109701756374421,0.6085945776175963,-0.0006700540634329566,-0.0012533767555610864,0.6342412197371705,0.05313662537298375,0.9022176330884384,-0.00027413860874186957,-0.0004960951408824743,0.60147677357054,0.6110257396816856,0.08528878674468295,-0.0012533767555610864,0.003398460890759042,0.11075493027660087,-0.0006700540634329566,0.01674245898974118,0.0031015532826894343,0.10001936262724419,1.0446251936751105,0.6606897911168875,0.3396957350237751,0.6088172332007654,-0.00019372209649118344,0.4701807082359891,0.6532128664327523,0.004458533754875621,-0.0010366441684787897,0.014426158622659585,-0.00028810456597591627,0.28366284928973634,-0.0012533767555610864,0.4994222981064921,0.10001936262724419,0.4980394461887453,0.3380856606903762,0.46780330004356063,0.5556775380327327,-0.0012533767555610864,0.22511855445613416,0.9059997370025914,0.6344354858853334,1.0860089540347841,0.997011577094757,0.4782674932238857,0.47151695395304705,0.6171586759865937,1.1891611008606549,-0.0006700540634329566,0.9000325329698289,1.1400500530605755,-0.0009921518951903352,0.01674033457016437,0.002341021269264082,0.2698937155981071,0.6425111382013335,0.2765088573567084,0.6125049934650355,0.2522281762473798,0.9163887794198274,0.46800589334799164,0.46800589334799164,-0.0012533767555610864,0.002755986683928152,0.00022452805210704252,-0.0006700540634329566,0.6118562054958324,0.10003436032563653,0.6938265489429108,0.7497358000710658,0.012325691068016481,0.2254182857909173,-0.0004532064481853615,0.6109469400345006,0.4272220013274293,0.00024219852240459083,-0.000790576997464959,-0.0012533767555610864,0.0006969776942187533,0.6684940939540034,0.10001936262724419,0.0796026570812183,0.6337138694375059,0.6270013791666994,-0.001239423633410286,0.0028594877006414,-0.0012533767555610864,-0.0010226882314720576,-0.0006700540634329566,-0.0012533767555610864,-0.00042094769756204076,0.1551453856189451,-0.0007957980020608657,0.14827103775645478,0.46780330004356063,0.01893651894500245,0.23201502678547792,-0.0012533767555610864,0.25327232766370283,0.016793281311307695,0.10001936262724419
chr19:8390691:8390692:NR_038237:RAB11B-AS1,0.09317162752204647,0.16782264546841985,0.6468952781904656,0.03637516125786755,0.060373946501510095,0.16870343765133736,0.040090053860106,0.09445711581775965,0.16396986282474457,0.11211470411490676,0.11115876186922283,0.48031360429316106,0.055212721089858086,0.11920615621463243,-0.004155977842896119,0.03721765882789099,0.6643948528350172,0.10120691110200838,0.0542490385419942,0.11211470411490676,0.012413271561938832,0.11347407094578812,-0.005485955952846899,0.21034858298050194,0.6583292118974078,0.09419797598306975,0.6157590661057488,0.5599769797565973,0.11211470411490676,0.043061984421471355,0.21053712292577398,0.6149078601314633,0.5782713405431215,0.026436364935550155,0.11347407094578812,0.5779092667783473,0.07799042125679437,0.04888087708411118,0.017360641251208564,0.006160431809251604,0.5813966951640649,0.6350857667115288,0.11123313285688641,0.5549866897751781,0.5794410392012698,0.5944596211325348,0.05416758944739558,0.6786211967941242,0.038632888477882044,0.09968229641845516,0.06785855466539661,0.5521951537695272,0.11615074459884547,0.07799042125679437,0.6671597527945845,0.05454048989987925,0.5043741124304635,0.049435042223663406,0.6106265791559995,0.5397327145496427,0.06727371803718235,0.008447505547814815,-0.018020829352028978,0.04784467855403304,0.09730842817513152,-0.004155977842896119,-0.004077764006094831,0.026436364935550155,0.13569892939340145,0.20424675811795984,-0.00590798903958345,0.11189041431520089,0.6668871909173585,0.07975075315130575,0.5976642635718249,0.5661181028591279,0.6106265791559995,0.04111898828381991,0.20561630295224936,0.6164173658315731,0.5784442955903563,-0.002911698201963464,0.09771526767393407,0.5305305461582221,0.017360641251208564,0.7016390320391812,0.016902938652191057,0.1313562329664043,0.07799042125679437,0.033292192813516974,0.019632019688414243,0.017081184323282095,0.4833162226445845,0.5764569689748367,0.17078414658349308,0.05470494326450803,0.19898868464417255,0.1106260546764852,-0.005724022497000353,0.01734026002941444,0.07824378803637372,0.21019604737376363,0.2193067963395074,0.036356389676820505,0.6481173093787325,0.5755485494018352,0.031160201571201668,0.7249484813286883,0.04732154253142004,0.07799042125679437,0.5488676234665049,0.00481795991359571,0.7496170349198187,-0.004077764006094831,-0.0036862321661175756,0.05715022858333996,0.6337536772937268,0.5792293008966782,0.5523440450418599,0.15359437099162063,0.5488676234665049,0.676821614426471,0.107337662214949,0.5839675157157076,0.2086884968544885,0.9035341706602866,-0.005724022497000353,0.04939957055092889,0.04004024525052341,0.6460930963528736,0.06374940470799348,0.6164629521717804,0.1665630636610014,0.21577392787525349,0.5405074261286715,-0.0036189498778312623,-0.0036189498778312623,0.5482570880748937,0.20880549097260004,0.6549587458412471,0.0935077609152106,0.8554059465345534,0.025020016267675305,0.019684197396209968,0.03336598412267436,-0.005446964809620591,-0.002949932470322131,0.11508540931268263,0.05416758944739558,0.09917028900931524,0.017327548401841808,0.5824471736033847,0.5960062529683184,0.6324726284406184,-0.0010009332197199738,0.04249789293013506,0.04566487868148614,-0.005724022497000353,0.5525510737041631,0.6295826182952708,0.5809090976115887,0.04507489151236824,0.07824378803637372,0.5848422866644076,0.07799042125679437,0.5883756438930885,0.5071421749282926,0.8691056268142847,0.6586561787317055,0.5081331885386726,0.602081491138491,0.05869751949766516,0.020874844643403084,0.015262613824931076,1.0228012173285417,0.5503238846012606,-0.0017171518466219393,0.026704552593803915,0.026160054798759685,0.09111561145640004,-0.0005910107941380638,0.5792813914600798,0.7345227611053743,0.23196714836141685,0.7087469361266397,0.05416758944739558,0.029354803362972,0.017354622756870552,0.036744373050547535,0.07799042125679437,0.025666091877566494,0.04968521331527084,0.018928100060630337,0.011290218209541014,0.03430892678149122,0.018196698666893996,0.6139712050993474,0.04424437632364428,0.08943882606794681,0.5905037212970954,0.49391463315125084,0.07799042125679437,-0.004557292638548788,0.6151514814649687,0.04516087796119844,0.019053242564005368,0.5815431019631915,0.1908224888380636,0.016230815700892937,0.16579199845764722,0.6771513168376125,0.043188886706052004,0.21614351498620288,0.03798808323648736,0.07799042125679437,0.5926165738053049,0.00389594919691047,-0.005724022497000353,0.05332653535977122,0.5486539455434988,0.2201861091249573,0.6847023495544918,0.607902516827508,0.11341067741009522,0.9011852694914181,-0.003795410219414125,0.029652480370396583,0.039239355596063646,0.49806064793701327,0.6935501950320181,-0.005724022497000353,0.6468708928585716,0.5482917984145137,-0.004591215157564804,0.17311500840033248,0.024267080929735035,0.8416204439473497,0.08866138097754878,-0.0033499957559942617,0.04888738553151095,0.7128106053138447,0.6886301847195733,0.7965806201812764,0.018476451342179318,0.4795893277563955,0.5453231796880124,1.0967417776313055,0.05416758944739558,0.786547570929112,0.618645686211167,0.2210814150693944,0.5832978223429344,-0.0018083980918818243,0.6687401547104834,0.8145022521917179,0.6099062215529544,0.6486363018900027,0.6551262173672181,0.7195575029099146,0.001426491704566546,0.001426491704566546,0.14482532630145775,0.2583196900324832,0.05428788505565077,0.008446387047576054,0.5451696614147095,0.19109238963315542,0.6770344308487188,0.6400026400847731,0.5137614452659087,0.16752907570828496,0.08741944252711964,0.5725345325611864,0.6605529666096673,-0.02011504119599808,0.019752238649712123,0.012696939477246316,0.1507769198980531,0.5575694156207711,-0.005702784681718337,0.6613596548711631,0.6509453855663792,0.06067837896112427,-0.00463323820559558,0.044746411962521326,0.02515971122674071,0.5764189599666654,0.05416758944739558,0.182474400605123,0.05082859982029428,0.5747491306953338,0.046685180822726186,0.5851089519399673,0.03693005682011474,0.13416836129650342,0.20638682391397783,0.022215974138983796,0.8923687057415942,0.017731577553045358,-0.005724022497000353
chr19:15200981:15200982:NM_000435:NOTCH3,0.004411101387455707,0.30319174099898993,0.1700353171584087,-0.0017534637182078094,0.1611918623847482,0.30641164502045437,0.21084288978505594,-0.002246190555722588,0.30640157227035203,0.17101722202574393,0.004653525475804388,-0.0378463716758104,0.006219683168298157,0.42115318976599636,0.14723188484523603,-0.003151553072700264,-0.0014471371198608307,0.29631800974563494,0.17040015099783262,0.1700353171584087,0.2115492887369377,-0.0019622154169849915,-0.0020372758378436606,-0.022493830668448983,0.14723188484523603,0.1700353171584087,0.19513919106921124,-0.002008601618828959,-0.0020372758378436606,0.041702709166764745,0.3028268746394994,0.7004108734328465,0.17010311993624602,0.1718427763451632,-0.009140642195093945,0.21246468422612208,0.1700353171584087,-0.0020372758378436606,-0.0021185891218823416,-0.0011162333558603632,-0.01680531883836875,0.6621879162147335,0.005910324511066489,-0.00047797226287790706,0.2309444984520108,0.2437027032385345,0.1700353171584087,0.009515368458624301,-0.0036882601779472113,0.1845219377409163,0.306611495485939,-0.016834448016229075,0.006192885574941048,0.17907110798970816,-0.001471225581200275,0.1700353171584087,0.7247678941162858,0.15796216546091402,0.18183884376704004,0.14951044436493988,0.3061857570387537,-0.016508641554547204,0.12379473100891955,0.029994545491109692,0.005977843446314995,-0.0018499099958252385,0.14669308625955524,0.1713527843725348,0.12505736207376336,-0.0020372758378436606,0.0029298955559005635,0.17907110798970816,0.006814688887436832,0.02250472578759452,0.16839777393186223,0.004232963757296149,0.18089001311768416,0.40856425985244876,0.3077251836789058,-0.002008601618828959,0.62811021153411,-0.001118031731691338,0.6360032606472692,0.41077934485405077,-0.0021185891218823416,0.1979411309701672,-0.0016687148708089128,0.12214630741862151,0.1700353171584087,0.4449838500115344,0.043373303092678867,-0.001954506386725674,0.09886027576459447,0.40806124667042987,-0.023420608741221954,0.5430444683554699,0.46421858495657214,0.707339114629459,0.13184982484279797,-0.002002598500320474,0.17907110798970816,-0.0020372758378436606,0.6533764811426566,0.08968060824556609,0.44512551724842564,0.2305807213803978,0.40743438678567423,0.7042053596621591,0.510007514746117,0.1700353171584087,0.1541874058396781,0.1700353171584087,-0.0016350114497390433,-0.0019604335277566,-0.0018499099958252385,0.6659732029399105,0.004651440389422473,-0.016720311717423553,0.04371030080005542,0.01166597820582399,0.14723188484523603,0.671545236062197,0.17916150114466178,-0.0020372758378436606,-0.0020372758378436606,0.23111084241728774,0.40808762092408474,0.15746253963047546,0.2890570115369311,-0.0020372758378436606,0.25562031793519113,0.14728264638147315,-0.003668977268850848,-0.0020131062162258018,0.15408087724934227,0.14276727353727076,0.14276727353727076,-0.0017040178834217823,0.1042335167287283,-0.0020372758378436606,0.16692882264575404,-0.0027860879881017597,-0.0018162698457422355,0.08406353947938361,-0.002074366751451756,-0.0020372758378436606,0.044173082579944456,0.2389285068616946,-0.0020372758378436606,0.16386118687150109,0.6048890078639428,0.6275829306654237,0.05813258467421786,0.004706479573765604,0.2230458957312991,0.4110695453292499,0.2431353267266126,-0.0020372758378436606,-0.009126435810669242,-0.0020372758378436606,-0.0016687148708089128,0.422388882006105,0.1700353171584087,0.15002828338363997,0.1700353171584087,0.16657240742338308,0.617316916369691,0.02233821566746494,0.6926458314220789,0.16314622647357646,-0.003205475438762845,0.04965372804928311,0.08394979273169567,0.14713599955427253,0.6573328619806893,0.15790763139297925,0.08393848794909953,-0.0020372758378436606,0.005579054442985176,0.41761696248663926,0.3365933683934292,-0.0016350114497390433,0.7013240373483673,-0.0017235499920016106,0.015012327731276337,0.1700353171584087,-0.0014385314927194692,-0.0020372758378436606,0.24887762183960319,0.1700353171584087,0.1700353171584087,0.16201190093152668,-0.0011477627454487271,0.1700353171584087,0.4725734494811139,-0.0020786920319296187,-0.01680531883836875,0.005580466837853432,0.43575681438220865,0.6611154894710398,-0.01783812640894017,0.1700353171584087,0.08380636163634708,0.17965765767766242,0.4095748322550599,0.16200468164398185,-0.00187732102373514,0.0991509520918018,0.04522813838666853,0.17684353871378714,0.243834737230225,0.014024435601668828,-0.0020131062162258018,0.14894679251740278,0.1700353171584087,-0.0031175221564857525,0.1700353171584087,-0.0020372758378436606,0.007031448431901982,0.4763287604740552,0.006293065725383434,0.18671103167729827,0.01141118754738693,0.6847690213251261,0.23078923188371578,-0.016834448016229075,-0.002008601618828959,0.520704015720336,-0.0020372758378436606,0.9346422842844071,-0.0020372758378436606,0.1703707897686253,-0.0020372758378436606,0.18453593318240674,-0.0020002583267196283,-0.002008601618828959,0.115245128236101,-0.0020387366139399676,-0.0020372758378436606,0.6791965609629931,0.4779390177645627,0.15806114103449415,0.326641194985087,-0.0020786920319296187,-0.01680531883836875,0.04462502773694954,-0.022898063132001628,0.1700353171584087,-0.0017178205192351914,0.7007167965358103,-0.005548615199445411,0.3261741859012766,-0.0020272902792298486,0.1485450888674385,-0.0042212069867358926,0.8107979777513152,0.170064826611842,0.14723188484523603,0.012708588313592617,-0.016834448016229075,-0.016834448016229075,0.14004805653076163,0.005251810312226823,-0.0017387684936722991,-0.0020372758378436606,0.0071094634097336185,-0.002008601618828959,0.023266951366720634,0.1747403872154149,0.15348217858641622,0.026999669200904353,0.23093243819165127,0.005537968912524754,0.48118721387975466,0.1381465336017818,0.08552937205219366,0.1700353171584087,0.19577458024892666,0.4383115914048225,-0.003700722893066666,0.24452096183282432,0.010476305843987177,0.14946794324483492,-0.0017465250585627368,0.6634518746108287,-0.002008601618828959,-0.010696293891295672,0.1700353171584087,-0.022539059973382486,0.3410411365471197,0.7368972971286123,0.17031203540383805,0.17034125015233603,-0.003946525956753322,-0.010666722107980114,0.004660227085760749,-0.001673277102643922,0.860768449272667,-0.008701915795150283,-0.0020372758378436606
chr19:16572382:16572383:NM_024881:SLC35E1,0.11737156623839962,-0.009206278052176692,0.02518652596531626,0.030095336402227224,0.11737457292955286,-0.0067106148483712935,-0.0005894393984809954,0.02515275766559466,0.0038732358361396046,0.04067244858337693,-0.0012307743275561667,0.22453096238956452,0.02950310915641144,0.14333084886698208,-0.08348861685994309,-0.0002678928996992791,0.049259080629903945,0.0036097755343509064,0.01651985787153526,0.02518652596531626,0.03644580592622276,0.02518704669094962,-0.0002678928996992791,0.0014594432824776293,-0.07344179545694032,0.02518652596531626,-0.08689145518228167,-0.0002678928996992791,0.02518652596531626,0.0012161251599524525,0.19132548338550723,0.15133352895941188,0.05012384509158507,0.0038634155340059317,0.02518704669094962,0.14600145765281455,-0.0002678928996992791,0.13764310307296362,0.02356841827099343,-0.0001188045168205587,-0.08753755836228844,0.19986872105261344,0.0028185976913456534,0.002117815131478129,0.04089390309933505,0.08067292837851983,-0.0002678928996992791,0.2110219155207458,0.011918613109435372,-0.001211198664232943,0.042873960908141995,-0.0006452845362102666,-0.0006166614096258516,-0.0002678928996992791,0.14750462430377473,-0.0002678928996992791,0.06991253986550625,0.00015685092289263736,0.016057443171059366,0.13190610646287285,0.0462346809018741,0.0038623226704871394,0.000860447702873246,0.15991989841749446,-0.08484762467820862,-0.0012376165873831668,-0.0002678928996992791,0.0038623226704871394,0.09105433280602704,0.034544190864144675,-0.00029950088790386964,0.0240271744607016,0.00010934780183147197,0.12782079057303516,-0.0012517960651420024,0.018559712515159088,0.016057443171059366,0.03734780432790413,0.024147606359550156,-0.08362204476420713,-0.088118439197558,0.003869113330882634,0.1885669946675612,-0.07533102250086299,0.02353457694454905,-0.10755491127736905,0.1286899120814859,0.02815718612561663,-0.0002678928996992791,0.2354829792202781,-0.00024163696735288176,0.00715879764936278,-0.05771830605235427,-0.0006452845362102666,8.818770275845211e-05,0.0007190533082465644,-0.00485887307706126,0.14706951163047907,-0.0002678928996992791,-0.004944740671993658,-0.0002678928996992791,0.0421415562430196,0.1056504637479348,0.020216527992651417,-0.053122814387898044,0.04089390309933505,0.2161171025681738,0.14600145765281455,0.011970309131871415,-0.0002678928996992791,-0.05815332772256327,0.03673088138413658,0.14600145765281455,-0.05125352850624452,0.0004304487413938629,0.014436688532365377,0.14564294385016377,-0.08878011238991074,-0.03630360557805889,0.060661235702547,-0.0005888702036664639,-0.1047381176491371,0.023206574711847283,0.007867533804643806,0.0421415562430196,0.07157671528540874,-3.497377313352312e-05,-0.0003028233334782804,0.04367803980542584,-0.0002678928996992791,0.05816183001664128,-0.08829563599556714,0.006130753325763849,-3.497377313352312e-05,0.14599633912743104,-0.07860870977225073,-0.07860870977225073,-0.0002678928996992791,0.15498851484249923,-0.0831867106132994,0.1475332158012374,0.14600145765281455,-0.0006083964344404946,-0.0002678928996992791,0.10693929812952224,-0.0002678928996992791,-0.00026548540003540344,-0.05823587734807028,-0.0002678928996992791,0.4777318920684259,-0.06108638306973434,-0.08823782044551892,-0.05771830605235427,0.02539884927484548,0.09672343523562793,0.10564036797768114,-0.08429459333198444,-0.0002678928996992791,9.78499005343525e-05,-0.0830272088418941,-0.07341899919180285,0.027188200205317703,-0.0002678928996992791,0.0032298716107944936,-0.0002678928996992791,0.00036076310585994587,0.4063693972286983,0.3019674741807556,-0.08876459088469787,0.18023850033760616,0.0004241882571161537,0.004984901425818561,-0.0002678928996992791,-0.0011923844554922458,0.2937583332405115,-0.08825334265173446,-0.048082259897987825,0.14285028005440548,0.47914039405763853,0.032136099816502894,-0.057703340500733086,0.1461300918296607,0.40475301797079755,-0.0003007805537570962,0.14600145765281455,-0.0002678928996992791,0.0003855237770318265,-0.0004718310875552745,0.18143941713918044,-0.0002678928996992791,0.03671731290775124,-0.06108638306973434,-0.0002678928996992791,-0.0002678928996992791,0.11318433613784831,0.032671908003378713,-0.08878011238991074,0.5288474710538745,-0.047779288631856556,0.040688244901154524,-0.07364475956670372,-0.00026548540003540344,-0.08174911425767051,0.0038623226704871394,0.09012565085407226,-0.08817623920147931,-0.0006452845362102666,0.004731480894805157,0.11249929438427111,-0.04743358912882922,0.09047545433344818,0.13696983880065633,-0.0033466505710319783,-0.052119288484445435,-0.0002678928996992791,-0.08829563599556714,0.03672810553237113,-0.05771830605235427,0.016143866508855576,0.06244258608502479,0.0028701337414378247,0.02403084846639203,-0.0006452845362102666,0.14600145765281455,0.04089390309933505,-0.00027522074905944605,-0.08825334265173446,0.09013779747977305,0.002010192525415594,0.21452506185166442,0.0004318280699257826,0.14604421609537127,-0.0012035874621240117,0.15497211629907615,0.00047287531261561155,-0.0002678928996992791,0.363423764306283,0.0038614245114709234,0.003868205950662229,-0.0886418366375861,-0.08875816751978088,0.14231338929686463,0.1460190444916643,0.03174765981493499,0.1808198904215113,0.02094624902838657,0.1820616384420415,-0.0002678928996992791,-0.08876459088469787,0.23527404563102366,0.0014725429652597821,0.14350053471943605,0.002993154395183495,-0.10902357096318956,-0.030531309100160553,0.18603359591350918,-0.00027522074905944605,-0.08876459088469787,-0.041848220923148,-0.001200687434225245,-0.001200687434225245,0.13611481866053543,0.09527800322995442,-0.08350417886703643,-0.0002678928996992791,-0.0012035874621240117,-0.013845976805081373,0.08679454512153753,-0.07785252494018474,-0.08348861685994309,-0.004944740671993658,-0.05771869959771086,-0.013047746489752626,-0.08876459088469787,0.325391924387775,0.00715879764936278,0.0038623226704871394,0.07764343834504059,0.0699259011632293,-0.0002678928996992791,0.0676483048626972,0.28451049078452395,0.1933131196327112,-0.057755415295643646,0.09013779747977305,0.0012137215975409343,-0.0005977117396631648,-0.00026548540003540344,0.0011044200787065639,0.2790433626703466,0.09155053593587065,0.02558439388533998,-0.08878011238991074,-0.0002586865039680142,0.19166209061252906,-0.00026193578643302073,0.13541134908000207,-0.08872223501102379,0.00945739829625697,-0.0002678928996992791
chr19:17309527:17309528:NM_024050:DDA1,0.28551537815680234,0.11886891324642984,0.1127838121224477,0.3144542243452024,0.296557557903385,0.01919146329951882,0.0013723848421632323,0.15638833870310687,-0.009589914983531012,0.01171701403502029,0.18308367667835307,0.7354290019377031,0.13333006428704874,0.3409775674932304,0.11519139168171721,0.11151510813708926,0.15786257704443957,0.642781880936003,0.10969526931398033,0.09370862347998343,0.003008325279320323,0.15737087888393952,0.0013632315628341884,0.14582278212499805,0.4491041120362759,0.11178526414364098,0.043029052701003545,0.1348411455436418,0.11159181450039773,0.22245934030532805,0.09638389970539185,0.3505252570657141,0.15232060120611995,0.001577338843463283,0.33886778303345594,0.5315280169794816,0.008295934023124119,0.1558336101618188,0.17650397645055216,0.18847976338673628,0.9794181917232438,0.8911427246208622,0.03553481320145413,0.12677273075125267,1.1357667479112086,0.3147845237352169,0.0013632315628341884,0.07142324202511391,0.10898138442209038,0.3590684412315113,0.20036831410978434,0.0013723848421632323,0.183081518085835,0.008295934023124119,0.3699932815772139,0.008597866939610566,0.7041751571034838,0.3011068659415482,0.8496280427182461,0.562347847538996,0.20233263501265802,0.0013632315628341884,0.1488906558087838,0.1394032206928183,0.22221826568574565,0.0030269326308537403,0.029231435623394197,0.0015658861077978425,0.1488906558087838,0.026626286662922216,0.06384888602669131,0.35621359681292564,0.016558918745489037,0.33061174328609166,0.6172165336010116,0.7372117876112556,0.672778329170562,0.2818982994819951,0.4050930717560182,0.4489154548481672,0.03605174913225029,0.0013632315628341884,0.6177593780567201,0.04654142458262622,0.17644394612911202,0.6755336814451264,0.0014149755749374715,0.10527022348660298,0.008295934023124119,0.3104598711869869,0.013165287374281076,0.17644394612911202,0.04585768297377679,0.09050275384243911,0.14900105139858272,0.3173413473139013,0.31733949351043766,0.4707259091696961,0.0324358933817126,0.14357675648482743,0.008358785361414711,0.17700822994981524,0.025815157368619612,0.04205364537855155,0.8104506527069655,0.7162690681502089,0.16042725278281017,0.2833083747625168,0.2755072198900552,0.008295934023124119,0.029553123474915066,0.48393268257553546,0.7417476147295636,0.00664234373522693,0.0014295298272548607,0.045598413882424804,0.8688513791885301,0.7568994859489602,0.03476220386700124,0.14588184929140458,0.11318131647667001,0.1822843415726998,0.117603793971513,0.0032403827456126133,0.1769912677572002,0.7425146432033841,0.0014878298821871527,0.19093339499929524,-0.014063115799403725,0.0013632315628341884,0.33545600449299845,0.08224718072422271,-0.01626498251067182,0.12637756997241867,0.6340689833573658,0.5050441679177944,0.5050441679177944,0.04074101848088174,0.2611233371292173,0.07441906056335945,0.42226561274328805,0.9385907688185788,0.001709413684190475,0.003293383408891404,0.17821636862180684,0.0013723848421632323,0.008295934023124119,0.3789397531994423,0.0013632315628341884,0.48329434399666327,0.0036168321641385504,0.17984957579047572,0.1914644038028409,0.17637331492592673,0.0807551899035488,0.02190903414560813,0.44487760619556266,0.1436611789913081,0.034915029707054845,0.15050230262742093,0.19082499201540876,0.012776077198903113,0.008295934023124119,0.022187578661196694,0.0013632315628341884,0.09186127226696766,0.32668636472515666,0.27016905671557717,0.1667725353627572,0.03763529483870903,0.02477394363441693,0.025219876929665874,0.1457886140817149,0.11509006392716536,0.5950076674565807,0.17379160683529649,0.1457886140817149,0.1558336101618188,0.509635437123004,0.7373019729933528,0.00633378072135693,0.18908048503139835,0.4327626103314039,0.04875994911091003,0.2359307420038548,0.0014238654609499135,0.09132259816737243,0.0014187957152435593,0.13231377601460492,0.0013632315628341884,0.03612084313499986,0.42394498916922996,0.0014663146005916006,0.0013632315628341884,0.5598430309603487,0.17645308549209093,0.8239006801410518,0.48991662387583346,0.33029820468639043,0.6667023500406568,1.045996783545657,0.0014238654609499135,-0.002989393714069033,0.8400281349339964,0.12990599194767305,0.19114557803725019,0.029543173188205818,-0.015827673681479526,0.2643526647390536,1.2564232188782969,0.300571953428478,0.1489466180512144,0.1264346232359218,0.1924811184604714,0.008295934023124119,0.16576481503192092,0.016326991248031275,0.1436611789913081,0.1134009684802243,0.6698996282238404,0.19672288718314185,0.8050881075158008,0.23554725298892698,0.09416734985972752,1.1704833049911119,0.0013632315628341884,0.011366829906460985,0.15915683815598297,0.43384295703542525,0.3572150838731423,0.11317063915934095,0.41078187948542233,0.0013632315628341884,0.18065147771723172,0.1358041647253499,0.08344171041261722,0.7940802828897187,0.14360918884273255,-0.003098819047623047,0.2911132134309543,0.47785867582004726,0.9225003347415783,0.8024492885349297,0.18054413550963033,0.16106577572890396,0.034899271013931366,0.22231133428195227,0.008295934023124119,0.7612258945682037,0.7120856467596822,0.13572039686552667,0.13183000110037463,0.003432383189985788,0.16806156139552342,0.3529492160697243,0.23168436036369316,0.22193474392501505,0.2035305366529479,0.31132398537300643,0.06391095610054265,0.06391095610054265,0.1489466180512144,0.1933542479129255,0.055165417778146486,0.0013632315628341884,0.08609204990566688,0.4862951290414843,0.915273898825132,1.1604324459062623,0.0511015193287383,0.13582900134132353,0.2850107085067955,0.14412838220828367,0.9232326901900465,0.5039179558242739,0.003293383408891404,0.018211689229862937,0.1268217258194741,0.49829695513785655,0.0013632315628341884,0.3346527245504858,0.32332705823553654,0.15212558816786365,0.4767536939282562,0.15921630070185033,0.13905360747136286,0.21411460596085674,0.11009768317232166,0.1441280742963163,0.18232106575533114,0.49190706199578893,0.09205734087250644,0.37369273592807306,0.19111017883986237,0.07893159674753347,0.16552759134917966,0.1489466180512144,0.8025773250533577,0.28128514177426744,0.0013632315628341884
chr19:18097792:18097793:NM_015016:MAST3,0.024355192774576623,0.5246647764902892,0.014343734383995957,0.007786335604270847,0.46723886588594665,0.5184863209516001,0.00974685770733029,0.023932196237426068,0.49748603095282107,0.014053472151549395,0.014453437768126243,0.6245586913417301,0.5713580597083296,0.0411067068773642,0.009425173047384189,0.006710923181216286,0.05789037681043813,0.5787954410736788,0.024052467152092694,0.014341996976474328,0.08622159847432875,0.04222470701716893,0.006710923181216286,0.010259181084728272,0.009318595451126635,0.014452172978874148,0.2101914042815371,0.006710923181216286,0.014427696556371161,0.01996486300292298,0.5034071217568336,0.8507507837653014,0.014691971759404607,0.544513015036703,0.09997564167191411,0.45873142643819376,0.007069017542691486,0.2102486731972808,0.0702138161341068,0.006590360607710594,0.19592781233680406,0.7874534841408195,0.014506875354254586,0.01953272933687969,0.029015778765667327,0.1337177481270596,0.006710923181216286,0.017163137377812346,0.11694602280989505,0.5501067054245462,0.008038581584182664,0.05658947633105785,0.014453437768126243,0.01412248154594374,0.19449152014339288,0.014067828472293223,0.7257479315655126,0.22900411020434508,0.08471406790564293,0.7135036329722786,0.008038581584182664,0.006854003339735459,0.5784933207738053,0.408388551019194,0.0252954259745269,0.006710923181216286,0.009400704090317721,0.48171215807359574,0.687343853418424,0.0068260924738787615,0.020414823138645316,0.014313421179321717,0.2345526145549907,0.22975297030448627,0.6617641599709656,0.02121926675239605,0.028051256402611968,0.08074789642395913,0.10391595184529917,0.13639559519524044,0.1923606117242599,0.0067750704317640215,0.5227782994672725,0.7945477377059191,0.07027962517992103,0.079548596646552,0.21042941018808886,0.16886651155492766,0.007069017542691486,0.1413611569459116,0.07435525229231277,0.006710923181216286,0.13304978228341074,0.03150082111423744,0.15434740621390816,0.040350288598388906,0.01736470544757486,0.08586935270852933,0.010432383736505096,0.010006715395210142,0.007344703317361978,0.009860828442087258,0.10611003768188387,0.007665224388847744,0.5903490803628002,0.08956102143686798,0.01458333731656869,0.5902754554369398,0.14263511731086706,0.007069017542691486,0.010108812536681139,0.08618589733165224,0.062227331279010284,0.025335934396176776,0.1331417303349054,0.03368588644959791,0.019073315363581395,0.20999516216335468,0.22882858143695495,0.5026705645561557,0.006903460949124238,0.19561882151788818,0.10389932084925296,0.20610045997723336,0.010220947487702373,0.040744471264331894,0.008686555731958673,0.2128001261616539,0.01542300971864373,0.014039257839513264,0.1468902335038195,0.010431324964477462,0.007359661189231301,0.006901002674902221,0.6555709314517251,0.7092019886014422,0.7092019886014422,0.006710923181216286,0.7161790254267654,0.10292772023848012,0.5634834849555306,0.5629451993417107,0.6334164121206032,0.007633736997173596,0.02458516202166454,0.006710923181216286,0.014039257839513264,0.6314900837025571,0.013762674216087567,0.11078965979961503,0.20994167853438145,0.059686956335751384,0.11371744700740158,0.014564401703386645,-0.005920487499684657,0.10588116959812455,0.5029069323842856,0.06518166882317453,0.056766923067807284,0.07337164322267736,0.2104689343047944,0.011851491640708645,0.007069017542691486,0.021651507675758824,0.006710923181216286,-0.023871928551216143,0.23199191320920304,0.08422794197793348,0.600377329360789,0.1968345128658479,0.015787352411192224,0.01390635219227404,0.007980945054024469,0.2101914042815371,0.7943941165130595,0.012361195226894231,0.007023099612042269,0.05982207267892059,0.10669713248047313,0.5954483100351659,0.20994167853438145,0.10189373894440606,0.9902466587200356,0.016874782134732952,0.008904971750368737,0.007069017542691486,0.1354274130759695,0.006831938162982901,0.5035604484630762,0.007069017542691486,0.013762674216087567,0.05676276500295205,0.006710923181216286,0.006710923181216286,0.11933956399769188,0.013422541967089835,0.06043562469922362,0.09442745792716198,0.11994901191861765,0.6071332484410776,0.0144970730454895,0.014399120103000276,0.009745137577223825,0.4959536167006733,0.1689700715813062,0.2102741911421071,0.009822065969841004,0.008307881272475365,0.1344476111025718,0.5547967143839813,0.1468171910296011,0.7459586196259016,0.007904087617980851,0.8473706689439433,0.007069017542691486,0.08012893214264263,0.009745137577223825,0.009745137577223825,0.6963539552359512,0.5565580825978363,0.007498732511937473,0.014209751447422023,0.07228631672877442,0.07865061604425438,-0.04091811843225929,0.0067750704317640215,0.06379429938599249,0.1689700715813062,0.02771742904639403,0.767775336001264,0.006710923181216286,0.06058658991656332,0.006903460949124238,0.6903509809110351,0.006666078802316566,0.006710923181216286,0.7532807208333521,0.006717290367020637,0.006900922180403182,0.22512303572841386,0.8055153035953928,0.6255112944822994,0.19472957941035962,0.013508637844558219,0.523084814993348,0.07878863532888836,0.811906283218768,0.007069017542691486,0.06568217081817757,0.9031960736682781,0.006586925066696114,0.8387891741315086,0.019159952132731334,0.21080237498347543,0.40491563768565664,0.5461390454395357,0.017248419899494605,0.1926314464380774,0.46860585116051245,0.08130888029867828,0.08130888029867828,0.14209481247608782,0.5807937089422848,0.006549075863849743,0.006710923181216286,0.006710923181216286,0.006740784652959769,0.787000453687235,0.08695597807181996,0.19474327535101804,0.01686437826344049,0.014313421179321717,0.007729454421216447,0.16676232985014866,0.018276181114848605,0.00701091633748166,0.006710923181216286,0.4839765397906729,0.7239250868221498,0.006715731573672029,0.16355800536759385,0.5055764877672022,0.5072046494519127,0.030679813699190983,0.1445936498598296,0.009978373334989632,0.01442359607644926,0.007069017542691486,0.009961729223988053,-0.014818183060403722,0.08851114614047892,0.011248831635950196,0.16899281441860337,0.007333713187147511,0.01553607389020309,0.010055598151898992,0.011220101727061102,0.19263364746083944,0.010739355441330936,0.006710923181216286
chr19:18281656:18281657:NM_005354:JUND,0.2464216902278618,0.2708347371400588,0.13260197501299265,0.10657224837415669,0.13250640339869624,0.51275130720282,0.11703052614669696,0.0019744997744124415,0.06161018156768616,0.21551457133459806,0.1370072711082852,0.07772062416956949,0.2528916805248511,0.06484141048919989,0.5491265164914698,7.490823471323349e-05,0.3638573976043652,0.390042916118278,0.10306323637094345,0.16139718377535867,0.008573678789870143,0.028654808958564926,-2.040487936655344e-05,0.27560217688191085,0.36887456786540707,0.21480284095954122,0.3942434370158968,0.006676784395158675,0.24602406367137164,0.03999710188920258,0.23222396549311353,0.2759115807521412,0.2110726461200706,0.0040372896741568964,0.028650793741783975,0.05646135727894863,0.00942246404435887,0.39378584339265194,0.004168631929209465,0.233406410690697,0.39030487627186233,0.39313209615541084,0.21485638158998,0.06549058819101544,0.24855144685467778,0.4865263913066164,-5.449217432673681e-06,0.045350123114028806,0.12889268247595664,0.07550568187057605,0.23059529164689485,0.3936237659172483,0.18367275263829286,0.10433011059894931,0.47560002148379316,0.10435014908659268,0.4325384165638916,0.00030778895461935907,0.24882691999511009,0.48355021796852643,0.2456183304561831,2.085275435798062e-05,0.5313680305403219,0.23236179115016042,0.1489916228964998,-2.040487936655344e-05,0.09653406876204285,0.03076414695181451,0.27739799906625195,0.0003030245402790288,0.07768864856325103,0.22611071487482087,0.0038281826919358553,0.1558106626657078,0.21880057739444142,0.14238388607258357,0.24882691999511009,0.041575079163061024,0.21368821438376884,0.3632647300873164,0.12035114798884194,4.54794731630237e-05,0.2207941994562031,0.3862407514536913,0.000295631575084887,0.6002875724761454,0.1925041870612006,0.20806885282265464,0.0756745818234677,0.27603362673692594,0.18480622199863778,5.89655831262359e-06,0.038012754200730636,0.09669609530094797,0.30736095078333475,0.1443136768497537,0.3572344863934651,0.25704107241004265,0.0026497609007864464,0.026851341631741132,0.13236083383296637,0.008956093652105368,0.22322590255036717,0.00044412381936753675,0.47637210543915326,0.30243195867666695,0.027246922125310546,0.33436863131271755,0.2579423666160508,0.10433011059894931,0.05358011202320473,0.015089469299594205,0.3216083685888955,0.19150932826042222,0.04220384812210315,0.22392608644352052,0.20468693028640422,0.28633725919664493,0.1921318843319318,0.10961459809400237,0.20132529352941247,0.4313885426831007,0.21561489296278374,0.030332752984257805,0.008956093652105368,0.33572943410489947,-5.449217432673681e-06,2.0209388867320488e-05,0.028911053472804205,0.0756745818234677,0.4803616871705005,0.12224488428542718,0.018947053910034817,0.09655913295082313,0.5712889335692946,0.030955483493676716,0.030955483493676716,-2.040487936655344e-05,0.420908585122081,0.09692798722492746,0.18926855329828518,0.15783569242609163,0.010325429260498342,-2.040487936655344e-05,0.04364206640960583,0.029260997292591295,0.10547598340549591,0.33044762720925575,0.00943361223293615,0.4342201878328124,0.18839061886622016,0.36977259612648455,0.006239741302865809,0.04025721835964413,0.031336006282648265,0.23327716872077875,0.29798865423072596,0.0018370030509422541,0.2292196086932744,0.2120468926462446,0.02978031060324854,0.032470380989748915,0.10433011059894931,0.13264359047605,0.02662334324311072,0.12246448581880026,0.5344156954764234,0.6543260523374136,0.18076062296344214,0.027613519679613563,0.1100693225538612,0.022482276729956285,0.10242044930057348,0.09653406876204285,0.11862517382174248,0.43497102407144206,1.9176718348112853e-05,0.3936830917456965,0.04729914385029249,0.5890833258136006,0.023659566673431498,0.24203811143414994,0.8119088201760948,0.02929862271520406,0.03842506914792815,0.10431330491914947,0.00041719939305134845,0.029494078998833717,0.03818952484524901,0.0756745818234677,0.003965455387762218,0.5221410130255028,0.1777346754547683,0.10433096976805917,0.1339853030483169,0.09792305302253235,0.40235688202530057,0.23888103785926057,0.4108156162707831,0.37001840756497556,0.1710975931308008,0.03652944391865043,0.008652456909155504,0.19979592409467933,0.07000889765465323,3.516580321477614e-05,0.005631311497268254,0.21537261157895687,0.19613073492988403,0.1547966531808045,0.4809690426559298,0.33149723956759797,0.09657926888312968,0.05994471295619008,0.06310775079359571,0.12017849166316591,0.017073121038597594,0.0018362889406141614,0.32534386583062036,0.2647621483278962,0.3159705502310516,0.11473263428481623,0.06378945926992946,0.29497881756865174,0.22642267378690478,0.22228997684192858,0.27028171544860863,0.06995535057481905,0.037296100509699226,0.5914412388304279,-2.040487936655344e-05,0.1985094199860027,0.09653406876204285,0.4747363585900103,9.232422482841063e-05,-2.040487936655344e-05,0.5008670486430155,0.10095630659759508,9.232422482841063e-05,0.0303542145670182,0.5706216537122141,0.27064218050451216,0.12285353795974763,0.10659816729735394,0.2561480734791358,0.19150988957855763,0.4313597871811481,0.03648632868613749,0.11807455208104706,0.4394573391967299,0.09851504736602662,0.03850965080599866,0.002437305707872317,0.1687022048107002,0.19648550408625598,0.2592831658563414,0.03807797685479253,0.151672569047476,0.42543986851238325,0.043234792414607426,0.043234792414607426,0.30772883498389203,0.18532185737814405,0.00030778895461935907,-2.040487936655344e-05,0.05169759980017019,0.09692624702953684,0.6463385707747356,0.5317372056824111,0.2359506853936713,0.030029357373549725,0.06957435716014548,0.00010307709162116208,0.1684538098002235,0.001870086421362216,9.168636299500266e-05,0.009423073646442681,0.24123154668887975,0.22918747281973023,-1.823877618362113e-05,0.48029431243484577,0.1814541776250697,0.03848324775029188,0.00023228231293553891,0.15260347077641895,0.026695632829702665,0.1789637656573974,0.03650246883233488,0.27663592114334085,0.08812142721117805,0.21321791096118342,0.05577656821806892,0.39460113810165887,0.0023926570664400404,0.36472910642856504,0.11424186012153015,0.2774118164190203,0.12438469584356399,0.24535728744735824,-2.040487936655344e-05
chr19:23395560:23395561:NM_003430:ZNF91,-0.001271530595119339,0.8526258215590099,-0.0012053803645886048,-0.001271530595119339,-0.001271530595119339,0.033129894622381514,-0.0012689370228114484,-0.001271530595119339,-0.001271530595119339,0.036314740163411297,-0.001271530595119339,0.028508986825403287,-0.001271530595119339,-0.001246900576113482,-0.001271530595119339,-0.001271530595119339,-0.001271530595119339,0.862166891380248,0.7750283927677004,-0.0012053803645886048,-0.001265163345035323,-0.001271530595119339,0.013207924792737486,-0.001271530595119339,0.7750283927677004,-0.0012300112385855051,-0.001271530595119339,0.01346168769664869,-0.001271530595119339,-0.001271530595119339,-0.0012633445370562497,-0.001271530595119339,0.0228695822945293,-0.001271530595119339,0.011650222507807298,0.7750283927677004,-0.001271530595119339,0.7750283927677004,0.7711952704372572,0.014819268211560665,-0.001271530595119339,0.8850873760534007,0.006198044537590666,-0.001271530595119339,0.8526733013721134,0.008013635527160529,-0.001271530595119339,-0.001271530595119339,-0.001271530595119339,-0.001271530595119339,0.03144782880973738,0.8308667193256284,-0.001271530595119339,-0.001271530595119339,0.02058941386122357,-0.001271530595119339,-0.001271530595119339,0.022796077546885594,-0.001271530595119339,-0.001271530595119339,-0.00013935285091211738,-0.001271530595119339,-0.001271530595119339,0.8531901351935239,0.7750283927677004,0.7750283927677004,-0.001271530595119339,-0.001271530595119339,-0.001271530595119339,-0.001271530595119339,-0.001271530595119339,-0.001271530595119339,0.7750283927677004,-0.001271530595119339,0.8308667193256284,0.7750283927677004,-0.001271530595119339,-0.001271530595119339,0.7750283927677004,0.7750283927677004,-0.001271530595119339,-0.001271530595119339,-0.0012533204797454296,-0.001271530595119339,0.7750283927677004,0.00024193197421282925,0.14093422962610172,0.9773930000030471,-0.001271530595119339,0.004156582729958457,-0.001271530595119339,0.7750283927677004,0.8314874731526622,-0.001271530595119339,-0.0012026536475214164,0.022796077546885594,0.016160456480703897,-0.001271530595119339,-0.0012696768752192313,0.004156582729958457,-0.001271530595119339,-0.001271530595119339,-0.0011773532364598716,0.7750283927677004,0.8567952947662277,0.7751959683867811,-0.001271530595119339,-0.001271530595119339,0.004156582729958457,-0.001271530595119339,0.7750283927677004,0.007851635555489473,0.7750283927677004,0.7784701901281942,0.8218616794600739,-0.001271530595119339,0.8308667193256284,0.7750283927677004,0.7750283927677004,0.08778308285178635,0.7750283927677004,0.024345229388897466,0.025997529515372597,0.14093422962610172,-0.001271530595119339,-0.0011913877388423748,-0.001271530595119339,-0.001271530595119339,0.020117431813448033,-0.001271530595119339,0.010225839973905457,0.7750283927677004,0.020663069301463402,8.280678375694947e-05,0.7750283927677004,0.8308667193256284,0.8308667193256284,0.8508055135075637,0.7750283927677004,-0.001271530595119339,-0.001271530595119339,0.8308667193256284,0.7560616901417563,0.059872812587289534,0.7755070530364945,-0.001271530595119339,-0.001271530595119339,0.7750283927677004,-0.001271530595119339,-0.001271530595119339,0.7750283927677004,-0.001271530595119339,-0.001271530595119339,0.05378279173732389,0.00041490752205894377,-0.001271530595119339,0.04449282498278375,-0.001271530595119339,0.8309046974999722,-0.001271530595119339,0.14093422962610172,-0.001271530595119339,-0.001271530595119339,-0.001271530595119339,-0.001271530595119339,0.0007125593965825565,0.9654396011887345,0.8850873760534007,0.8308667193256284,-0.001271530595119339,0.7750283927677004,0.007854252055324681,0.04356049398371764,-0.001271530595119339,0.8469552241118631,-0.001271530595119339,0.03333863353795992,0.7750283927677004,-0.001271530595119339,0.7750646730480437,0.8273335445520044,0.7750283927677004,-0.001271530595119339,0.7750283927677004,-0.001271530595119339,-0.001271530595119339,0.8308667193256284,0.7559491095096643,0.03682992451385758,-0.001271530595119339,-0.0012689370228114484,-0.001271530595119339,-0.001271530595119339,-0.001271530595119339,8.280678375694947e-05,0.7750283927677004,0.8273335445520044,-0.001271530595119339,-0.001271530595119339,0.7751637145945635,0.7750283927677004,-0.001271530595119339,0.02010633721071818,0.7751290935424406,0.012283822469939549,-0.001271530595119339,0.7591488978317931,0.02064516796639799,-0.0012696768752192313,0.004166625205868923,0.008013635527160529,-0.001271530595119339,0.005493357791103489,0.7750283927677004,-0.001271530595119339,-0.001271530595119339,0.007854252055324681,-0.001271530595119339,-0.001271530595119339,-0.001271530595119339,0.037629296899719944,0.7750283927677004,-0.001271530595119339,0.8850873760534007,0.7751959683867811,0.8308667193256284,0.7750283927677004,0.0009028256021670483,-0.001271530595119339,0.051979317652314644,-0.001271530595119339,0.7750283927677004,-0.001271530595119339,-0.0012720500798106965,0.029519838660947866,-0.001271530595119339,0.8388123337090686,-0.001271530595119339,-0.001271530595119339,0.02293477834164491,0.7750646730480437,0.8170303068336792,0.7747170104496879,0.7750283927677004,-0.001271530595119339,0.7750283927677004,0.8887310268344244,-0.001271530595119339,0.7750283927677004,0.7750283927677004,0.03794112085610768,0.1675133539612015,0.7750283927677004,-0.0011387907216417227,0.7750283927677004,0.027473551367839473,0.7750283927677004,0.7750283927677004,0.8251904160865251,-0.001271530595119339,-0.001271530595119339,-0.001271530595119339,0.7750283927677004,-0.001271530595119339,-0.001271530595119339,0.8273335445520044,0.8259299629866869,0.8218593092275458,0.7759041438959245,0.1675133539612015,0.0063271734347670056,-0.001271530595119339,-0.001271530595119339,0.8309046974999722,0.031452621948749745,-0.0012692214892816682,-0.001271530595119339,0.14251759324383464,-0.0011037867950894655,-0.001271530595119339,0.010083394444584361,-0.001271530595119339,0.7750283927677004,0.02010633721071818,0.01005977729561686,-0.001271530595119339,0.7750283927677004,-0.001271530595119339,-0.001271530595119339,-0.001271530595119339,-0.001271530595119339,-0.001271530595119339,0.8308667193256284,-0.001271530595119339,-0.001271530595119339,0.004156582729958457,-0.001271530595119339,0.7750283927677004,-0.001271530595119339,-0.001271530595119339
chr19:32405748:32405749:NM_001172774:DPY19L3,0.43543619500378367,0.20229665126095372,0.1553486576917912,0.31530619032667045,0.010160486645248462,0.1941073283430095,0.006181423798502145,0.11283082434447306,0.07468984673417028,0.11380344483164406,0.11731922025094002,-0.0019717638617739175,0.32857911117557453,0.17995218859862608,0.31484094707354787,0.10699696094322853,0.31704015230080496,0.21541225865649122,0.07312065298811035,0.010511665320494856,0.033911345371956586,0.11333249640128235,0.01047509679848585,0.1156335812617546,0.8150527290963152,0.010160486645248462,0.31530619032667045,0.010170181830138875,0.010160486645248462,0.15522888665622683,0.1360104346247688,0.6607039983273951,0.4906323216375655,0.07463627556848795,0.2573204176938801,0.48990145238804567,0.010160486645248462,0.8096195154410628,-0.006913500765314273,0.05120283486141486,0.810847636084963,0.31532080659230866,0.011201456010402483,0.11285577948521647,0.3335923215041433,0.18486888402130613,0.012094203957357136,0.15522888665622683,0.21892810265467502,0.010206547902157331,-0.005330228305054585,0.31530619032667045,0.4398903622340885,0.012094203957357136,0.810847636084963,-0.007181838909210647,0.12825118428947235,0.810847636084963,0.133036005656441,0.31532080659230866,-0.005364429987931296,0.11081127323167575,-0.0020508748931646614,-0.004602218712191908,0.4351805610264912,0.31530619032667045,-0.0020772273553054943,0.012094203957357136,-0.0020508748931646614,0.017150580300532348,-0.0029877891843603233,0.010160486645248462,0.31530619032667045,0.17305588351148854,0.43481700555642233,0.22633727265086473,0.133036005656441,0.010296021980729708,0.31535641647182455,0.810847636084963,0.31530619032667045,0.07258167326609893,0.31530619032667045,0.31532710421783927,0.1676173643878292,0.31575220275425525,0.31552624392749773,0.03563791021835466,0.010160486645248462,0.3170900165431053,0.1554043625768825,-0.002068673110943886,0.31484094707354787,0.1726605527218002,0.31530619032667045,0.31530762030640447,0.3193092156726039,0.602535910017905,0.010160486645248462,0.1866816430063466,0.012094203957357136,0.017150580300532348,0.019290867789425264,0.3934279315075671,0.4220793326680324,0.32682986964135463,0.3192989308843308,0.602535910017905,0.3170900165431053,0.010160486645248462,0.31704015230080496,-0.007543989620719893,0.31730339983755507,0.810847636084963,0.3153041120363208,0.01242617290057263,0.6017518085898669,0.31530619032667045,0.4306852221280322,0.020329017873120497,0.31530619032667045,0.31530619032667045,0.2595781844686066,0.31552624392749773,0.017150580300532348,0.330503835308579,-0.0018069541599375072,0.31530619032667045,0.011330017591420521,0.010160486645248462,0.23926024015005434,0.31530619032667045,0.02099931774403721,-0.0020790374687529034,0.8108646035808671,0.17309289577605996,0.17309289577605996,0.32796363296014414,0.3069144312128268,0.31484094707354787,0.6308917533274264,0.49098658244734483,0.8121606648697939,0.014778167422811989,-0.00713665492925708,-0.002056230462440134,0.010160486645248462,0.11284009490179589,-0.006884448966636231,0.4165653715710347,0.31530619032667045,0.31484094707354787,0.010160486645248462,0.010244861075169809,0.31537874060455945,0.019328410988514982,0.31531831170181784,-0.002075435335380932,0.31530619032667045,0.31484094707354787,0.31552624392749773,0.012247212608729768,0.012094203957357136,0.8055500528663954,0.010160486645248462,0.3155505506519473,0.31531193785167,0.6017518085898669,0.31530619032667045,0.8063827458242636,0.010628075758691485,0.012105582390019465,0.014931279576045259,0.31530619032667045,0.06032757358075855,0.8055500528663954,0.014885856120976204,0.8096195154410628,0.41563180081391976,0.31552712305002484,0.31484094707354787,0.31530619032667045,0.4175031193574082,0.15539491913775555,0.31484094707354787,0.012094203957357136,0.31484094707354787,0.3264951897014903,0.48881534687451944,0.010160486645248462,0.03534353000905174,0.31530619032667045,0.1726605527218002,0.010160486645248462,0.0002614180185470383,-0.006767951610751832,0.31530619032667045,0.31530619032667045,-0.005326944015586393,0.43774622433627863,0.18234391660497884,0.012094203957357136,-0.0019076867133899778,0.13476789971494685,0.014290182243615501,0.31530619032667045,0.31818880334726984,0.003573805638245081,0.1726605527218002,0.010777747983268332,0.18736325080172284,0.010341527670169715,0.010158353865399816,0.7922287419646146,0.012094203957357136,0.3234680356634353,0.04249093826583561,-0.002075435335380932,0.6069178955948522,0.19335311142498962,0.9276438491521541,0.112988280499005,0.01047509679848585,0.31723553216223443,0.33201076794001294,0.31530619032667045,-0.0020772273553054943,0.0141540823823198,-0.0020772273553054943,0.3319770309841878,0.31552624392749773,0.31772419704400995,0.31530619032667045,0.31484094707354787,0.13777515884406416,0.010160486645248462,0.3154640568138689,0.11095787767571655,0.013887148321462373,0.810847636084963,0.31530619032667045,0.5182807616645888,0.31530619032667045,-0.006746457135169082,0.31484094707354787,0.4306852221280322,0.31100884866634476,0.010160486645248462,0.31530619032667045,0.5429279019972645,0.013916049651440221,0.8062461785651076,-0.0020772273553054943,0.810847636084963,0.30709818056725036,0.11953899868552548,0.010261831707009422,0.31530619032667045,0.9056564413834582,0.027276844931932526,0.027276844931932526,-0.00207187198637504,0.3289545362559916,0.011611222692544582,0.010160486645248462,-0.0008975329932331688,0.31530619032667045,0.3153081723646739,0.438185245186094,0.31676222677319094,0.18932742438049127,0.43481700555642233,0.0045493740029401986,0.31530619032667045,0.012448596511475202,-0.004086318926693422,0.010160486645248462,0.00285667427848324,0.12934717259887635,0.019762183767030733,0.18074661244587598,0.4352240809175732,0.904479064389226,0.31484094707354787,0.014290182243615501,0.010160486645248462,0.1866412917670895,-0.007181838909210647,0.010160486645248462,0.004849687273839498,0.31227829851707556,0.010160486645248462,0.810847636084963,0.012094203957357136,0.007833927276935965,0.8102230943004498,-0.00207187198637504,0.31530619032667045,0.35454406499843144,-0.0020772273553054943
chr19:35902479:35902480:NM_001007469:HCST,0.5470995844813763,0.2250550946157063,-0.031486064703036776,0.6178949308097501,0.0006085483716905815,0.29611445405619763,-0.027257682907505326,0.3747120153339545,0.0013672907144750002,0.05076047825024593,0.0006085483716905815,0.3929422729877724,-0.027037119094232565,-0.026927485570903603,0.2707032147920842,0.0006085483716905815,0.6334855645495144,0.6696792729015643,0.0006085483716905815,0.0006085483716905815,0.012774778407606824,0.5838074757362162,0.0006085483716905815,0.23308993657030436,0.0006132471038880483,0.0006085483716905815,0.012539181826917045,0.2951055246614082,0.0006085483716905815,0.3084846618237904,0.10667464602789592,0.9050945661054028,-0.031098609483897977,0.0013672907144750002,0.2748388649092518,0.2040980300647935,0.0006085483716905815,0.03724456586982541,0.0006085483716905815,-0.002803259256162982,0.5830379162671158,0.774412884921927,-0.031098609483897977,0.2951055246614082,0.04917155041701138,0.22883393792373413,0.0006085483716905815,0.2951055246614082,0.2732771035151406,0.0006132471038880483,0.008487597688859871,0.0006085483716905815,-0.031486064703036776,0.0006085483716905815,0.7448088311721535,0.0011735864348914882,0.8073505527904764,0.01285817544849216,-0.003918959399273586,0.38310592271132343,0.008491390404302801,0.0005960205219753267,0.0007377820359273923,-0.16336968493769338,0.5472308924401948,-0.031486064703036776,0.0006085483716905815,0.0013672907144750002,0.0007292113610786743,0.0005944725529837824,0.09665194343062264,-0.031486064703036776,0.020490486732086033,0.009523977324703503,-0.008736353339067832,0.2879940542179326,-0.003918959399273586,0.016055274214574755,0.5927611535728845,0.0006132471038880483,0.28118618688581987,0.0006085483716905815,-0.008129544468249067,0.7681723029819233,0.0006244133789923278,0.6897691129378263,0.0006132471038880483,0.07343306694611398,0.0006085483716905815,0.19984122849309877,-0.02695565154920737,0.0006085483716905815,0.0006252634144378877,-0.031486064703036776,0.0006046788395188685,0.2006038127013003,0.0008610504000630959,0.2928241310181509,0.0006085483716905815,0.0006939098386562759,0.0006085483716905815,0.0006085483716905815,0.0006117908197759703,0.0011725985585954168,0.3561818611654023,0.03745893945598297,-0.03148481669630945,0.7399181663224623,0.19984122849309877,0.0006085483716905815,0.2244343708815448,0.012775695854751412,0.5830379162671158,0.0006132471038880483,0.27679747233131313,0.0006085483716905815,0.5629336958942948,0.2779923255130683,-0.016348201155205327,0.43889739701204594,0.0006085483716905815,0.5965195253143089,0.030660832824324163,0.02030336698781185,0.0005944725529837824,0.14032989551593733,0.0006085483716905815,0.0041312315556939205,0.0006085483716905815,0.0006085483716905815,-0.012063082717595042,0.3528533605474382,0.0006085483716905815,0.000511114895699577,0.7703956036172004,0.617365169426529,0.617365169426529,-0.031486064703036776,0.011385287679119949,0.09752004397552391,-0.0037375360479724173,0.19185245194514994,0.30097814920185756,-0.033788382120835875,0.0038866826207643868,0.0006085483716905815,0.0006085483716905815,0.23437293422794744,0.0006085483716905815,0.34645155760733076,0.013779553549668283,0.6577859169285285,-0.02681183248739008,0.2947988119839504,0.18475515768776857,0.0006117908197759703,0.3355125716867205,-0.02972721460110289,0.23617780514030265,0.0006132471038880483,0.01219610517992517,0.0006085483716905815,0.0006085483716905815,0.40568651317623244,0.0006085483716905815,0.032891352909213634,0.2142471277624252,0.562601771013404,0.7434074370341864,0.23308993657030436,0.31234845032242853,0.3758402528421525,-0.0010166432688747395,0.0006201932228219464,0.07108034546160072,0.6306511829643223,-0.027566270594442194,0.06901384467538887,0.33425695004718653,0.19054593633392894,0.19175457335511897,0.7737748821066313,0.4277288993947051,-0.03109742220577494,0.5838583360809038,0.0006085483716905815,0.012155765582507055,0.2646003940075806,0.2650536376486326,0.0006085483716905815,0.012574072619179033,0.003548441672453412,0.006007498624066437,0.0006085483716905815,0.6078194317630699,0.021651008974234165,0.5830379162671158,0.10585663237582557,-0.02445109319412503,0.44149368972894737,0.2857208611025518,0.0006085483716905815,0.0025354851674774526,0.22106017525598393,0.0006095540178310266,0.2754357385683029,-0.03137498272984257,0.0006085483716905815,0.02355584660315216,0.29846169554880275,-0.009442025970458096,0.008625048411732589,-0.0316069252001599,0.31214967802400784,0.0006085483716905815,0.0006193193420845067,-0.020389934890310657,-0.02972721460110289,0.3035939946462451,0.33596388954185435,-0.16334479122656198,-0.031098609483897977,0.27569502358319686,0.5830379162671158,0.30919391906252114,0.0006085483716905815,-0.03148481669630945,0.0009304459297041212,0.008490869434611803,0.3013208611525813,0.0006085483716905815,0.2360141177241991,0.0006132471038880483,0.0010764850717806806,-0.03150323927629947,-0.027257682907505326,0.3349085201519221,-0.031486064703036776,0.0006085483716905815,0.013093927276411316,0.7486384699153874,0.8002964880095851,0.26702308150908055,0.021651008974234165,0.023776341625618203,-0.024317481799839946,0.6255502566104145,0.0006085483716905815,0.24107427299212514,0.4570945687682986,-0.1632886660422035,0.2246785230060382,0.0006076745295059971,0.27431449730817786,0.5460506895360441,0.2899321664181007,-0.031486064703036776,0.5962581119699375,0.6804788616036154,0.017421679465330908,0.017421679465330908,0.0012527423332095444,-0.02623596696123312,0.021589031862610908,0.0006085483716905815,0.06594474146039636,-0.03128410066256396,0.7590710165026439,0.4450915503766251,0.2451787747325837,-0.031528528816871904,-0.031098609483897977,0.22459641482803916,0.7783889726475108,0.31235673072961856,-0.0010166432688747395,0.0006085483716905815,0.17548814545096322,0.33487548069860296,0.0006085483716905815,-0.00935196570334454,0.19221245289843453,0.2935126448971287,-0.027257682907505326,0.0006095540178310266,0.0006085483716905815,-0.031486064703036776,0.0006085483716905815,0.2330710349538257,0.23868635126615098,0.07432370310518804,0.0006085483716905815,0.19199214122774338,-0.03109742220577494,0.09015954451882593,-0.031425430962742,0.0005999806471862767,0.6116510774742869,0.33581904227627557,0.0006085483716905815
chr19:35937119:35937120:NM_024509:LRFN3,0.4869508819122401,0.10777936859713876,0.31838627328346847,0.4754691178855535,0.004697734081191934,0.11091441500693226,0.31976859761797594,0.04353453264100436,0.08719527460895087,0.09023133579762806,0.004697734081191934,0.4940012399012762,0.3576231222285172,0.4305650828614205,0.2955968572040603,0.004697734081191934,0.4759879444687489,0.5384895668198466,0.004697734081191934,0.004697734081191934,0.005786026777125346,0.03414977071189579,0.004697734081191934,0.020626278496506934,0.006612462639056627,0.004697734081191934,0.2846166129034211,0.020382713016980424,0.004697734081191934,0.08109799529532373,0.013833969241689947,0.8412580439518951,0.42902089020198597,0.08719527460895087,0.3497519027789271,0.45460638921541,0.004697734081191934,0.32579909920775985,0.004698662791959747,0.005019551261892928,0.3612353186968562,0.6614237050024533,0.42902089020198597,0.020371755295956525,0.3408511253311629,0.46186410392152505,0.004697734081191934,0.020371755295956525,0.17333605900727136,0.006297612167351786,0.0056222836557810255,0.004697734081191934,0.31838627328346847,0.004697734081191934,0.4184147232916627,0.0853556890749466,0.8039773206083052,0.27458767411925017,0.3304073714745206,0.6255773773796629,0.007223020311953571,0.004697734081191934,0.019889165286366275,0.31016267146050935,0.48739339700740336,0.31838627328346847,0.004697734081191934,0.08719527460895087,0.02003864880275432,0.004950073248619232,0.049045045142021224,0.31838627328346847,0.2856612998380179,0.012489524669483918,0.32140165235235785,0.35274012514414244,0.3304073714745206,0.013424588746676652,0.478358143147409,0.006301439575557854,0.31013281542192994,0.004697734081191934,0.5683540996250602,0.3918877303031592,0.004698662791959747,0.33653294550042234,0.006297612167351786,0.16741719875967012,0.004697734081191934,0.3506497699859268,0.43057759273867113,0.004697734081191934,0.0052938183919619235,0.31838627328346847,0.0064193665319503095,0.6202113397010691,0.029127685891319033,0.7786386396915841,0.004697734081191934,0.004701349355525845,0.004697734081191934,0.004697734081191934,0.005000264946452657,0.08786783930234869,0.41119389225419484,0.3387328199374462,0.3199772943529848,0.8206169404410748,0.351105775526807,0.004697734081191934,0.018064947101397673,0.005786026777125346,0.361073117231415,0.006297612167351786,0.03540387133326099,0.004697734081191934,0.49083634193455994,0.606224427471087,0.45365501188267643,0.034601598458317645,0.004697734081191934,0.39522337881898206,0.4449170250850639,0.2741702516141986,0.004950073248619232,0.38650653152405123,0.004697734081191934,0.284338906624997,0.004697734081191934,0.004697734081191934,0.33570294959689795,0.621210556412618,0.004697734081191934,0.004974105393785424,0.6579166433236991,0.07485699284196104,0.07485699284196104,0.31838627328346847,0.031110446253255767,0.02386199813934644,0.34920265851658494,0.3666784710577301,0.030831403465522815,0.32112764059606835,0.313803671008583,0.004697734081191934,0.004697734081191934,0.4826108537621435,0.004697734081191934,0.08149216647856566,0.2772611657575401,0.6590954160579084,0.46262329170534555,0.022189942305966496,0.020509580367004857,0.004981981546215718,0.48849013005387876,0.3306555482935555,0.3551005297545847,0.006297612167351786,0.2732738509098697,0.0047976916407931995,0.004697734081191934,0.6254358738528687,0.004697734081191934,0.27202708469935444,0.6050455273886677,0.4908189723478817,0.6553897500929327,0.02104227327898709,0.10496014296710766,0.3975459290485712,0.008546034875953557,0.006773146988952823,0.06433178269254278,0.6569282865829589,0.3227130536320346,0.010232784573304364,0.3711641089977199,0.6085315059123613,0.34162246240926697,0.6555434652952401,0.7712168913495273,0.43067323980904754,0.4757503723859915,0.004697734081191934,0.09565475479207158,0.01926916276365042,0.03513280016295493,0.004697734081191934,0.005780639276019427,0.2705135451002132,0.323572828629225,0.004697734081191934,0.35835609164981475,0.005135823278600373,0.36123874504780024,0.018866898904530378,0.47652985904939005,0.7944196535481727,0.35157729702042667,0.004697734081191934,0.027511061499241686,0.34954697749145447,0.004781731441692045,0.021023906948783165,0.34313670689717646,0.004698080531217164,0.028035840664682135,0.0266740503017196,0.32115094235826386,0.020827350335655165,0.3140281147131921,0.1714474014752997,0.004697734081191934,0.0068742188659012965,0.4311375810014938,0.3306555482935555,0.6832026562011848,0.49254278590944256,0.4197726019795589,0.42950274318437176,0.4668550656066337,0.361073117231415,0.02999069275868875,0.004697734081191934,0.3205792242275891,0.004863985297734047,0.0059067961039391825,0.14837884643485064,0.004697734081191934,0.3412404579224572,0.006297612167351786,0.03989733477950917,0.31838627328346847,0.31976859761797594,0.404647160442165,0.31838627328346847,0.004697734081191934,0.2852669024461062,0.39397129297116584,0.7778249148565477,0.6056171343608516,0.005134894303844128,0.365553742040969,0.45157310270183293,0.6723650592887566,0.004697734081191934,0.6041597307908331,0.8122251398923487,0.3096830764123597,0.02011556079970295,0.004697734081191934,0.049391142200579635,0.37178797104587524,0.14477185859069736,0.31838627328346847,0.6365251855711141,0.4859375507117437,0.007840933175703453,0.007840933175703453,0.006460287579525905,0.4896281147339191,0.0067311349163445555,0.004697734081191934,0.3332954097060896,0.3183975206701227,0.39389422102805505,0.768041183501164,0.02098423519221888,0.314033817664222,0.42902089020198597,0.6102566302901449,0.4978065947670235,0.10497199566633277,0.008546034875953557,0.004697734081191934,0.47959199688754467,0.49422274757783896,0.004697734081191934,0.33704210200044765,0.45377618596640684,0.1677017961865614,0.3202139806906855,0.004781731441692045,0.004697734081191934,0.31838627328346847,0.004697734081191934,0.019144147919015784,0.020636720930467128,0.3797753912607782,0.004697734081191934,0.3413057150077575,0.4311555785037583,0.542493778874373,0.3186166790249574,0.004819369121125818,0.6371668732663751,0.356190582645467,0.004697734081191934
chr19:36139925:36139926:NM_001003962:CAPNS1,0.6012582232856221,0.16327573492059072,0.2543730611780589,0.38711179077508284,0.16719180356254157,0.16263315223207175,0.3227629757198622,0.07284236842289588,0.07281342605329516,0.31726002465136594,0.32212185416921146,0.3014303497397422,0.3777212358268493,0.564058821166,0.028464054039340103,-0.004023350352437449,0.40804504405148034,0.45699167662084367,0.27891191257724285,0.3248994978319186,0.24489753775943549,0.2703156557356709,0.009810879637049408,0.3615502970835028,0.26559480235178906,0.3248994978319186,0.32087428364801107,0.15161892266270682,0.31675747856283826,0.370653943303292,0.07299607098722805,0.6678993043586564,0.2547658283855147,0.08057097259251994,0.3760929778605032,0.35766591681421844,0.31675747856283826,0.26599752082538825,0.00013314176912515574,0.003792531739096938,0.7283175635928395,0.8619665185707337,0.42200700908564687,0.10989890025141064,0.5733137505453134,0.36175800635628574,0.316537113546254,0.3659717794853229,0.01685180160667976,0.18548861624960844,0.06317170518845017,0.23980370353921504,0.32212185416921146,0.31675747856283826,0.41993234299055504,0.31675747856283826,0.7280277781960183,0.1436864520813911,0.15848188865085344,0.2570323165690581,0.06291862837239093,-0.003853403498067176,0.08472312833547291,0.28600733730453226,0.6956228331823804,0.0974461799416575,-0.004028637064265983,-0.003998150224926611,0.3423743732837574,-0.003853403498067176,0.09808203800617593,0.5750398015197283,0.34991444265946997,0.19801065550934466,0.1672322855633709,0.3233893024228314,0.15848188865085344,0.0976461534275978,0.3054326715524048,0.26599752082538825,0.03364606720212254,-0.003853403498067176,0.1836732788464604,0.32384224849255877,0.00016194706484978783,0.4746771289848568,0.23957168594905015,0.6893479271353884,-0.003853403498067176,1.1443401151276666,0.32298358395307525,-0.0038569848341861723,0.1646529970099209,-0.004028637064265983,0.08084684123755248,0.2934919838821628,0.07121153162832727,0.33014804084381566,0.2757924784434804,0.0037485341652231385,0.31675747856283826,0.007252553607201839,0.26237388010670853,0.07258572350621911,0.47252393338572507,0.622159030419909,0.33910332578645896,0.7336371665073743,0.41892578950364845,0.4074722959349898,0.2735817947986878,-0.0033761349074821756,0.37817391958218843,0.1072892845331953,0.2827595091643089,0.2069148955897755,0.317110221329981,0.39148962424396794,0.1352563771554846,0.0726847094427695,0.3515232651132866,0.3380659194708383,0.2523417962881547,0.3515232651132866,-0.003587511623805162,0.3891556221755342,0.1852840452205478,-0.003973622079131434,0.06259343930019806,0.06236994292868925,0.40768354098908677,0.4194466655471896,0.06240978423617893,0.1852840452205478,0.36816238431241766,0.37772955125524726,0.37772955125524726,-0.003900899252160195,0.02343692694708499,0.16719180356254157,0.4358242181254746,0.3816090938396058,0.28275848763797506,0.23981422669798633,0.00046980137134078337,-0.003853403498067176,0.5441352866029014,0.9121002911266256,0.003092679816702082,0.1735268017920876,0.3517315244513647,0.41965814325049877,0.25626724488138214,0.2092477230648332,0.07357366024966766,0.26215773957959193,0.2823904721047068,0.0726847094427695,0.3232059295656126,0.3513613372611117,0.37772955125524726,0.20203030616702367,0.31675747856283826,0.728065799242742,0.316537113546254,0.029594417193817335,0.2964964895696366,0.6124474332348044,0.4199298760278935,0.07401940492525005,0.09778280522296684,0.09749489474621698,0.09788420590990593,0.10816246580584332,0.1989270419742293,0.4199298760278935,-0.0037651873816762493,0.23957168594905015,0.06238400578455838,0.2843793297340475,0.2826025015265569,0.4199776928457861,0.5855342847426714,0.2680039042329664,0.10747823332712392,0.5440580826583845,0.0877900057070587,0.2826025015265569,0.14195609970700232,0.31675747856283826,0.07780560712495155,-0.003853403498067176,-0.003900899252160195,0.31675747856283826,0.3777312206134825,0.3691573884103172,0.4199298760278935,0.06236994292868925,0.35339265172034484,0.7238119723144533,0.35420249123550523,0.31675747856283826,0.36049782344118464,0.21587168249379177,0.1557933821594053,0.09761902143957474,0.3515232651132866,0.06241216349892287,0.17903985583319618,0.4669270544830272,0.1724741647590568,0.18012491406928843,0.2612245038494779,0.413085930687282,0.31675747856283826,0.2802037606837124,0.0007085356484929917,0.0726847094427695,0.3308537322736893,0.3490187625193428,0.19818265664701104,0.6258983811200436,0.6019529107049885,0.3777530450275122,0.3891748629074715,0.2658396633381964,0.28128497486325327,0.08292741654673319,0.300326317539683,0.7853025606289311,-0.004028637064265983,0.39148962424396794,0.033663919828582745,0.13169880632900421,0.011786082764764227,0.0029166722188309624,0.319100059656591,0.28128497486325327,0.007079500489565904,0.33756905178697194,0.5376277481457997,0.7276677816337518,0.4199298760278935,0.0702032171484433,0.2881877060727379,0.11290671364793259,0.48338990949210225,0.2395832798506508,0.37817391958218843,0.3617428515548833,0.0067623313870604496,0.017810885448870606,-0.004020137327766238,0.2798452319666276,0.39573915044455654,0.7606203073018712,0.43406684731815026,0.7283175635928395,0.5827568211589367,0.28401777666404077,0.28401777666404077,0.08490527660072389,0.765066078751379,0.09773383537034219,0.316537113546254,0.2647517395145883,0.31526871017879615,0.7579802916352063,1.3759690864567662,0.07401940492525005,0.21187500611577853,0.6534464637786663,0.33299220206641855,0.34769117482764333,0.9241218618875775,-0.0037587796850466204,0.3674220647721416,0.2194745212402494,0.29877442532380594,-0.003894189219058375,0.3620682702120868,0.6378857020383977,0.413085930687282,-0.003727759842785172,0.15746319616018728,0.1852901840963037,0.31675747856283826,0.31675747856283826,0.11185765328968802,0.09773383537034219,0.6113836318460267,7.340994621768404e-05,0.7588041298600532,0.15660679485001122,0.35131946190701685,0.0037564041143136606,0.08444186362061379,0.7283175635928395,0.391724768956719,0.007073264032645632
chr19:42325608:42325609:NM_001410:MEGF8,0.8952586612287712,0.8350019576881171,0.008984993955789305,1.0141388927845822,0.019117813636195857,0.831768503018534,-0.0010845292698170583,-0.0013135666002568047,0.051269331700501325,0.04356142156484061,0.007540525677007387,1.0563553008901838,0.8357351869832256,0.8357003384424649,0.9422110628831117,-0.0013135666002568047,0.10651980767444233,0.8490962486211684,0.003863247413610965,0.048555024243398776,0.009540262545111505,0.8114763569134349,-0.0013135666002568047,0.018302078265049704,0.8711174838217514,0.048555024243398776,0.09813171532431303,-0.0013135666002568047,0.048555024243398776,-0.001286140143195974,0.01524871671387315,1.5274660651922738,0.009317348720449176,0.0035387386662733555,0.8254612925269427,0.8841005519286327,-0.0013135666002568047,0.24595892950938156,0.016592646345128914,0.01638457867843504,0.9108662652403567,1.0994225602206031,0.8364863204682015,-0.0004163746638564114,0.8843909457542523,0.1895633529981627,-0.0013135666002568047,0.00654951308968349,0.018179284866159967,0.9080153097171242,0.041384820570735864,0.0378337696239332,0.06660646932728809,-0.0013135666002568047,1.6093416828193658,-0.0013135666002568047,1.1218968141478753,0.038458745471415645,0.9254706957592049,1.0569738676477156,0.039858763119403284,-0.0008692997422355686,0.052667471018846224,0.8288007955015255,0.9272721216004933,0.05472644258837217,-0.0013135666002568047,0.0017642243226320686,0.05246445276042916,-0.0013135666002568047,0.018573296792439353,0.009133861177691771,0.12429127203256607,0.9113868279390529,0.9125083318384724,0.001055537179718069,0.9254706957592049,0.006350344208561454,0.014348766504201388,0.8124667935104064,0.08453634187975154,-0.0013135666002568047,1.030410201855933,1.0493063258849415,0.0028422114394612563,1.0382283225731248,0.2001180541878957,0.06879238304922167,-0.0013135666002568047,0.07560950439948441,0.0039428386433329465,0.0030889216997253,-0.00013179038434474322,-0.00025708144995317816,0.05963748684597803,0.06548876764485526,0.021528190806004627,1.04086366158857,0.8340557011489842,0.023656468721383217,0.0039428386433329465,0.8238375477694979,0.015444827342790596,0.10799107303977545,1.0462013257945064,0.9072975724837042,0.09790862640362241,1.037103186004666,0.07560139112421219,-0.0013135666002568047,0.03802620753324018,-0.0010120936784135948,0.9054141267724284,0.04306521591412382,0.19039078455775016,0.018742847682802766,0.914325124410589,0.8850574444048536,0.8258065612154121,0.047733421524888076,-0.0007756237050217107,0.1627145557442902,0.023215143435982438,0.24319460959648678,0.0055173451669515705,0.9258475140237411,-0.0008569759077589889,0.11628544392173687,0.009388083839392825,0.0037344973482554555,0.19647693834860858,0.8729665201944349,0.012275348873882458,0.03778813304447212,1.0828619541754312,0.25575474032394385,0.25575474032394385,0.03778813304447212,0.1467697921915172,0.052503316132736344,1.0279206278374329,0.9070793635076199,0.9018171577042828,-0.0013059543234271165,0.017158367711419403,-0.0013135666002568047,-0.0013135666002568047,1.0632943704890003,-0.0013135666002568047,0.048875851547574206,0.8708357277929633,0.12072569101653632,0.9481058335746593,-0.0012283091775601718,0.02126108978878327,0.010321060909437074,0.8718071344457327,0.03778813304447212,0.10672069258868888,0.09426673071825448,0.24357538408753365,0.004612419938514328,-0.0013135666002568047,0.8996666939220046,-0.0013135666002568047,1.031933929291688,1.102531263524867,1.0742570354998817,0.13331785468089047,0.8708605650879441,0.8824821778312474,0.8133915689325925,0.015031130329222542,0.03933993005062089,0.08570864366866965,0.12172791341024988,0.004171400708038342,0.18393969078906236,0.00853793428276492,1.4143937251051613,0.038236788757561285,0.8863314608721538,1.1017379068927908,0.9518980011738785,1.04869793106105,-0.0013135666002568047,0.12158142678862552,0.8835196714480915,0.1504429242781435,-0.0013135666002568047,-0.0010120936784135948,0.05327353347773592,0.005046098617338762,-0.0013135666002568047,0.04391622853047672,0.016613571113115178,0.8825613848940663,0.008477317365295,1.0539488692464671,1.1346260352756277,0.868359581282016,-0.0013135666002568047,0.8411696400098301,0.9166400197882333,0.016440781218152456,0.04005662342107699,0.03778813304447212,0.006626424191318064,0.13946171851642902,0.821286812169288,0.14238186723168422,0.053022409699367834,0.04728174861486953,0.2563028705037008,-0.0013135666002568047,0.016261666277271353,0.8705143960532655,0.03778813304447212,1.119323047332521,1.1029812706267823,0.015291310317146756,0.007446223785973066,0.8921613343978938,0.8716071633009552,0.8654738066658622,0.03778813304447212,-0.0006278525416919811,0.016527162876879248,0.8114763569134349,1.1648014032307787,-0.0013135666002568047,0.9019460668941857,-0.0013135666002568047,0.9726092589606637,0.015291310317146756,-0.0013135666002568047,0.9294322488010296,-0.0007346830732437581,0.0037344973482554555,1.5589831242639813,1.1540664250531918,1.0981823841520413,0.901144410156367,0.8352162917446213,1.0444178988687411,0.8719295083716122,1.0852726201614802,-0.0013135666002568047,0.9009200379238205,1.1007796761769482,0.00791391982092901,0.10376622659646176,-0.00044694170659470567,0.09316116233595595,0.8430245238925173,0.11487750792097037,0.8252777501069911,0.9009200379238205,1.0376162984150388,-0.0006365190538862586,-0.0006365190538862586,0.8563025913010778,0.012080516716626022,0.03805359915055628,-0.0013135666002568047,0.9428256441006782,0.004130125118322253,1.3791928140181202,1.0275444187548797,0.11936051442199375,0.8698240624247459,0.8347281637176699,0.9095966930586591,1.1391642534560642,0.06324859404548472,0.8114912615293851,-0.0010012776958701897,0.014621878924830356,1.081815926512167,0.008268467391041145,0.1978050234837077,0.05397440473137069,0.1063679854067939,0.8700120139037095,0.016440781218152456,-0.0013135666002568047,0.012988972101877855,-0.0013135666002568047,-0.0009174625367504297,0.038619702913945564,0.015481633818424961,0.0022647388086742826,0.9016786655680255,0.8312999337496922,1.2849876874894455,0.0349374489735208,0.05246445276042916,0.9101187567395848,0.11436221393070142,-0.0013135666002568047
chr19:42397147:42397148:NR_073180:LIPE-AS1,0.004850979594713076,0.07715339939576071,0.004664165138757725,0.37395093823016967,0.00439782146786627,0.14260475320353241,0.052802335593545344,0.004374696710650314,0.0762290030894471,0.2623048918829973,0.3756835985828355,0.13675569618378705,0.28528179197183606,0.3770417517503508,0.027190340037456913,0.004374696710650314,0.7553884367943761,0.08419277674507489,0.004374696710650314,0.022305219739432308,0.004394556181972112,0.00961573215064275,0.004374696710650314,0.015625152406930187,0.004598946639274307,0.022305219739432308,0.06469609124421064,0.004386094270538959,0.022305219739432308,0.00915623349152933,0.28092629776936723,0.5192433636247349,0.2675209477580744,0.07614572745449859,0.3823301158836607,0.3759176439130547,0.004664165138757725,0.5001372034419845,0.004864078797566604,0.005829636819782033,1.1672264465661906,0.45985772141166703,0.2672671856814177,0.3760324864830942,0.4259525088717612,0.01725500775831515,0.004664165138757725,0.008608799656998942,0.2673364085458356,0.009081211724731947,0.14456650994501064,0.05281015912027315,0.3757284301685782,0.004664165138757725,0.20960528482598392,0.004374696710650314,0.4616286995354598,0.18924417486338999,0.28809245479925993,0.33799482728970665,0.09331663893261878,0.004374696710650314,0.01602877192929876,0.1290133638409982,0.010343673363385222,0.06467435056007986,0.004374696710650314,0.02660086891067817,0.02000578766887419,0.008853251731551992,0.005382351492498799,0.3764877859134512,0.19059175100778752,0.03821090188399483,0.0655159586427892,0.38814024815937287,0.28809245479925993,0.015051632376544041,0.4735069238796889,0.004591356380767783,0.10711028116376753,0.008847670117609563,0.4704646506604297,1.1210676537106607,0.0046210725378259265,0.19046849826618617,0.004544755506893497,0.09319549019380627,0.004664165138757725,0.48860317157002575,0.005219634037465851,0.004419128111956411,0.06936611668638756,0.00891887657514237,0.03427491805472366,0.3931556521074885,0.03812912802827499,0.7744162972597634,0.015739591720984394,0.027744971410629635,0.004664165138757725,0.03072562237068463,0.5419528610943912,0.06499389459716519,0.1948421614985941,0.4029839590995836,0.4967352086670647,0.40175174616033327,0.47418152404191416,0.004664165138757725,0.004382284139425041,0.004377428003782699,0.4723970803785803,0.10215016548103509,0.4724080374444917,0.5251213836368088,0.3974824955241925,1.0052662817903775,0.33856758086020083,0.13552102778610628,0.08488038439850695,0.18041821448025844,0.2977627672446508,0.39588558563898446,0.4153543008688374,0.8208816969153689,0.37566568494671426,0.1892806131374887,0.26523529029756054,0.004664165138757725,0.19414478092056656,0.904370097715339,0.289574531677302,0.008322484812298692,0.44532526304877645,0.8485771978839861,0.8485771978839861,0.008377472053684165,0.004885222262075273,0.06468717704587151,0.36188456184794865,0.376652940153339,0.33800640870208143,0.016512846589576385,0.26514820523436805,0.0046067726980952295,0.004664165138757725,0.4937042674027935,0.004374696710650314,0.36024607736132347,0.06491624565411956,0.06469609124421064,0.004612063163592958,0.008317009669759734,0.026287909289218786,0.46879443099390994,0.06598304185286799,0.0044296225193110605,0.08897980513090134,0.26140215372237147,0.5001372034419845,0.9194848211141134,0.004664165138757725,0.44529648697860214,0.004374696710650314,0.19961589997502657,0.5215708455684069,0.06565692969030014,0.5442090406690169,0.08515276973854279,0.06493697972914866,0.377665642831072,0.016532891991770535,0.1945061600324992,0.13905040954542935,0.11490170767719785,0.01614326122214936,0.3958505316473082,0.38242126619483185,0.7895804998362789,0.16754082089431618,0.904370097715339,0.5073436260057412,0.02511494871999262,0.16072641537040577,0.004664165138757725,0.34288243376547994,0.06491759522589986,0.03273935988717473,0.004664165138757725,0.004374696710650314,0.004395394387848986,0.004374696710650314,0.004664165138757725,0.09377313493791274,0.012063123297835071,0.3759087252852169,0.29892422109873046,0.18713122228282075,0.4094001572705522,0.042456729872653996,0.004664165138757725,0.06490772112604731,0.28796715788148075,0.027998896837870893,0.026953552681539587,0.00830255204948542,0.027488444982529364,0.022544854179518584,0.35787954322937005,0.12063543824943757,0.09148555091752728,0.005432643972098583,0.34312996375450294,0.004664165138757725,0.10214235632807676,0.015223846255169593,0.0044296225193110605,0.9178058395346083,0.6546691672495533,0.01720557093339975,0.3853814086825361,0.009077940429225245,0.7953096405118572,0.3034953338407045,0.004382284139425041,0.44219383907836307,0.027998896837870893,0.004611222184582278,0.7322399055992739,0.004374696710650314,0.904370097715339,0.004374696710650314,0.07314735857108712,0.018236184729599147,0.004394556181972112,0.11813482862642505,0.004466869187134764,0.004422278501741386,0.19498551223024033,0.17168956541837302,0.9058845686375727,1.1009337955151957,0.009105531248673082,0.33799482728970665,0.4727849879241216,0.5981587138354509,0.004664165138757725,1.1603499384439635,0.4979758574159221,0.004446851661473947,0.37298582198774893,0.00891887657514237,0.16617693663303734,0.12899596319915518,0.11042025982065301,0.2623470474026509,1.1603499384439635,0.07324291818866407,0.011342967677119245,0.011342967677119245,0.09589361107119547,0.38143639048446054,0.004382284139425041,0.004374696710650314,0.34406244419939236,0.004374696710650314,0.6333351409535793,1.1744297499425218,0.08494490060939872,0.08367779077179682,0.009595778203564928,0.274610854625657,0.6451867863591045,0.7835991147607961,0.015214526493469216,0.261729419939953,0.22333461943862962,0.4707681848683179,0.004384795550981951,0.08254794175824927,0.5291236451412333,0.4773320880299865,0.004598946639274307,0.027998896837870893,0.008306471945817961,0.3804850854879967,0.004896314831003432,0.015625152406930187,0.2621161214169449,0.05490626165974777,0.2625514564839322,0.6227276238759968,0.38146283308834394,0.4441966597053634,0.016184901473900323,0.01602877192929876,1.1603499384439635,0.005422554249389852,0.004374696710650314
chr19:44613629:44613630:NM_001205280:IGSF23,0.1684459383951013,-0.11436471711185309,0.33359163363534533,0.19695550050518648,0.40864397045660567,0.1862270682459261,0.1981790011278507,0.1854725480081048,-0.148918695573878,0.23559498327584044,0.4075125457169943,0.03764124566937915,0.19483275225570917,0.2906893572681068,0.11461814296809753,0.16722904542830042,0.1968691805444302,0.18781643763785622,0.03007118832974026,0.1957705599582759,0.08252558524809253,0.2027669612267865,-0.129347628814585,0.1940612036487126,0.11461814296809753,0.3134266455094417,0.11461814296809753,0.2220555014186561,0.19593295435497665,0.3996647986657247,0.2321286151372316,-0.013168636593782812,0.3176696397949177,0.20963803706375067,0.20216710428035212,0.3494739691438916,-0.08390705357285277,0.11461814296809753,0.31817090231362466,0.039758191064088344,0.03686428351998622,0.17386125700368715,0.33367656218974595,0.27519143993300926,0.32834716218511645,0.006839076327897153,0.1957705599582759,0.09135317198801607,0.0049909191079234305,0.47763759978781667,-0.07314684216567863,0.11461814296809753,0.3355984881700545,0.22316767624268546,0.11459953579404791,0.16862026733743568,0.08864193394318903,0.03686428351998622,0.42362089679329046,0.1735997592252459,-0.07314684216567863,0.2739476244600377,0.04210200784094992,0.0012166432363371338,0.1489217992600405,0.11461814296809753,0.11461814296809753,0.16725305256244247,0.36561580849331815,0.23460022575194356,0.005027532726988748,0.1684459383951013,0.12060358801683507,0.3423618799859616,0.2582961137216641,0.16112620209985334,0.4418248002830492,0.005840170369991848,0.11481998870718846,0.11461814296809753,0.0012166432363371338,0.0012166432363371338,0.11464662386721783,0.14246941574686228,0.1756164799674002,0.11595919839876201,0.11461814296809753,0.4826667650340947,0.19549822807633227,0.27771780586644396,-0.08367972766508969,0.29714328552871017,0.0012166432363371338,0.0012166432363371338,0.10850306479274396,0.0012393043089645728,0.0034478540959217985,0.20538193757514572,-0.05729003491858953,0.0014225477002522413,0.20429157746601168,0.38244034646884584,0.25487517400190296,0.11461814296809753,0.16802038063558983,0.35256957856167553,0.2514602169750698,0.2887770751554519,0.003155598832434381,0.19549822807633227,0.3133279658366167,0.09464615530498618,0.11461814296809753,0.0012166432363371338,0.0012467628679863618,0.24801942606501942,0.1688043538613326,0.02914150689327033,0.03686428351998622,-0.018701664009625918,0.11461814296809753,0.03684483666064731,0.38540681002605404,0.11461814296809753,0.38244034646884584,0.31574087584225335,0.0012166432363371338,0.11461814296809753,0.2425157793848377,0.0012166432363371338,-0.0019191004278661938,0.03699290529686225,0.282514703504977,0.0012166432363371338,0.03686428351998622,0.11596032121250563,0.11596032121250563,0.0012166432363371338,0.8397413601553659,0.0012166432363371338,0.029277594044693045,0.2748152761708131,0.12878402997154287,0.0012454472602398958,0.31756003425208057,0.0019082360719587244,-0.08463438162145659,0.32606106332136536,0.002106633590249707,0.2675234750478274,0.11461814296809753,0.03686428351998622,0.19461161663992127,0.3276663732600243,0.03362930025554095,0.23770357957711202,0.11596191194521793,0.0012166432363371338,0.11461814296809753,0.0012281404945156948,0.11461814296809753,0.2666248388856382,0.1957705599582759,0.004057995698076244,0.19549822807633227,0.11461808621205194,0.11529484420623004,0.2905632324751406,0.17346824599914257,0.3897595682177869,0.16826198573967222,-0.09227744304859198,0.0013348826821483195,0.0012166432363371338,0.24948894025742965,0.03686428351998622,0.004490698521892267,0.11461814296809753,0.249230327412108,0.3952305981704852,0.0012166432363371338,0.03686428351998622,0.14197015794073872,0.16695826710135303,0.17502357978209682,0.19549822807633227,0.11464662386721783,0.0012393043089645728,0.008965747671192514,0.19549822807633227,0.1266770806138568,0.0019082360719587244,0.0012166432363371338,0.20445520557288727,0.11471448456185285,0.22178689417252107,0.03699290529686225,0.058192945013861574,0.39665077612794686,0.038070718396827685,0.22283446207510166,0.20456692677669303,0.010723663586226118,0.4047278776498721,0.018570192809809594,0.03686428351998622,0.13120417598716722,0.20935519376194828,-0.01689640586272645,0.2376997469738908,0.00960952834688178,0.16748968813909215,0.27405289996801013,0.1173195324597763,0.1957705599582759,0.0012166432363371338,0.043639507744944794,0.0012166432363371338,-0.04724098882089195,-0.04169296070303946,0.001728224272246448,0.19769734130563943,0.1684459383951013,0.26589442706321387,0.19328501475293774,0.11461814296809753,0.23321278106777144,0.022918760335429056,-0.08842722273072257,0.603122037832613,0.0012166432363371338,0.03001652083773043,0.0012166432363371338,0.05956263751429902,0.0015661391408370862,0.16695683918637436,0.0061781115399488495,0.001426219719726618,0.0013106866087945201,0.11461814296809753,0.11461814296809753,0.03686428351998622,0.11474836624590912,0.17292365689362932,0.11464662386721783,0.03686428351998622,0.05006071464476006,0.1957705599582759,0.11474836624590912,0.13825945158929304,0.0013106866087945201,0.002040822904148698,0.0012281404945156948,0.11461914979906587,0.1146324489355362,0.07553814190555741,0.2876151511859339,0.11461814296809753,0.003943196098045887,0.006817272018482812,0.006817272018482812,0.16803034441511483,1.0088849322812379,0.0012166432363371338,0.19549822807633227,0.0019082360719587244,0.0012166432363371338,0.11676401460384986,0.2192118753855384,0.3337073895616328,0.030725546169008133,0.19593295435497665,0.3318622483021458,0.037064514340576754,0.37285153074466965,0.0014058829013623986,0.19549822807633227,0.10514676648315796,0.11627680048625871,0.0029827215040365562,-0.008355425927364268,0.16271660090302303,0.11532058285354796,0.0012166432363371338,-0.0014467368806256875,0.32493269706569405,0.3994882259017499,0.20456692677669303,0.21867239461383503,0.3453893018443369,-0.0712885867529976,0.3068168675152303,0.04715482781328778,0.3180492238858522,0.17641613451210914,0.0013649129087612288,0.04539183556624912,0.11461814296809753,0.037064514340576754,0.016142522525461445
chr19:44643797:44643798:NM_001135768:PVR,0.16237269124452047,-0.09925501100334225,0.7070850688318377,0.8708554211416827,0.4030379390598237,0.05348826898671512,0.08586735770508076,0.19785544862235271,-0.10188845186818415,0.17768814737648503,0.7054736066153042,0.1786593704784601,0.4300281420566076,0.6615879583750623,0.4609873020902018,0.13845206330193008,0.8689907144891957,0.06407769467459487,0.4853192243203647,0.15656516130503195,0.03451327584156727,0.05414816631088413,0.003128030302810836,0.4322303328121451,0.4609873020902018,0.6330921402933836,0.4609873020902018,0.3731082280155239,0.16057051957166502,0.21818259799866743,0.33060466800045607,0.49248028128919374,0.7748867481272277,0.14165849931340013,0.058271642732062416,1.136467422829846,0.015577907639162267,0.4609873020902018,0.09104820310149926,0.06830135554892483,0.1690189378202539,0.8826615539737919,0.6736157301064565,0.1396876189319686,1.02427466115354,0.09726353421334454,0.15655786882670852,0.20559774119642082,0.03063860113374904,0.7055408446582359,0.13335375693438478,0.4609873020902018,0.6922121662681843,0.23310047317109725,0.4610010545184936,0.16617714335574196,0.9031381012606343,0.16895419054154054,0.8977053419310594,0.8760980025476226,0.13335375693438478,0.13481303620334903,-0.05317256129462459,0.0008245238199231925,-0.05717583518854237,0.4609873020902018,0.4609873020902018,0.13848917925863288,0.5358297600124525,0.17006678049498158,0.032410449369392275,0.16231525385714185,0.5346396103407478,0.34587979101826893,0.37567366391153106,0.04555001247157217,0.9741713307677574,-0.005682449538540052,0.46625336193430145,0.4609873020902018,0.0008240995228873116,0.0008240995228873116,0.4616146451794899,0.49022927751737677,0.0875105711329335,0.4667490734091416,0.4609873020902018,0.6172943989869286,0.15162702210905524,0.15023271978866015,0.015787514942451508,0.05342506449096429,0.0008778518409930797,0.0008782756580683893,0.4314707588414668,0.0010548111580709757,0.007709416443483455,0.36695467736209675,0.0011832913816549329,0.0018117062280992857,0.18323852903553284,0.1731331195439508,0.4158649270101711,0.4609917640672109,0.5851267159066339,0.6046958589519363,0.14055221248143476,0.6662455393168526,0.0008707856144007792,0.15162793125466947,0.6308648078942417,0.05742078943063875,0.46107210926338343,0.0008386671635794013,0.0010932125281032101,0.1558250883349317,0.16237962722030172,0.4585383753254198,0.1689556192389307,-0.10152402009007327,0.46098972799458404,0.1689340640845895,0.6829084478554945,0.4609873020902018,0.17307481976518402,0.9537495141505514,0.0008240995228873116,0.4609873020902018,0.15396512606136328,0.0008245238199231925,0.10762538501199359,0.17301570753144463,0.13552206831496716,0.0008837903480502229,0.16895419054154054,0.4667490734091416,0.4667490734091416,0.0008240995228873116,0.7318148864735969,0.0008240995228873116,0.46271371100669206,0.1543350881057826,0.4623230037492505,0.0008258480645855076,0.08898154427264211,0.018286228012271283,-0.0019363584713070342,0.6998384824988199,0.02246552064938201,0.13055455382094772,0.4609917640672109,0.16895419054154054,0.1329800835483464,0.37860167923144916,0.009075594172727838,0.40725211310585857,0.47209699089899226,0.0008778518409930797,0.4609873020902018,0.0010434123807437912,0.4609873020902018,0.19170639195921463,0.15658927017661028,0.0011280827639903596,0.1515957886397248,0.46095756649494624,0.4722142341970708,0.6769862117523997,0.8708696663215626,0.6331133238580227,0.158327618952987,0.10081798374850812,0.0008278425091630681,0.0008240995228873116,0.7848650073694602,0.16895419054154054,0.013250460155655286,0.4609873020902018,0.06972261691833309,0.6607454062188182,0.0008778518409930797,0.16895419054154054,0.4831720335210015,0.13358251864739518,0.88804335883275,0.15162793125466947,0.4615297164112416,0.0010394036930964218,0.006319395572760816,0.15162702210905524,0.050387248420548175,0.018286969129568856,0.0008240995228873116,0.18731115090093375,0.4611533729648013,0.08708078439742396,0.17301721563088207,0.02445023311832943,1.1083332900190177,0.1817673521768117,0.39405796746144756,0.1883922809272428,0.001231082163122857,0.8857502258479997,-0.04681521321162266,0.16895419054154054,0.5032798104015794,0.13170419261197575,0.029011762253511847,0.056928090651932314,0.10764085781975613,0.41625849597410813,0.13489694049531728,0.48786746638944734,0.1566016620958332,0.0008386671635794013,0.08370181629714163,0.0008778518409930797,0.17375841254883723,0.18148205620022834,0.0008925571475974226,0.15659846175766945,0.16240452151986806,0.40700264709751766,0.4302671721636828,0.4609873020902018,0.3406579757616653,0.1619266907686213,-0.08510438196140278,1.2670806035179458,0.0008240995228873116,0.4843282576776963,0.0008240995228873116,0.0017408068211053757,0.0008863825881939014,0.1336365911887162,0.007620860157019377,0.0008850753746181966,0.0008803524428568077,0.4609873020902018,0.460998257345117,0.1689556192389307,0.4652403988043384,0.0874750238818073,0.4615297164112416,0.1689556192389307,0.09776527174734212,0.15658927017661028,0.465327577116789,0.9108252907104519,0.0008803524428568077,0.004928126685909265,0.0010433968410464706,0.4610333962522286,0.46126607329049907,0.028857220183849314,0.6313758870341835,0.4610786035566247,0.019064301624442462,0.004602857745632183,0.004602857745632183,0.4761017686299579,0.5953957439319599,0.0008240995228873116,0.15159669785710228,0.01834101972559951,0.0008782756580683893,0.4914272712878876,0.4063381689877525,0.7089297663399027,0.0029762053945620592,0.1606598722955161,0.5175987697122791,0.17375199720447648,0.14947054710679644,0.0008260294562906639,0.15159669785710228,0.35766934194163913,0.4799572725727093,0.016820163772877067,0.10566652820724966,0.045930815897281374,0.4824201704526855,0.0008240995228873116,-0.08134438241879767,0.32101840863970876,0.354815443424578,0.18845089170156729,0.40003059472576863,0.5178084520466238,0.02751397930174758,0.14121707774282438,0.2073723262212324,0.6517301163789401,0.9320942911233688,0.0009357465643696772,-0.053178612336269714,0.46107210926338343,0.17368719089552126,0.03123053626510138
chr19:47020885:47020886:NM_002517:NPAS1,0.49905239347779695,0.37823390809751767,0.32598537343455203,0.06633737544534768,0.03896671344358227,0.5096154615644797,0.036869611832641674,0.12956441836849628,0.02122114595639185,0.031360972462365244,0.3635371314982155,0.23109344504191243,0.4751027948886022,0.056390744582720226,0.18333029391776973,0.4593111359350044,0.13240443528362889,0.4046392606450177,0.016672136565686196,-0.0007561344805702974,0.0048820034981733595,0.16917990751572345,0.10523311621533996,0.0028987098548851897,0.06123884925310105,0.0683694758506298,0.19547523541651685,0.1252535436076656,-0.0007561344805702974,0.12781716760285383,0.5167577438359918,0.6318200089575327,0.6066606038069342,0.02486417485876577,0.1693396341281444,0.11669902238976138,0.3264735388598228,0.06123884925310105,0.341840584580824,0.0906914691239459,0.06114086923580797,0.971145456163898,0.0936699963687393,0.11797267126039668,0.4382016694667054,0.4773861953793711,0.3264482889129769,0.1244462107156167,0.07835118412840347,0.052408469701765936,0.023581531318236815,0.061134046937440484,0.4728475257084416,0.3264735388598228,0.3418315165930156,0.32649902096784383,0.7966221086660505,0.16681186468289583,0.5864749200088581,0.5817217363144478,0.023673672886533076,0.021501790325847564,-0.0014758159305495178,0.08502867982942605,0.061732427034095566,0.015244294599343788,-0.0021078530886455837,0.025668340626300745,-0.0014758159305495178,0.021052308697395522,0.1100966237686564,0.434198262401984,0.3584641028927482,0.1509514231865418,0.03247855125234053,0.4703748544334911,0.5864749200088581,0.08791657512190365,0.42958713262841275,0.06413297983365251,0.21018987740555412,0.006794793003073563,0.7165725947713304,0.30347598015383076,0.3417894388194165,0.37232043766454165,0.06115203334222996,0.03703225219151776,0.3245453032162945,0.3382990718364694,0.31050744084560566,0.3244071065654218,0.029420299062950184,0.002130081496650754,-0.0010822494527323312,0.14363642708850627,0.4231901293232926,0.6781371941443968,-0.0016288699929194184,0.4231766099711536,0.3264735388598228,0.04808581143067822,0.3644531416623805,-0.00198778881972575,0.6173328503623101,0.4626712590077465,0.0332085871121818,0.48847725659150437,0.3154919860030783,0.3264735388598228,0.013753350849828233,0.004859883937835069,0.13235164804120525,0.13278173139973287,0.06115127430408293,0.4288834806644873,0.5377058589270987,0.4265605048556566,0.2722514857895386,0.0210428489405054,0.061134046937440484,0.3189052251463717,0.527397368547363,0.07951751211663971,0.054563920209072164,0.5155932035013722,-0.00209392404194636,0.2696505984428367,0.36155176743498807,0.32401374982254916,0.5030458694772869,0.42650896957667056,0.348735433003061,0.015538265794944967,0.5555377288314489,0.4577123647571167,0.4577123647571167,-0.03204232481381253,0.32721289884019356,0.09550451039202748,0.4327864386048394,0.0401190671229896,0.08424305690021125,-0.0016288699929194184,0.3841709188992011,0.015940127902628554,0.32596128299424676,0.39967142670717676,-0.0007602508295953547,0.10642334246240279,-0.0021078530886455837,0.5501907416710353,0.4366578060710715,0.1355524945650228,0.004376387032042045,0.019510216442708117,0.4450450776043672,0.061158871246099006,0.061134046937440484,-0.030072416812833708,0.13444438908147288,0.08142834918953193,0.33505446012949236,0.5708932602033588,0.3264482889129769,0.11585853510179703,0.5985294671067821,0.5202718173289054,0.0122505706244469,0.47275182257972237,0.011003255811782492,0.38951123798583726,0.4124484759293138,0.06115203334222996,0.44045088296033547,0.3239547685255778,0.06651408948581547,0.06123884925310105,0.09947982281580942,0.1534924938481716,0.32396313402539445,0.24512585066704068,0.4565758138728135,0.43274690281562334,0.40164539657577486,0.33500391019701015,-0.03201679499123458,-0.0021078530886455837,0.013565761325129544,0.3245453032162945,0.004862114342806811,0.10571118961218737,0.06797108309219022,0.3245453032162945,0.24907885938190932,0.4764763313538867,0.07512158833442106,0.006100365812114705,0.4249056325239164,0.925121514875987,0.08926326624587949,0.33500391019701015,0.11582587393743762,0.35339363262191575,0.39459612417565276,0.061134046937440484,-0.002100354259130355,0.3487123171083928,0.43201907337157613,0.4212218386547636,0.4589589407707473,0.3246386029751517,0.34711953806646434,0.31129545337043846,0.33500391019701015,0.191344329188142,0.43680227184485,0.061158871246099006,0.2516863944948934,0.650313114008237,0.44794996638318096,0.39951138801661085,0.3876783886347814,0.4807605249257059,0.46272542795076194,-0.0021078530886455837,0.015244294599343788,0.39260670903848854,-0.001886923797181278,0.7552521585002592,-0.00209392404194636,0.5334994066101739,-0.0021078530886455837,0.21176663423042422,0.006084952863535303,0.10679258109056869,0.14163251492783752,-0.0005859759204277226,0.021533767183139818,0.3027110206509938,0.6309598763517567,0.5388636903302277,0.1323452498607124,0.519336654999664,0.16679935704277327,-0.00495994912380085,0.12812322980094876,0.3264482889129769,0.1323452498607124,0.8089366685781952,0.021533767183139818,0.6114207152209679,-0.0017318092643485994,0.2039625608116426,0.15421814147015062,0.4946949261251233,0.6908935728914084,0.061134046937440484,0.17159886432941557,0.3968103689644963,0.3968103689644963,0.00037094315971789027,0.04279046285420404,0.06115203334222996,0.32396313402539445,0.02085687237516734,0.08052711492342707,0.8817668148581059,0.7288098189973009,0.31085744574432866,0.5348275030416594,0.32166553949799775,0.3442090788807278,0.5560153985904096,0.32811517617074665,-0.0020912215566533943,0.3215850789318717,0.47951401730116305,0.35899750802763497,-0.002079290144782364,0.502834130372229,0.48274796890841876,0.2561535871212749,0.06115203334222996,0.3947392702577908,0.10679433012595949,0.06836219100658536,0.33500391019701015,0.02726146680182656,0.426661174672828,0.42939395936542357,0.3671000751837603,0.4254185961089398,0.3299068419437365,-0.002483978129849851,0.4232326058817182,-0.0014758159305495178,0.42649727264484383,-0.0019724765214302886,-0.00209392404194636
chr19:49114360:49114361:NM_022165:LIN7B,0.22906097918178986,0.31973377575116385,0.144944765781891,0.3300621469674575,0.1449469191492957,0.314341843133647,0.05724073622167575,0.003157082130299249,0.23988225401565252,0.2113081953635469,0.0061183546418066,0.01586474637835636,0.0031416713915247696,0.00463743840108366,0.27494758503782146,0.0030975584703364922,0.5881022075900473,0.5561124424078854,0.0030982506660496567,0.16065520747856235,0.05686826247491225,0.016221992373138566,0.003157082130299249,0.3058441631644061,0.2668045897098339,0.21799896848378428,0.34033674924528196,0.003157082130299249,0.2085732761255064,0.003549205878992878,0.20996266262129437,0.5843835704537752,0.14494813645759275,0.0030975584703364922,0.01838305842354271,0.044841561128303925,0.0031387259550340885,0.07354415025786731,0.0043136187046410035,0.24153981571130656,0.5382607424353045,1.0111621949140126,0.14802127479371946,0.003208287184541192,0.15981929559246566,0.24356336434457893,0.0031387259550340885,0.003246282795570432,0.01558544921063873,0.03429505123817711,0.00034689329473214237,0.016092593558809903,0.019116975712329315,0.003265045611797718,0.5740552752813465,0.0032874576927804655,0.5754955876741257,0.5014856876739539,0.024357384514210156,0.8778565920082341,0.00034689329473214237,0.09097051151328556,0.26222668806841476,0.0160960614755552,0.2593708211544794,0.016092593558809903,0.0030975584703364922,0.0030975584703364922,0.26222668806841476,0.016796658366080353,0.03937562619673346,0.1485270564006874,0.480536570401517,0.21258472495056505,0.15916629273116642,0.2240453679225027,0.024357384514210156,0.016906619944374313,0.36332517616344673,0.01998550869058288,0.3559485582717846,0.0030975584703364922,0.26505643904690956,0.4199719193821942,0.01736081761717903,0.5862961637848124,0.012003558382102875,0.025427382120874253,0.0031387259550340885,0.3795205996113573,0.016263424493849127,0.0030975584703364922,0.07341299563058998,0.14501438528550276,0.3039286534399405,0.11124573742666105,0.02078109834071895,0.48271617006799966,0.006312540405597283,0.020591344291789937,0.0031387259550340885,0.017744365727623862,0.24957158746618274,0.0337811846419685,0.39748740178087144,0.15976251532344998,0.339064202503075,0.3339777193103681,0.3511219508664156,0.0031387259550340885,0.016096027620112224,0.04720700520913623,0.25319570627399157,0.0169069557297013,0.016092593558809903,0.010318287487182304,0.17176433197034569,0.2026757358622065,0.5243106202153219,0.37967496753226165,0.016345363138929925,0.5743715825550109,0.1481812550436859,0.06871448219703166,0.017744365727623862,0.06211126554263194,0.2459639152547453,0.4732367172647463,0.003467263631850792,0.0030975584703364922,0.2450384151157245,0.2309261310959158,0.20000053004391272,0.2015111420483083,0.9697600461421874,0.08375458303746805,0.08375458303746805,0.021663633821464467,0.2923949658171927,0.07956565580251088,0.5815916495496539,0.0896516997591073,0.01897279868958418,0.0030975584703364922,0.024998358622824485,0.0030975584703364922,0.0030975584703364922,0.15362990138958632,0.0031611349067139083,0.009891285538104366,0.053587572356387,0.47932784690967445,0.3290146718586015,0.003340937882925832,0.03389234774010569,0.25211451130802026,0.333380482938165,0.016092593558809903,0.017469634686097635,0.07917855657140402,0.16047372977110808,0.35467501903270954,0.003265045611797718,0.032730996812473684,0.0031387259550340885,0.29909027189378695,0.4962758745796808,0.09225369849850962,0.2945360120018107,0.03651034073991655,0.02459769664223685,0.13315426424992738,0.0030975584703364922,0.2804619466435959,0.30187170817223163,0.16750321127286993,0.0030975584703364922,0.3581060210946239,0.012411334928320084,0.29688016002593215,0.32584760663124557,0.8470041695644392,0.5061476840166081,0.028227192697905912,0.2911729415617695,0.0031387259550340885,0.14941988999509018,0.016096359054740494,0.3208232015707323,0.0031387259550340885,0.04720157117251211,0.0037715219099968833,0.2964832675282273,0.0031387259550340885,0.3618176404665655,0.024987511193147127,0.24992696161476535,0.02895306571254752,0.41377015875204565,0.6684632865279111,0.09848962989819218,0.0031387259550340885,0.016092593558809903,0.027755098397288874,0.008122279603544502,0.29566011013679766,0.016092593558809903,0.20029388311099924,0.23976047783129706,0.2648378208860004,0.2908346656938595,0.34728806108339927,0.22755180580136677,0.12492369633446138,0.003265045611797718,0.2157543753344219,0.060951472645046634,0.022585278633945077,0.2563752684384534,0.24980187196786158,0.026174196980469244,0.04340172735973305,0.003265045611797718,0.2541434366216527,0.06210809678687179,0.021663633821464467,0.018963894605551368,0.008122279603544502,0.01635539053879545,0.4538371008055265,0.0030975584703364922,0.2406025060149892,0.021663633821464467,0.04161556023038973,0.02270963002544038,0.0032874576927804655,0.2627594172831371,0.14471034399850768,0.02270963002544038,0.4766124427462646,0.757212555777605,0.5006201909276939,0.572958916285619,0.03536768465374929,0.03465264126394971,0.5295148980931426,0.2873662573182285,0.0031422520007945987,0.2386420332184403,0.8201821065703352,0.006459093020247497,0.4174446317303586,0.0030975584703364922,0.5512303423408583,0.17091174949378635,0.45135558950350874,0.05732073083945907,0.5719678116982472,0.43546228779928803,0.0588719774511573,0.0588719774511573,0.30511637405792735,0.23145349893423695,0.0030965150454975165,0.0031387259550340885,0.0031016269509536176,0.08425176783276334,0.5904444273799809,0.41518826949822407,0.29947198645724427,0.03377401460201762,0.0162986108916455,0.024282193598825413,0.2819175714658769,0.14482614128695717,0.0030975584703364922,0.14475920646175583,0.23677074680825863,0.24980308807227153,0.0030975584703364922,0.24343062007097616,0.2739638997682937,0.12352897255351405,0.1447096126521754,0.008181882897821902,0.0035084423505580553,0.016796658366080353,0.0031387259550340885,0.2674870878908461,0.21900440726305365,0.0040800418241056235,0.006055106832330487,0.02530447292405988,0.004526173948600581,0.07478154673839127,0.02529563944241045,0.25679260572228835,0.5729241206054527,0.040359335360052206,0.0030975584703364922
chr19:56477873:56477874:NR_036521:ZNF667-AS1,0.24948532784874547,0.27040591489576027,0.008608540233839335,0.2653617672694932,0.008585103762413837,0.24960116955780934,0.47089486692268795,0.008579206453675547,0.24949332086864,0.023666774623508358,0.008580849237163457,0.025494452025846714,0.008979993110773854,0.008924573365146626,0.009778175054469873,0.008579206453675547,0.26492275510516383,0.29541824300270414,0.008579206453675547,0.008579206453675547,0.00977909434143509,0.008608540233839335,0.03296754391265844,0.009226375625651595,0.02054825479061556,0.008579206453675547,0.008579206453675547,0.03296754391265844,0.008880932336586045,0.008608540233839335,0.008579206453675547,0.008579206453675547,0.008910280966485551,0.24948532784874547,0.01498669137498898,1.0643239252128631,0.008579206453675547,0.009778175054469873,0.008579206453675547,0.012519271996098535,0.008579206453675547,0.2713293213744172,0.008266941395386807,0.008608540233839335,0.008579206453675547,0.25935520641464005,0.008579206453675547,0.008608540233839335,0.008579206453675547,0.00893047124593771,0.008579206453675547,0.2712919165472834,0.02823652996847681,0.008579206453675547,0.2713293213744172,0.008579206453675547,0.2642063603168435,0.008815089913712604,0.008579206453675547,0.28644652707390705,0.008579206453675547,0.008579206453675547,0.008579206453675547,0.00983366257216145,0.25015159220740313,0.009778175054469873,0.008613456095130423,0.24949332086864,0.008579206453675547,0.008579206453675547,0.008579206453675547,0.008579206453675547,0.00983366257216145,0.009060149634081416,0.008579206453675547,0.38459322718711497,0.008579206453675547,0.008585103762413837,0.008579206453675547,0.2743787361307709,0.2608007326470676,0.008579206453675547,0.010001013622927324,0.0316499135421251,0.008579206453675547,0.26965468284302463,0.008579206453675547,0.4527797801826787,0.008579206453675547,0.009778175054469873,0.008579206453675547,0.008579206453675547,0.008600354840338054,0.010135761396069698,0.008579206453675547,0.25107456541491957,0.008579206453675547,0.008579206453675547,0.008579206453675547,0.008579206453675547,0.008579206453675547,0.008579206453675547,0.015839690555256636,0.2717869684008929,0.02842960724904997,0.008579206453675547,0.009778175054469873,0.008579206453675547,0.009778175054469873,0.008579206453675547,1.0997755155158697,0.009778175054469873,0.009778175054469873,0.00983366257216145,0.02912104155740214,0.015845429436278757,0.3185467521326715,0.3201956368492995,0.26518598439456104,0.020524082474994487,0.008579206453675547,0.2747264366908294,0.02355225431954222,0.008579206453675547,0.008579206453675547,0.008579206453675547,0.009778175054469873,0.02809853326719769,0.008579206453675547,0.008579206453675547,0.26869531291429793,0.008579206453675547,0.015178522201808542,0.008579206453675547,0.03915022335550544,0.8843774629311538,0.8843774629311538,0.27871834143640306,0.260608453946747,0.00893631998154254,0.27166780668816837,0.27103290905902067,0.009799352400061412,0.00981473403210964,0.008600354840338054,0.008579206453675547,0.008579206453675547,0.008579206453675547,0.008579206453675547,0.008752290093801518,0.2711276912683571,0.28515356978401435,0.009799352400061412,0.008608540233839335,0.01162846436949172,0.010925544767361683,0.25918416648153914,0.008600354840338054,0.27103290905902067,0.009778175054469873,0.008924573365146626,0.25103239440300573,0.008579206453675547,0.28349898990906985,0.008579206453675547,0.008880932336586045,0.2713293213744172,0.25138779085831886,0.2643508442410407,0.008780833722555892,0.009778175054469873,0.45367663743701686,0.008579206453675547,0.01931332912157885,0.2751687072853085,0.284851408035561,0.008600354840338054,0.009778175054469873,0.00860112985052669,0.008579206453675547,0.008579206453675547,0.26548556464153256,0.27233711044285225,0.27092184399157093,0.008579206453675547,0.008579206453675547,0.01012582084818886,0.009778175054469873,0.02366659287027939,0.008579206453675547,0.008579206453675547,0.008880932336586045,0.02787181063219618,0.008579206453675547,0.009778175054469873,0.008600354840338054,0.39733160888049196,0.008579206453675547,0.02828718655086937,0.26018421754629467,0.25134561313160814,0.008579206453675547,0.008600354840338054,0.008579206453675547,0.008579206453675547,0.028112609521021126,0.2725480496960862,0.015614875409053208,0.009871594087370594,0.24948532784874547,0.2510359046852696,0.008924573365146626,0.008579206453675547,0.27443038176502815,0.008579206453675547,0.26054927134231687,0.01077534294328486,0.008600354840338054,0.02959326807260737,0.27539593022525355,0.015384273965617645,0.008579206453675547,0.008924573365146626,0.008924573365146626,0.008579206453675547,0.27437218368480726,0.24948532784874547,0.008579206453675547,0.4513988191122689,0.04927354186503019,0.008579206453675547,0.008579206453675547,0.010035330347127058,0.00950157218410047,0.015199907498002263,0.008608540233839335,0.010147033550109597,0.008880932336586045,0.008579206453675547,0.27466809160427386,0.029069641450417072,0.2723237794967288,0.008579206453675547,0.008600354840338054,0.020875904250183597,0.2747264366908294,0.29954694792663283,0.008579206453675547,0.008579206453675547,0.272066140317076,0.015199907498002263,0.008780833722555892,0.008579206453675547,0.27467463274713444,0.2723237794967288,0.014587975682624321,0.008579206453675547,0.008579206453675547,0.010975114992306967,0.008579206453675547,0.008579206453675547,0.009778175054469873,0.008634605037449616,0.008579206453675547,0.008579206453675547,0.026409872119705136,0.25138779085831886,0.3201956368492995,0.03951614587037561,0.008815089913712604,0.008579206453675547,0.008579206453675547,0.008579206453675547,0.32724453600348535,0.835087505346563,0.008579206453675547,0.008579206453675547,0.30162238546250264,0.27403199378023807,0.008611596224235796,0.25067212174868014,1.038283632537439,0.2652221779157937,0.008915190716828003,0.008579206453675547,0.008585103762413837,0.0285124841049188,0.008579206453675547,0.009226375625651595,0.009778175054469873,0.008579206453675547,0.00880199039718682,0.010035330347127058,0.008579206453675547,0.008880932336586045,0.008579206453675547,0.008579206453675547,0.008579206453675547,0.24952739826777498,0.008579206453675547
chr20:3407662:3407663:NM_001009984:C20orf194,-0.003215834163167508,0.08552460990586169,-0.003051620353988871,0.32211137197730116,-0.0031947313808301514,0.509013078615975,0.0956585134018314,0.09563330868531,0.08553198748085689,-0.003201882833415187,0.006028415148170069,0.40139866999274115,0.09606388425623591,-0.002998379343802038,0.398258311767922,0.0956308629151911,0.9169111424954717,0.2498661207732366,0.09378889422155104,-0.003051620353988871,0.0846685204020684,0.09296504593096891,-0.0031947313808301514,0.08474777318710588,0.14405752733230048,-0.0031947313808301514,0.398258311767922,-0.0031947313808301514,-0.003051620353988871,-0.002978082014208433,0.08519202064557832,0.5100965898716447,-0.00304348507557059,0.08478583582597007,0.004030205410017085,0.39755455170551324,-0.0031947313808301514,-0.002712532016700603,-0.0031890993937450096,0.0032379430419170463,0.39755455170551324,0.9151958807326008,0.00924250398675694,0.00645809329352226,0.46448824354623475,-0.004119691768280503,-0.0031947313808301514,-0.0031947313808301514,0.02649672042731302,-0.002977259988662273,0.08477423321873326,0.398258311767922,0.005998708597387131,-0.0031680039973645546,0.398264719930465,-0.0031947313808301514,0.6251357474780851,0.398258311767922,0.08473221753624513,0.39705267951145484,0.08505076419987365,0.08473221753624513,-0.003129335908449299,0.1028945301724849,-0.003006377327195109,-0.0031947313808301514,-0.002712532016700603,0.08479700662687861,-0.003129335908449299,-0.0031947313808301514,-0.0008916265483753516,-0.0031680039973645546,0.398258311767922,-0.003193764941033267,-0.002712532016700603,0.001494493545077552,0.44661776985030444,-0.003192865090174579,-0.003164570780046394,0.6261323278383659,0.39876235504923274,-0.004168012193968701,0.39755455170551324,0.9168751517963789,-0.003191274439880737,0.39827237415483924,-0.002712532016700603,0.39260165171116557,-0.0031947313808301514,0.39755740205663864,-0.0031947313808301514,-0.0031947313808301514,-0.0031947313808301514,0.398258311767922,0.3970849474707403,0.39776766503071864,-0.003165824039512599,0.44668508194011575,0.08494906548829778,-0.0031947313808301514,-0.003159869472094873,-0.0031947313808301514,0.1396856491086104,0.3221314062690299,0.398258311767922,0.46398951214148126,0.04564457257723392,0.5093889094135663,0.39755740205663864,-0.0031680039973645546,0.39755455170551324,-0.0031680039973645546,-0.002977259988662273,-6.835571454238965e-05,-0.002977259988662273,0.045142206301936716,0.32086652358160966,0.39755455170551324,0.39662432028764927,0.11206495208279169,0.39755455170551324,0.398258311767922,0.0941230977385843,-0.002712532016700603,-0.0031947313808301514,0.4639066189359698,-0.0031947313808301514,0.398258311767922,0.12382185808799004,-0.0031947313808301514,0.33039057931576143,0.9151958807326008,0.1341487356542043,-0.003165824039512599,0.398258311767922,0.39705267951145484,0.39705267951145484,0.5114393760979106,0.0003417435910098021,0.398258311767922,0.398258311767922,0.3229057878407561,-0.002712532016700603,-0.005768182612625544,-0.003189105161228445,-0.0031947313808301514,-0.0031947313808301514,0.32235514334364856,-0.0031947313808301514,0.020946993064407643,0.398258311767922,0.39755455170551324,-0.0031947313808301514,0.04432972460380255,-0.0023183972360288907,0.04900665821129002,0.1437836562940411,0.011903614795324924,0.398258311767922,-0.002712532016700603,-0.002712532016700603,-0.002169709080001525,-0.0031947313808301514,0.3982626752735724,-0.0031947313808301514,0.16833959964896403,0.40122500889657736,-0.0029678420722224486,0.39755455170551324,-0.002712532016700603,-0.002977259988662273,0.10098998734732473,0.016598856925040956,-0.002712532016700603,0.01738842742574362,0.39755455170551324,0.015616373577046094,-0.002712532016700603,-0.004044385994487615,0.322721843657318,-0.002977259988662273,0.39755455170551324,0.9169882722967497,-0.0031947313808301514,0.3982716735544768,-0.0031947313808301514,0.322721843657318,-0.002977259988662273,-0.005472969826103985,-0.0031947313808301514,0.0002597906886830925,0.3975686140725921,-0.002977259988662273,-0.0031947313808301514,-0.002712532016700603,-0.0031925563452858685,0.9151958807326008,-0.00039139782712130367,0.3976144859826603,0.626889959139735,0.005046708790959531,-0.0031947313808301514,0.322721843657318,0.44661776985030444,0.1340068053264141,0.398258311767922,0.32117668614213524,0.0906061462199188,-0.0013166595741023468,-0.002977259988662273,0.0034890883391251737,0.39978013395437784,-0.0031535352927934135,0.39876235504923274,-0.0031680039973645546,0.398258311767922,-0.003165824039512599,0.011903614795324924,0.5454068654769997,0.398258311767922,0.18494325382612148,-0.003183765424411261,-0.0031947313808301514,0.9972933214468612,0.46431504912743465,0.39705267951145484,-0.002494829995664166,0.1340068053264141,-0.0031947313808301514,0.34002155246224847,-0.002712532016700603,-0.0031947313808301514,0.398258311767922,0.40623443886999144,-0.0026844833394496503,-0.0031947313808301514,0.5160509192132134,-0.0030279640153929033,-0.0031680039973645546,0.39876235504923274,0.398258311767922,0.9151958807326008,0.39755455170551324,-0.0031945931922885418,0.39705267951145484,0.39612294828302896,0.39755455170551324,-0.0031947313808301514,0.39755455170551324,0.6273611184139607,-0.0031666906981616116,0.39826081003964336,-0.008020007479104502,0.398258311767922,0.4467476161252889,0.32301354354751377,-0.0031680039973645546,0.39755455170551324,0.6401522506922593,0.08485641542408337,0.08485641542408337,-0.001379949668548458,0.001240388009786264,-0.0031947313808301514,-0.0031947313808301514,-0.0020782073902438913,-0.0027122275261701467,0.398258311767922,0.44679802175109473,0.398258311767922,0.14351092431822307,-0.0031811504378521926,0.08473221753624513,0.9151958807326008,-0.003164570780046394,-0.0019781352207134395,-0.0031947313808301514,0.5207689192941344,0.14377161475970607,0.18362360487038742,-0.004684888623615935,0.09587486734087461,0.14432091051477083,-0.002977259988662273,0.13443721316451865,-0.0031947313808301514,-0.0031947313808301514,-0.0031680039973645546,0.08496639818197513,0.08752059779903307,-0.0024861995985877294,0.509073224428217,0.9152263348859622,-0.0031947313808301514,0.03805021529005545,0.14350853268186523,-0.003129335908449299,0.39755455170551324,0.9168751517963789,-0.002083707530897122
chr20:5001499:5001500:NM_005116:SLC23A2,0.0007539980325852597,0.046142016594783106,0.02251703384862115,0.339462460961501,-0.0028587923076453386,0.06117422047658706,-0.0030604994917725753,0.02323411443358786,0.056877258700503225,-0.04237600621703087,0.019019261259119305,0.015553599381664396,0.0012368237355444567,0.001604523653111381,0.20730450023812433,0.024805536547415324,0.28768401865903437,0.20078242785670547,0.1108103339445068,0.0007539980325852597,-0.003802162957138658,0.07387709668208305,-0.003311643202549508,-0.00020833733368863516,0.20730450023812433,0.0007539980325852597,0.20730450023812433,-0.004668349917418088,0.001190905477007384,0.04003630153707104,0.027506107845769068,0.9023292691188667,0.02403210071681991,-0.0037540420916310213,0.08017147873571229,-0.0013230825528594142,-0.0044257176198298775,0.2873077976484064,0.003491130651720742,0.0033901120945604296,-0.004668349917418088,0.876452665590939,0.003369986700203359,-0.00410095737350695,0.11384518676608193,0.8868202171155235,-0.004668349917418088,-0.004104993243376084,-0.0019528852299348642,-0.0019847376856148014,0.33098216941188674,0.2873077976484064,0.02517821882363705,-0.005030102509778714,0.20730450023812433,-0.0044257176198298775,0.20736236909679157,0.20730450023812433,0.0561401261229824,0.8613363021907816,0.3226058173566452,-0.004668349917418088,0.026869346817205347,0.0017044412627719302,0.005423004141539928,-0.004319018318567416,-0.004668349917418088,0.010110219105787258,0.027217936676114204,-0.0019885400935448216,-0.004452576295381039,-0.003991736166879492,0.20730450023812433,0.008418545579069875,-0.0044257176198298775,0.03126865795165458,0.0561401261229824,0.11287286199910285,0.21348778465669951,0.20730450023812433,0.20730450023812433,0.006578837726701814,0.8614502915184155,0.30797452661871927,0.022962150175334956,0.20730450023812433,0.2873077976484064,0.2001336881733974,-0.004668349917418088,0.2077724037591927,-0.0035508974020426742,-0.003223643732822093,-0.004667075365021964,0.20730450023812433,-0.001990948807326892,0.22085817018814877,0.014811114572055278,0.006534466995392868,0.008345523730172541,-0.005481645258598705,0.00015331599035581234,-0.0009335944020252424,0.09893668299600279,-0.004538638016291743,0.20803574513928116,0.16687655774619306,-0.0044248606946808156,-0.0012331178230025192,0.2077724037591927,-0.0044257176198298775,-0.002904079370560031,-0.0012359396631600739,-0.004668349917418088,-0.0034140121817855668,-0.004319018318567416,-0.004014691544162216,0.029026443592468684,0.20730450023812433,-0.011683852657574198,0.026775532709494537,0.20730450023812433,0.20730450023812433,-0.025762985565675176,0.20730450023812433,-0.0009787408238223633,0.17543953758561548,-0.004668349917418088,0.20730450023812433,-0.0007712520684234198,0.001604523653111381,0.2170614140465983,0.20751219509807756,0.019535935665837126,-0.004319018318567416,0.20730450023812433,0.8613296445617544,0.8613296445617544,-0.004425576702402026,0.20941206897023854,-0.004668349917418088,-0.003253022307552811,0.002419604903770828,0.009287478757427386,-0.048172033260968666,0.0100299087788146,-0.003311643202549508,-0.0044257176198298775,0.008565548807082851,-0.0038853194593522072,0.14131910357254826,0.20730450023812433,0.20730450023812433,-0.0006956157616346131,0.036625642643706394,0.2867832584241302,-0.004191657122087841,0.20917368958314367,0.007790788624440048,0.2873077976484064,-0.004668349917418088,0.20730450023812433,-0.0044257176198298775,-0.00407613506084803,-0.004319018318567416,-0.004668349917418088,0.20767871591801987,0.2857787117241996,0.06462966804750267,0.20730450023812433,0.29907169677449164,-0.003991736166879492,0.011347609656793586,-0.04269736129851917,-0.004668349917418088,0.16087621014104372,0.20730450023812433,-0.04128860073805153,0.20730450023812433,0.12809771662303168,0.8523256477983405,-0.004667075365021964,0.20730450023812433,0.8775772544818086,-0.0015539891037997106,-0.003946236042751627,-0.0044257176198298775,0.20730450023812433,-0.00407613506084803,0.058143592141833844,0.001190905477007384,-0.0012359396631600739,0.20730450023812433,-0.004668349917418088,-0.0044257176198298775,-0.004668349917418088,0.0100299087788146,-0.0030066471310284393,0.018781216219948688,0.001166433216379631,0.2073796304609935,0.029904947292024198,-0.0044257176198298775,-0.004623110623003621,0.0501568235885676,0.13324416592182645,0.20730450023812433,0.2094900463475738,0.028085543805088667,0.8642647034316877,0.01917099305638996,0.32220065918323887,0.03244817503238831,-0.004531909963166089,0.9084073918552631,-0.0044257176198298775,0.20730450023812433,-0.0012359396631600739,0.007790788624440048,0.22287723341295912,0.21331420963203032,-0.01361230978067035,-0.0036420454351015763,-0.004424660340344222,-0.0013719495144981358,0.17473518292523788,0.2873077976484064,-0.004668349917418088,0.13324416592182645,0.03183035483306487,0.34400879243215243,-0.004668349917418088,0.20835357165404936,-0.004668349917418088,0.00731042094039934,-0.002300692805749252,-0.004668349917418088,0.04698625200492498,-0.004149069468714864,-0.003632073696295937,0.20730450023812433,0.20767871591801987,0.2073183338828413,0.20794759259693188,0.009683469361384547,0.8613296445617544,0.28157170992680136,0.8621062065640126,-0.0044257176198298775,0.20736563781063858,0.19127830431077283,0.003156557841399177,0.21133803794122336,-0.0040807277111537255,0.20730450023812433,0.21115187600752974,0.39434183765698594,-0.0019038967872382628,0.20751230455034686,0.2099751174045974,-0.004174290961335064,-0.004174290961335064,0.03246021495473564,0.010500923448411442,0.2873077976484064,-0.004668349917418088,0.00533241979430657,-0.004319018318567416,0.20768354671677552,-0.014688742454510406,0.2086433940027818,0.014146905077584565,0.0038776115145631035,-0.003858776307101519,0.20730450023812433,-0.003784333888083455,0.006846389534565289,-0.0044257176198298775,0.22679357957849033,0.1306992641146788,0.005206307662995582,0.8959797743362807,0.028710823100757954,0.9018169028260856,-0.004668349917418088,0.1336329865272406,-0.004234759012284844,0.00902478321927247,-0.00407613506084803,-0.00033895316534611475,0.3098540893527251,-0.0494843368721896,0.01130030572836789,-0.0023190129335890763,-0.004168023550100375,0.2884058261878957,-0.0042909252801910935,-0.0029506984826065535,0.20773989018173655,-0.004668349917418088,-0.004668349917418088
chr20:9069053:9069054:NM_001172646:PLCB4,0.22118835273112808,0.10088140128446765,-0.01309339715046412,-0.0004812148774650804,-0.009179512729614842,0.3091864639764992,0.0036621017899556296,-0.012012625150285339,0.20444080190517258,-0.010664533009558053,-0.011878008026953712,0.08696869804414142,-0.01309339715046412,-0.011168354871461117,0.2541999447204102,-0.012012625150285339,0.22594298471459168,0.06551429268551012,-0.042569830855653884,-0.00048204890004013845,0.0011521471516375004,-0.007592913633164194,-0.03983083839815846,0.18149070253747537,0.12057612985570541,-0.00048204890004013845,0.2541999447204102,-0.00693290728314902,-0.00048204890004013845,-0.042569830855653884,0.02261930270593107,0.28797588692743675,-0.008110888888297557,0.11317660409742492,-0.007592913633164194,0.5104434258448912,-0.04382221807206685,-0.00048204890004013845,-0.00048204890004013845,0.11712440499677043,0.5890060703631019,0.5324573462713676,-0.011809664360662414,0.21974853366791136,0.010324806191800512,1.0870453227084749,-0.043415951208516795,-0.00693290728314902,-0.00048204890004013845,-0.011336798947127719,0.005510790016612338,0.2541999447204102,-0.011878008026953712,-0.013021042427730167,0.5890060703631019,-0.01309339715046412,0.5324560957452469,0.2541999447204102,-0.04029729500741808,0.2541999447204102,0.035509839147632644,-0.042569830855653884,0.19240498259659664,0.0013194257067632165,0.3107223858752141,-0.00048204890004013845,-0.00048204890004013845,0.06540774747934691,0.23973313239238733,0.010114396320294955,-0.00048204890004013845,-0.042569830855653884,0.5890060703631019,-0.0027014187495572883,-0.010877216559183916,-0.011977172873945396,-0.04029729500741808,0.0026379286975946603,-0.00048204890004013845,0.5890255081943417,0.2541999447204102,0.07313232454368773,0.2541999447204102,0.9487125923566617,-0.00048204890004013845,0.2541999447204102,-0.00048204890004013845,0.18106798588406728,-0.011881428724505455,0.12483363277196069,-0.04249392573692157,-0.00048204890004013845,0.22594192915032169,0.2541999447204102,0.22657115685922213,0.6107959043509251,0.2413759436341914,0.2880497582861387,-0.042569830855653884,0.24024059066738035,-0.04382221807206685,-0.031670933379312205,0.268113410564588,0.18149159153865468,0.5324560957452469,-0.006093162017738657,0.24790361643396858,0.20047221988014935,0.12483363277196069,-0.013021042427730167,0.5364029583580866,0.06519340492922754,-0.00048204890004013845,-0.00048204890004013845,0.12057612985570541,0.23113316458094713,0.2180947150164231,0.5324560957452469,0.5890060703631019,0.0017053927631135168,-0.00048204890004013845,0.5890060703631019,-0.0106644037030732,0.12057612985570541,0.010114396320294955,-0.0065912897503636325,0.24405040564331537,0.25435572911134474,0.02152577497650865,0.04252670604202967,1.059333353246555,0.22594192915032169,0.003558757737270102,0.12483363277196069,0.2541999447204102,0.22594192915032169,0.22594192915032169,0.2331217925123129,0.22197748625571953,0.5890060703631019,0.28093449673296456,0.281586355434443,0.22594192915032169,0.08799919311557011,-0.00048204890004013845,0.03334567000883143,-0.042569830855653884,-0.011425963469803013,-0.042569830855653884,0.00692252115910208,0.12057612985570541,0.5890060703631019,1.2587840521022242e-05,-0.03865403399191317,0.12837794128559654,0.2297217470093339,0.2280359572133313,0.225940948133661,0.5890060703631019,-0.00048204890004013845,-0.00048204890004013845,0.2827691283348537,-0.013021042427730167,0.15371205263492987,-0.042500647300809824,0.2541999447204102,0.6269256833362887,0.24238809357118116,0.5324560957452469,0.010393478246481763,0.22604570526349577,0.13605284188631248,0.2096968725473351,0.2541999447204102,0.2606349330053921,0.5890060703631019,0.08845630190800563,-0.00048204890004013845,2.755657442679582e-05,0.345330023690205,0.22594192915032169,0.5324560957452469,0.3431077540984412,-0.025334100584291447,0.12057612985570541,-0.01309339715046412,0.2541999447204102,-0.00048204890004013845,0.2265075403864022,-0.01309339715046412,0.06519403949685057,0.13055773420539518,-0.00048204890004013845,-0.04389193903248595,0.345330023690205,0.009800548011439064,0.5907586861368244,0.0022551898075675036,0.4166102186191542,0.5324560957452469,-0.00490581503588941,-0.013021042427730167,0.34714194779948626,-0.039868004844903215,-0.0003838160242984612,0.2541999447204102,1.0651220609396712,0.00718027969796306,1.0582231029590607,0.06586814158921987,0.5358021937372651,0.3428709863992815,0.12163339900620578,0.12057703008494235,-0.013021042427730167,-0.00048204890004013845,0.06519663804128756,0.225940948133661,0.22923591275928212,0.5890060703631019,0.3980955014543981,-0.04389193903248595,0.21873992313060095,0.18252851325501657,-0.03631481567195452,0.2541999447204102,0.5027192027967695,0.006156217361878269,0.10749169021184005,0.26385146629755013,-0.00048204890004013845,-0.00048204890004013845,-0.00048204890004013845,0.5879151030011817,0.2765292818493992,-0.00048204890004013845,0.024228192908405777,0.029363172596789916,0.12057612985570541,0.5890060703631019,0.5890060703631019,0.22594192915032169,-0.00048204890004013845,-0.00048204890004013845,0.25558894487366857,0.5890060703631019,0.6276171265809696,-0.013021042427730167,-0.00048204890004013845,0.5599342735858553,0.2765286509987822,-0.00048204890004013845,-0.00046855440383256064,0.12057612985570541,1.5519306915456887e-05,0.04972446440150913,-0.042569830855653884,-0.00048204890004013845,-0.005953043020493098,-0.00046964834099588737,-0.00046964834099588737,0.2834915600170248,0.17882164354838298,-0.00048204890004013845,-0.011881428724505455,-0.027707589662330806,0.12057612985570541,1.0582231029590607,0.47811343484777313,-0.00048204890004013845,0.2411400720948049,0.1096592437024253,-0.03997591393697697,0.5324560957452469,0.12248401417372508,0.15678826265764678,-0.04389193903248595,2.04077962473459e-05,0.5324560957452469,0.0002975243281054807,1.0596190978825482,-0.042569830855653884,0.12057703008494235,0.2541999447204102,-0.0003838160242984612,-0.00048204890004013845,-0.011878008026953712,-0.04389193903248595,0.18149070253747537,-0.0005226864608232074,-0.011320258651190379,-0.042569830855653884,2.7654140381694337e-05,-0.042569830855653884,1.2587840521022242e-05,0.12384632579662792,0.22807254819054543,-0.00048204890004013845,0.2259455008763119,-0.00048204890004013845
chr20:14337667:14337668:NM_013281:FLRT3,0.6783646479661108,0.5315428429265203,0.5699863966102916,0.00165670875270571,0.003929002358891542,0.5357387502456481,0.00165670875270571,0.0021787997893673167,0.0796177152486508,0.5705773708710059,0.0020210029023127046,0.05975375254502312,0.00165670875270571,0.5707770811587172,0.00165670875270571,0.0021787997893673167,0.0057697996160198245,0.7241822570244315,0.5699863966102916,0.00165670875270571,0.00165670875270571,0.6273730619398363,0.0020210029023127046,0.00165670875270571,0.5659147719473173,0.00165670875270571,0.00165670875270571,0.0020210029023127046,0.00165670875270571,0.0020210029023127046,0.011659831010648616,0.5659147719473173,0.5718172794400569,0.0019653835260926844,0.6274800603605896,0.5659147719473173,0.003935048690725015,0.00165670875270571,0.0017622429977489223,0.04719594903591143,0.00165670875270571,0.5659147719473173,0.5659147719473173,0.0020210029023127046,0.6112879391501824,0.5904625873807958,0.0020210029023127046,0.00165670875270571,0.00165670875270571,0.0020210029023127046,0.004175686068235665,0.00165670875270571,0.0020210029023127046,0.003929002358891542,0.00165670875270571,0.0035641705709666266,0.5659147719473173,0.00165670875270571,0.5679487817416011,0.00165670875270571,0.00503026313484789,0.0020210029023127046,0.001997327676333635,-0.007128176186042612,0.7401662931990003,0.00165670875270571,0.00165670875270571,0.0018880361513182453,0.04628090695623663,0.0020210029023127046,0.00165670875270571,0.5667138264123329,0.00165670875270571,0.5660136645629956,0.5707770811587172,0.0016782332257957305,0.5679487817416011,0.00165670875270571,0.003570215524158621,0.00165670875270571,0.00165670875270571,0.04642262078817892,0.5659147719473173,0.5854692911708639,0.00165670875270571,0.00165670875270571,0.00165670875270571,0.00165670875270571,0.0020210029023127046,0.001655933299130108,0.00165670875270571,0.00165670875270571,0.00165670875270571,0.00165670875270571,0.00165670875270571,0.5854692911708639,0.05313033310925806,0.5699974192279453,0.0016627448887335389,0.0032108892780254306,0.003929002358891542,0.5659147719473173,0.6300323525688231,0.5659147719473173,0.00165670875270571,0.6706157843822789,0.5659147719473173,0.5699863966102916,0.031891725140895916,0.003929002358891542,0.5659147719473173,0.00165670875270571,0.00165670875270571,0.00165670875270571,0.00165670875270571,0.5676557868224829,0.6712471334325666,0.5659147719473173,0.00165670875270571,0.09717010019537295,0.002267266915116334,0.00165670875270571,0.6285894276533203,0.00165670875270571,0.0020210029023127046,0.6125074653290309,0.5659147719473173,0.00165670875270571,0.051136900450495335,0.003929002358891542,0.6082944966534651,0.5659147719473173,0.01809972775957447,0.00165670875270571,0.00165670875270571,0.00165670875270571,0.00165670875270571,0.5665455013452944,0.6227228050588934,0.00165670875270571,0.00165670875270571,0.5659147719473173,0.00165670875270571,0.5949987052825219,0.00165670875270571,0.00165670875270571,0.0020210029023127046,0.5659147719473173,0.00165670875270571,0.00165670875270571,0.00165670875270571,0.00165670875270571,0.00165670875270571,0.008057197916394573,0.0026768816065714796,0.5894924578809999,0.00165670875270571,0.021995085841125722,0.00165670875270571,0.00165670875270571,0.00165670875270571,0.5659147719473173,0.003929002358891542,0.00165670875270571,0.0020210029023127046,0.00165670875270571,0.08188088542145608,0.6332383304596164,0.00165670875270571,0.00165670875270571,0.03682315637561537,0.0017301916837797887,0.682726068440327,0.00165670875270571,0.05622061882746893,0.00165670875270571,0.9667760191331428,0.00165670875270571,0.0077401814124078705,0.00165670875270571,0.00165670875270571,0.5659147719473173,0.5862016187031802,0.5666150678074693,0.5659147719473173,0.0020210029023127046,0.00165670875270571,0.00165670875270571,0.009230911743038209,0.0020210029023127046,0.00165670875270571,0.00165670875270571,0.00165670875270571,0.0020210029023127046,0.021391465768087134,0.00165670875270571,0.5659147719473173,0.0018834323106012296,0.5855355092300911,0.5659147719473173,0.5659615985330494,0.003929002358891542,0.0040810385230655305,0.5730714106351036,0.023911025254495316,0.00165670875270571,0.004320942282822468,0.6632530559091698,0.0017263888897581375,0.6187236583281497,0.5748522468176578,0.5858698914929841,0.021019421120631973,0.00165670875270571,0.003935048690725015,0.00165670875270571,0.00165670875270571,0.021995085841125722,0.0880957387281495,0.5659147719473173,0.04251068748771461,0.0020270404134850734,0.002042531862050029,0.5667028379853508,0.6124109814057497,0.00165670875270571,0.5659147719473173,0.02337076359980371,0.00165670875270571,0.10788564134437811,0.00165670875270571,0.5699863966102916,0.00165670875270571,0.5659167455760864,0.011173089346599469,0.00165670875270571,0.06585030415776154,0.00165670875270571,0.010972472806893174,0.5659147719473173,0.00165670875270571,0.5659147719473173,0.00165670875270571,0.0020210029023127046,0.00165670875270571,0.00165670875270571,0.5659147719473173,0.0020210029023127046,0.00165670875270571,0.5659136084918942,0.011173089346599469,0.00165670875270571,0.00165670875270571,0.0016547222794352084,-0.007128176186042612,0.00165670875270571,0.5667138264123329,0.00165670875270571,0.0016561590952153121,0.00165670875270571,0.00165670875270571,0.5857411849550369,0.00165670875270571,0.00165670875270571,0.0020210029023127046,0.07043458882771964,0.00165670875270571,0.001655933299130108,0.5961307995677658,0.00165670875270571,0.022622550146465054,0.6273854802110677,0.0024313353464608806,0.5659147719473173,0.003624165916666894,0.2231033668174375,0.0020210029023127046,0.0348229880357007,0.5659147719473173,0.0007352003803286211,0.6040696224538947,0.5659147719473173,0.00165670875270571,0.00165670875270571,0.02354714139301156,0.00165670875270571,0.5659147719473173,0.003929002358891542,0.028847207985431292,0.00165670875270571,0.00165670875270571,0.0017324251764316567,0.00165670875270571,-0.0007326760522361475,0.00165670875270571,0.001655933299130108,0.00165670875270571,0.00165670875270571,0.5659147719473173,0.00165670875270571
chr20:32109505:32109506:NM_014742:TM9SF4,0.31214018446242525,0.06130864785739487,0.2520776368526197,0.8270707053091186,0.05357140851627393,0.06136140235504706,0.26217483735126146,0.027093242902920228,0.061255093457935755,0.2520624845953584,0.26302714539971533,0.03465067024242155,0.2520624845953584,0.3121429988928149,0.0006335506717821959,0.027093242902920228,0.827464378138592,0.32109352439705774,0.0006139744743414444,0.0006139744743414444,0.25304787208534973,0.32017252589612644,0.030923390273375484,0.17813185060200504,0.220556642689094,0.2520776368526197,0.0006362517932288481,0.027093242902920228,0.0006139744743414444,0.03511144763812077,0.10196519026560608,0.26457933316993365,0.26276161205438997,0.03831865148404531,0.31303940344667885,0.3122578013519702,0.0006139744743414444,0.22054491270436583,0.25109993090500654,0.0501280791005653,0.25208894984958147,0.0007300834328574646,0.26276161205438997,0.17799623788323393,0.04533337857606193,0.02016706302853205,0.0006139744743414444,0.027093242902920228,0.08757327594012981,0.009147168337287764,0.10680571868732766,0.2521191243352637,0.26302714539971533,0.0006139744743414444,0.008772623254990758,0.0006139744743414444,0.016582815476306967,0.000802541184366512,0.017476133920128617,0.22058936893305156,0.09228872676063829,0.0006255888283006328,0.02709599217341993,0.011295717481825507,0.03585033752432945,0.2520776368526197,0.0006139744743414444,0.029972003599828323,0.02709599217341993,0.0006139744743414444,0.06529727036644181,0.2519787060457371,0.25255003557135103,0.004620164307938046,0.03616104235936446,0.004207952383625008,0.01748157665946498,0.25212275406319956,0.0007765562858820241,0.220556642689094,0.000692887646585344,0.000629248939618493,0.2522113680124974,0.22817007753064664,0.25207908904344545,0.2524768053017906,0.22054491270436583,0.2855663979662209,0.0006139744743414444,0.06769601229782396,0.29516603918658124,0.01382645112453923,0.002738985634232083,0.0006542457136475277,0.027771732512765046,0.004117688593011731,0.004308488428846846,0.2631636189793139,0.000649044413546046,0.004273259154743914,0.000649044413546046,0.2520858519841389,0.029898674933823227,0.25219466615366337,0.26451750149739994,0.03797152623362807,0.025120854968019968,0.273121424815657,0.00450874233146592,0.0006139744743414444,0.30097412860202133,0.2521148801542107,0.2521020728697465,0.0006208615829139952,0.22148167579203484,0.0017627837063106944,0.31215212483616667,0.25219087411960944,0.2335980280854659,0.26217298320514965,0.25210000439567926,0.002918159590282382,0.30636467053088046,0.25208894984958147,0.0006200584936145725,0.054795709854198266,0.0006139744743414444,0.0009615465372064258,0.0398913501735737,0.0006139744743414444,0.014566662134799957,0.25208894984958147,0.0892632510931761,0.00423568382131867,0.252147450199247,0.25221469635625965,0.25221469635625965,0.25240659975965035,0.15760040039636192,0.000731939313758756,0.2522059784377408,0.8684531322579455,0.25308463056936087,0.02245172231391951,0.24304466834611216,0.0006139744743414444,0.0006139744743414444,0.24727211964410653,0.0006139744743414444,0.051667858886461776,0.0006236555273085587,0.0006901864124874979,0.30352368754610676,0.00420921477092101,0.03362900187866455,0.0006545225506647823,0.24205413380935004,0.009777527751791026,0.25224746994858505,0.017153413901909498,0.22065067738465574,0.028252716417369345,0.0006139744743414444,0.02876655687256363,0.0006139744743414444,0.005127114367386609,0.2599069772135574,0.31226585914104693,0.2568331146367028,0.00847350788758286,0.027106037223192436,0.2480479854119564,0.022419367966340253,0.0007928588860464658,0.010730248667225578,0.25219087411960944,0.04058585813175103,0.22052360298512821,0.06736750425352211,0.23200184777155236,0.0006209544415671508,0.25215018447935666,0.06242038203678113,0.2934193919872374,0.2420484806986378,0.0006139744743414444,0.0008867168670597669,0.25308463056936087,0.018180816164665603,0.0006139744743414444,0.2521148801542107,0.0006971667398603942,0.0006292716896730832,0.0006139744743414444,0.0007577611201832202,0.24191419212083864,0.25208894984958147,0.05657829033655684,0.02526001975659392,0.2360350820996559,0.26816647165776053,0.0006139744743414444,0.2520779024677731,0.2815298268536828,0.0006616689495231032,0.0008024482205149785,0.22448792517313323,0.0587894768847248,0.0006416692760690124,0.26276161205438997,0.04530489667413845,0.04065982467424106,0.258071730705592,0.24208052946773173,0.0006139744743414444,0.0016066202241658833,0.029820881075090205,0.009874746509613702,0.24176109145913932,0.24386495893231228,0.061286781553446745,0.2520776368526197,0.009134518685910586,0.26289089801347953,0.054112260123287126,0.2521057419445795,0.0006139744743414444,0.0006616689495231032,0.007835177917899921,0.2982429740586604,0.0006139744743414444,0.262891074908465,0.2520776368526197,0.0008593041738060025,0.02710871472602952,0.0006139744743414444,0.30916670852694333,0.0006265705846330294,0.02709702389732499,0.0007998397028100013,0.2524550339995799,0.25215018447935666,0.252102331950732,0.24192833454131346,0.2520910185572879,0.23371039501220034,0.3011426898854491,0.0006139744743414444,0.25208894984958147,0.31153395235009723,0.02710871472602952,0.22065415214258632,0.0006265705846330294,0.0008963857368964601,0.273055368998267,0.04603264933881576,0.25219466615366337,0.25208894984958147,0.26829974699060066,0.0006524670186525416,0.0006524670186525416,0.04065982467424106,0.00938794076195612,0.0006209544415671508,0.0006139744743414444,0.009874746509613702,0.25213406745852945,0.26332370516970327,0.24777013186045455,0.2627762271638866,0.004300992319086955,0.2520776368526197,0.009146194721431411,0.25384200036256915,0.0006139744743414444,0.02717360471053401,0.0006139744743414444,0.26323230004072984,0.23598969819841292,0.0007295499591523091,0.01885983904190905,0.311550750038735,0.2640756586070157,0.22054491270436583,0.0006532640131189926,0.027093242902920228,0.26276161205438997,0.0006139744743414444,0.0006139744743414444,0.04518346259547673,0.03680757126174128,0.001723459012082873,0.24203485498467342,0.2520776368526197,0.3690156153107067,0.004297486497958802,0.02709599217341993,0.252102331950732,0.25224252427857485,0.004408219400561908
chr20:32277650:32277651:NM_004798:KIF3B,0.5368940917183904,0.13871738175032952,0.14154859830035227,0.0005117525281490478,0.1410091140919503,0.17837969249719088,0.1424122982250799,0.13761710582473255,0.02936079920873553,0.1449835551938496,0.14933469883253797,0.03866260974011912,0.5337145778053646,0.5385912026087588,0.34670395551301186,-0.0013652919595214322,0.07578552325853868,0.31417035425239354,0.18509400549170293,0.14154859830035227,0.32876333462718366,0.14157586134560107,0.0010264048015740102,0.09370406267479955,0.34749343647445835,0.1384710888915613,-0.0015430601787739823,-0.0010070756287727124,0.14058858359674883,0.0005994699337406716,0.2971672391385337,0.5701306227787377,0.14378798790697578,-0.0012740298038914077,0.5365606668723606,0.5349913051555186,0.13883736671740635,0.34685719959676026,0.1769474231371534,0.005240963484200341,0.34719030515309107,0.3469737298247553,0.1425619092408375,0.15039747903556303,0.14469327348015723,0.3663680412491717,0.14058858359674883,0.0005994699337406716,0.015243705044219999,0.13730456309281883,0.1688547740320146,0.34591248655858914,0.15106174996529298,0.14058858359674883,0.3470439678749439,0.1409411462554735,0.3473765078704771,0.34675811875032825,-0.002557475748402014,-0.0013973322507889359,0.21707562970816505,-0.0014203048564838793,0.14943512343387952,-0.0004270804480520068,0.8093093422542494,-0.001869839848064464,-0.00195680682039304,-0.0002687712396583098,0.1737900966876967,0.16836578231672547,-0.0019547626382199913,0.32863394814908686,0.34702790052615434,-0.0010762855023537573,0.15515026108079866,0.13909040895703734,0.005367899143548044,0.3462839473368425,0.01273539443859758,0.34749343647445835,-0.0015021298966947563,0.07142253824439464,0.7657198972373874,0.4685793411311638,0.17777106663073414,0.34675811875032825,0.3465875304943833,0.7308034773040037,0.14022190357414316,0.3545644150136805,0.32839373493050394,0.16664540767579672,0.3458964305110721,0.34670395551301186,0.5295657060203083,0.34702790052615434,0.16067485500296935,0.8154347834246484,-0.001598854826640607,-0.003977568880634108,0.14058858359674883,0.16836578231672547,0.3529716211891494,-0.00195680682039304,0.3470439678749439,0.14436540291741837,0.34670395551301186,0.8158109646733979,0.34184965848153026,0.14022190357414316,0.0009621444163300484,0.3261754833752723,0.34668339616605975,-0.0016994722115254261,-0.0015322408023781577,0.35059407512027085,0.7985055721068675,0.34702790052615434,0.07252271529417882,0.2632924920613604,0.3473400362312644,0.11295815136071412,0.14349812052294403,0.3465875304943833,0.17114516118031436,0.14857199611325037,0.3458964305110721,0.3466416783477516,0.18574269883439926,0.14022190357414316,0.05734138850817064,0.3469737298247553,0.17671116297589184,0.34115526076824426,-0.0013973322507889359,0.34723942268879,0.34723942268879,0.34095316856768915,0.2045314224079053,0.3465875304943833,0.5346357757883857,0.5360773791664202,0.11314092541721171,0.1313802616235171,0.17653225741838974,-0.00195680682039304,0.14058858359674883,0.2731922963660798,-0.00195680682039304,0.39359626136385206,-0.0018574490415702756,-0.0013563984715608164,0.1450490269591424,-8.413034771484647e-05,0.1665341203641477,0.3484066200664104,0.34707960064880966,-0.0017325337020647497,-0.0013846779278243702,-0.00195680682039304,0.3465875304943833,0.3461553336879816,0.14058858359674883,0.16599340455837902,0.13689987867608833,-0.001811173246318085,0.49898483953785605,0.9535301942876875,0.34702790052615434,0.3550184369908645,0.1476818705243627,0.13885215828083788,0.2826118249350873,-0.0015021298966947563,0.3867808426220061,-0.0013563984715608164,0.08806712050305836,0.3460493529740326,0.34800263588206304,0.3474757325119501,-0.0017241804096692574,0.34670395551301186,0.6858753338965056,0.11395734936439751,0.34670395551301186,0.14058858359674883,0.3468432501138763,0.11280490611421451,0.34130876074648364,0.13883736671740635,0.09398762488583176,-0.0015021298966947563,0.34670395551301186,0.1384710888915613,-0.006958899071672714,0.17635606718847247,0.3479132900012813,0.347544909227467,0.5364107464733435,0.343348208838994,0.5341125195195316,0.13883736671740635,-0.0010484607553643173,0.004737529318941383,-0.0003916924592068764,0.34727751641628446,0.341007374299162,0.1653850451463232,0.05932574031954505,0.541430439441002,0.3430729227468867,0.21653388714298394,0.4648691218123361,0.4688302418383985,0.13883736671740635,0.16523904519670599,0.16994765992462801,-0.0017547535457266492,0.22937357436106975,-0.0027437141949231674,0.23119274577422538,0.7789993513120457,0.5324740122003733,0.5345650648218663,0.14469327348015723,-0.0018571895560420947,-0.00195680682039304,-0.0003916924592068764,-0.0007197005280062049,0.4430429608850271,-0.00195680682039304,0.34680396741393,0.34588594198634753,0.7673253739255952,-0.009820165563076362,-0.0016900467378462621,0.34816884323774583,0.002248369641054968,-0.006249037686130544,0.3466416783477516,0.3470439678749439,0.34670395551301186,0.34670395551301186,0.17653084478152853,0.34599641742798837,0.0714738089478649,0.3513614662661284,6.409643909758948e-05,0.34670395551301186,0.3597173862413936,0.5264471513540252,0.5590191458748776,0.16762444933172926,-0.0015021298966947563,0.35614512933100323,0.34773617061482204,0.32865226953656224,0.34667516026153167,0.5655972106402962,0.2470483955020552,0.2470483955020552,0.2202057833167631,0.3318248301537737,0.3460493529740326,-0.00195680682039304,-0.00012042565991907464,0.34670395551301186,0.3476447485086742,0.5501831826859718,0.0025481594817293,0.5336444392925828,0.14058858359674883,-0.00027848140655169565,0.3471337767432995,0.29776001226007637,0.44276868983863926,0.14058858359674883,0.2746666295125355,-0.0014233373393506554,0.10732981862882804,0.07698130566397177,0.14194484558738446,0.66571287106561,-0.0016300396120449076,0.1669527536692644,-0.0016900467378462621,0.14022190357414316,0.14058858359674883,0.09370451058672791,-0.00195680682039304,0.7895047186673572,0.27636226604876624,0.34670395551301186,0.46897619615559666,0.2261239176117958,-0.0065588276868318585,0.1389319235108918,0.34667516026153167,-0.0073630309916775626,0.21459477335845917
chr20:36091503:36091504:NM_001258331:EPB41L1,0.2766812179808964,0.3706692265294679,0.1919419727172757,0.1253215633676215,0.39185890757965613,0.4175896852941846,0.011488570986795982,0.056899977740450455,0.33449161185975584,0.21267152318251137,0.1689020639282922,0.16561833471624704,0.2607614957832937,0.27768311793321676,0.0013434372394703215,0.051501560736270866,0.12417371907415234,0.2011826359827422,0.19044067711953605,0.19039395538125503,0.024766251504362305,0.2442261668473667,0.15440929740239256,-0.0016120182686472223,0.005187234176282668,0.19142616776389168,0.5673864350576696,0.15293486523102534,0.20586422663540116,0.03841888896676901,0.41859586718874126,0.22834784934792005,0.26803830256859795,0.013205827827925634,0.4099614924744102,0.0015385144174449306,0.18298586335417868,0.2403904777562605,0.11196709144105886,0.1741919894736437,0.0016489491312711296,0.12470192586942976,0.27540537617619504,0.00321774063405178,0.1659327070585107,0.17600120508973538,0.18298586335417868,0.11527618857251799,0.0033440589383436914,0.2506650875470391,0.24802494124149133,0.25221493752979507,0.15148308244246264,0.18299684392369725,0.6619432297619205,0.18298586335417868,0.43552502033294344,0.12126333801725597,-0.0298813074769268,0.5369453754558363,0.1839980172598235,0.00321774063405178,0.012119207943727561,0.04910677792790838,0.3373011218256954,0.2403904777562605,0.005187234176282668,0.002802008875831624,-0.004410186827413065,0.10100512785442509,0.0034005038599768528,0.2894554406917523,0.25479930573015763,0.23126610079576881,0.39255886395104245,0.20155173582293384,-0.0298813074769268,0.11455399345967447,0.26728129812212403,0.005187234176282668,0.1256580786596167,0.00321774063405178,0.8660131614671565,0.0030409695795845515,0.016608862127109034,0.6344535597240479,0.005187234176282668,0.20596573887832437,0.18298586335417868,0.246347797370305,0.21899288527323202,0.03219829060106058,0.13152740408331018,0.12436646918106567,0.012717230646074107,0.01168349243445524,0.5700347807855264,0.25883850008578924,0.2338628507606385,0.035879806000644915,0.1900765382104735,0.0034237452272701946,0.09268122561108438,0.24046681974484918,0.6507316129128371,0.31113035199498323,0.14511398978494805,0.1856342472878145,0.41462184686876,0.1900765382104735,0.0040412184069578,0.0037081704012681127,0.2403904777562605,0.005187234176282668,0.13318400466815644,-0.0028590218122325484,0.249394344165966,0.0015805680482068457,0.24479331070791702,0.21197362957574648,0.2403904777562605,0.6344535597240479,0.3445088972078555,0.124704736547353,0.1114024967538539,0.16916501344308565,-0.0019230488229021458,0.12126333801725597,0.24563367689879428,0.18299684392369725,0.4366877858632639,0.0013434372394703215,0.3734479528710451,0.1949921783836594,-0.00015378394945839147,0.01865243469230915,0.01865243469230915,0.005652009190433432,0.07175805640574068,0.5891885075324499,0.020392482714733984,0.24387359004189268,0.25006330935975196,0.1802947188823779,0.021791936809586243,0.009502797317916312,0.19596071743104151,0.27382797916385404,0.18298586335417868,0.37975270669443695,0.12566332383298143,0.23463485812739882,0.3104093961028441,0.08502577684224476,0.009947086594934304,0.10906138005449688,0.0993463884691372,0.08802748964595257,0.5894756903254821,0.1845929024067995,0.124704736547353,0.10992168280542819,0.18301316437794574,0.0033327164386438013,0.18298586335417868,0.0037925420444306773,0.021703606727940652,0.2517773458032148,0.1256580786596167,0.25291517169945754,0.06264392879323707,0.09032321542343331,0.4164582676995022,0.12126333801725597,0.17648024844834484,0.23463485812739882,0.4183401917653726,0.2403904777562605,0.21926327950589003,0.33639080072230215,0.11216195393290435,0.0015367022831554444,0.15501879603910593,0.004046540809283669,0.179032653807273,0.18298586335417868,0.1389871588013355,0.2403904777562605,0.15439478702474285,0.18298586335417868,0.017563834205037848,0.20178995860038854,0.00321774063405178,0.18299684392369725,0.9595747840762695,0.005217670951738029,0.0015367022831554444,0.11182914673433483,0.05520378042678614,0.27189734425645945,0.019687444541616125,0.18299684392369725,0.12594738609252687,-0.01396578223427622,0.12142139354923771,0.1356295846746246,0.0021114691143987174,0.1862346087125717,0.007360679306728027,0.2983950779934854,0.4239811882437827,-0.004426856099803839,0.3382094931632489,0.24287648154165314,0.18301316437794574,0.0013434372394703215,0.00248878149693188,0.08802748964595257,0.21659080457135432,0.46996142886083375,0.22168807798422305,0.29093328017696013,0.1612004830555703,0.18242328548795958,0.16915478315720733,0.2520775035108978,0.1845929024067995,0.1266596947608162,0.00321774063405178,0.08183653923490448,0.005187234176282668,0.17879382914990213,0.005187234176282668,0.005509129199948795,0.003523870079863184,0.0034514722434490497,0.14857790580300367,0.0026353270915193544,0.15923249718390492,0.13118642262209676,0.6316167748516268,0.11993345704424742,0.1796757434243399,0.021808935605346774,0.23740605165381326,0.009692476060969832,0.08147295500179205,0.18299684392369725,0.005386636543591228,0.8452851167942487,0.0029455807453300648,0.005319029617681922,0.00321774063405178,0.6334288762667255,0.023565430359940534,0.056031946289516674,0.21757278832871535,0.1259084623412397,0.2358677585747645,0.18350130177854757,0.18350130177854757,-0.004426856099803839,0.06602458670563405,0.23463423604713457,0.00321774063405178,0.09112313552921222,0.18608449022692164,0.2578801851712266,0.47627217799711263,0.15286887462561377,0.37699246536559994,0.18798153181740263,-0.011852907264167642,0.09973233645142526,0.005894840324160738,0.16034319120672108,0.18298586335417868,0.4780734598252568,0.4713257489801036,0.10096156127747218,0.2971438523639103,0.16298678388924215,0.24897206044143688,0.00321774063405178,0.11808432146416592,0.0013667010504009452,0.02166920616478625,0.18793583577518486,-0.0016120182686472223,0.160765629757196,0.4060194879171875,0.0183756483235461,0.24529232730596395,0.37059171163730453,0.15640760760483968,0.0035084251684490003,0.012706967859532736,0.1249125507368709,-0.002201011926616772,0.00321774063405178
chr20:44311249:44311250:NM_001080472:FITM2,0.6356787003104916,0.4845250183328178,0.021448885497394488,0.005249285508826196,0.024280348001254712,0.48450839687891034,0.6356246965860571,0.005249285508826196,0.48450839687891034,0.024904379983155797,0.005249285508826196,0.008266805739330571,0.005249285508826196,0.6356246965860571,0.005249285508826196,0.005249285508826196,0.0052560441165099975,1.76178473814865,0.0052945956725703736,0.005249285508826196,0.005307476801648531,0.02146746191722361,0.005249285508826196,0.5210348436765633,0.48446224664246135,0.005249285508826196,0.005249285508826196,0.005249285508826196,0.005249285508826196,0.018496272772995995,0.059862524992414394,0.5227788702033654,0.6627407146033698,0.4844997293523374,0.021481055328484266,0.6627407146033698,0.0052558006814728,0.48446224664246135,0.5236160199894302,0.04012606574984508,0.6356787003104916,0.6356246965860571,0.008575042473049382,0.6617070806358384,0.7053549901336142,0.6585957256080485,0.0052558006814728,0.6359557043889791,0.00935773804476453,0.6356601945510745,0.021734009895704315,0.6357121500138581,0.6356246965860571,0.021640132660615832,0.6694035698181721,0.021448885497394488,0.6591791782490667,0.5017116247183456,0.002486493375277364,0.48446224664246135,0.06611206291107627,0.6356246965860571,0.7049654863944852,0.48452352770241125,0.6358908347953713,0.6357201277998219,0.005249285508826196,0.005276237917770182,0.7051094960830198,0.005340122474156425,0.005249285508826196,0.005713061640800585,0.48454847719049043,0.6617452603223517,0.6681018160727458,0.6356246965860571,0.002486493375277364,0.005249285508826196,0.6812269516171419,0.4844665567403761,0.6630051241645836,0.005595886989167645,0.4846572244810091,0.6829358746093301,0.03385424312437092,0.6630935968677105,0.6356246965860571,0.1356392778536579,0.005347039656334304,0.6393857197550407,0.005267619341159144,0.005732786951397617,0.6805423429944226,0.04637144760788689,0.6810822936725618,0.6620847206257632,0.03921000109181976,0.6628979607433303,0.0052558006814728,0.04646705612420054,0.021640132660615832,0.005367076697386827,0.7095372335415309,0.48446224664246135,1.90670387050164,0.6659293340075068,0.6359976032606534,0.6629963555574259,0.6621743700869196,0.005346638232552742,0.6627407146033698,0.0056716287335899646,0.6356787003104916,0.48446224664246135,0.5065837103655252,0.04649320009086118,0.6357142031666043,0.005276237917770182,0.6357845013417788,0.48766056816650316,0.018295013105088978,0.6638775564082574,0.04433374823133607,0.48446224664246135,0.005340122474156425,0.025733861959966242,0.005249285508826196,0.5017116247183456,0.04694572108412662,0.005249285508826196,0.6598180953670258,0.6356787003104916,0.07010360353163912,0.046373830895236154,0.005249285508826196,0.4847547700949868,0.4847547700949868,0.6473158247322292,0.540874768615906,0.6616778986601912,1.7125298935370727,0.6358313775547764,0.6361806415085557,0.006473351063694635,0.5236543110854264,0.005249285508826196,0.005249285508826196,0.6357025209026738,0.005249285508826196,0.4845038897172684,0.6359185410133263,0.6356246965860571,0.021468042937808657,0.007588035354227446,0.02444044917856858,0.04648645305339736,0.6642879597646454,0.6356246965860571,0.6357121500138581,0.6355679193494772,0.6627407146033698,0.6356246965860571,0.005437884730295717,0.6356246965860571,0.0052558006814728,0.005262781066945235,0.6621164299130673,0.6356707435880957,0.6356601945510745,0.48448034308998783,0.6356246965860571,1.7123975923056638,0.006274121034568744,0.6356246965860571,0.010556405737966984,0.6356246965860571,0.006444057337319481,0.48446224664246135,0.005249285508826196,0.7143485263508722,0.6805362107826285,0.6356787003104916,1.8887869507735435,0.6356601945510745,0.6360840341331339,0.005346638232552742,0.6621948383390903,0.6631616091908673,0.5141329244859303,0.005346638232552742,0.005216640957717955,0.0183142813322396,0.018295013105088978,0.0052558006814728,0.7374609631753342,0.033880295496334895,0.6356787003104916,0.0052539087525716455,0.6363087307289941,0.6650049065725379,0.6356787003104916,0.021640132660615832,0.6614450175269371,0.005543545767962059,0.04918093436335413,0.6356246965860571,0.6630312082005335,0.047986993157174966,0.005249285508826196,0.662793340553882,0.6585148777148968,0.680946002171991,0.048632392236707254,0.4849436358591579,0.021640132660615832,0.005249285508826196,0.005216640957717955,0.6356246965860571,0.6515882918591718,0.660015957753946,0.038904912431108676,0.5376508590833861,0.005267543825867263,0.6356246965860571,0.025753825720716786,0.48446224664246135,0.005249285508826196,0.049161465849797324,0.0054562128334154775,1.7419866221633495,0.005249285508826196,0.6358908347953713,0.6356246965860571,0.0065614086187901904,0.03918332441329093,0.005249285508826196,0.6358339480873291,0.046373830895236154,0.03908868952280697,0.5017724116190942,0.6631184232169551,0.6357142031666043,0.6618043485226854,0.48510340758228226,0.005287764454233859,0.6356601945510745,0.7090924327329458,0.0052558006814728,0.6357210235909228,0.786891376113896,0.03918332441329093,0.5021778159017259,0.48720286435277904,0.6630051241645836,0.4844464664244663,0.005961398681015348,-0.044780765970787756,0.6357210235909228,0.6628125896535981,0.4844689202919554,0.4844689202919554,0.5408473236461043,0.018322206737983168,1.7123766650332999,0.005346638232552742,0.6836987107937373,0.7092070441087148,0.668519249315283,1.9470438134318377,0.4844884304329298,0.039780921246058816,0.6637986156077051,0.00527487395993359,0.635801669640015,0.6417319728291141,0.0050093699722740526,0.02154747080978746,0.5486727383863994,0.6603402192488306,0.04738007736004504,0.6585124103938159,0.6627407146033698,0.4844803303517543,0.005249285508826196,0.049187703642566374,0.005249285508826196,0.6356246965860571,0.005437884730295717,0.0315234973724854,0.005249285508826196,0.021560783647327775,0.005269296310453558,1.7124796528942143,0.48454081222767253,0.638820957355094,0.03929412406822104,0.03349672578536961,0.6357210235909228,0.005287764454233859,0.008548032337606717
chr20:51768411:51768412:NM_006045:ATP9A,0.115017856251563,0.13345258723246975,0.009878308674197672,0.3153359010033936,0.13287037249479208,0.3042436076295003,-0.03768114806715275,0.13098986008836008,0.13209651011260606,0.1158933875868242,0.18973504190501286,0.013306963222990444,0.3365678806615341,0.13284364141407168,0.649379847195172,0.13225366405951705,0.3995096517086284,0.1849315433478049,-0.032609353309806424,0.011417157686673389,0.0016528210849138993,0.22720006473146784,0.16667708403735254,0.1739279420896116,0.0016614858271094494,0.1717000022536335,0.1366633070153172,0.18567166963901094,0.011432978987518074,0.25580295627323546,0.33058139713921814,0.355370635665774,0.25086165904899854,0.015236887765590932,0.40599180201817464,0.1776450389516288,0.009878308674197672,0.649379847195172,0.01229949812356316,0.14759821332847034,0.1366633070153172,0.28876746677250986,0.191430871771585,0.012625649103241663,0.8275504925413818,0.6518878955655494,0.009878308674197672,0.02187760481334438,0.008334679390592292,0.22070778083447065,0.0019144372830236895,0.31521346931973293,0.18973504190501286,0.22757346142890153,0.31717986193312475,0.1698817791172332,0.10724492537197391,0.14048132624558463,0.8310641738411024,0.649379847195172,0.001651304333558724,0.12939291091173516,0.017236797850407624,0.14705367556991203,0.19248063709372287,0.3363153481408026,0.0016614858271094494,0.015236887765590932,0.030928611079649858,-0.02475589437203654,0.001664124244945853,0.22553128418736768,0.6583894763057496,0.21092674376456624,0.06514112105685324,0.15467410175341964,0.8310641738411024,0.00010355066712960042,0.3428710613267276,0.0016614858271094494,0.0016614858271094494,-0.01475719449122019,0.31973474684255104,0.34602505021539187,0.01289086517796039,0.6584375362869765,0.0016614858271094494,0.27801339748710374,0.1698959572922023,0.6438228789640863,0.011432978987518074,0.006671046647443037,0.0038267431327061617,0.649379847195172,0.053453666873751346,0.31704468622377635,0.846721292890437,0.1906725542023463,0.07957057376556448,0.366936310129854,0.41122038125249616,-0.029926873021620375,0.15402952448325374,0.09601104945478214,0.7328988938612893,0.36523102954381464,0.1538714316042177,0.2487063102882696,0.6438228789640863,0.22757346142890153,0.08395384963119351,0.0016614858271094494,0.37330494233768613,0.003636838253974225,0.31675749546319343,0.001651304333558724,0.4924747804899102,0.0016614858271094494,0.3354164534332485,0.2083221352694211,0.649379847195172,0.6500500024492346,0.11800883589521215,0.1366633070153172,0.11474603260940142,0.40704399176156125,0.0016614858271094494,0.13752280652263785,0.3453173128939493,0.049151084110292724,0.6524012897768381,0.12936237454198837,0.3675354919835381,0.04763176737912934,0.31973474684255104,0.3203120032393384,0.3203120032393384,0.13713909025157195,0.0016614858271094494,0.0016614858271094494,0.22851607500933843,0.07377983685989722,0.2901369553244614,0.05614504335043481,0.01711924423111295,0.0016614858271094494,0.014582265966828219,0.1206595563199961,0.12936237454198837,0.005500406525946696,0.31521346931973293,0.1366633070153172,0.010169650043503686,0.006706413108367284,0.004913411910218695,0.15403565013038073,0.003918404828696557,0.002828094182462118,0.31521346931973293,0.0016614858271094494,0.1366633070153172,0.009894121036092482,0.22757346142890153,0.35111411070971266,0.059224828035257866,0.31675749546319343,0.31723340631525054,0.26427512659424657,0.6713218454188423,0.0038445374382510625,0.17622968960587804,0.2230348372908217,0.2336635825691053,0.0019943884927772692,0.315635664779103,0.1366633070153172,0.052752804177936236,0.649379847195172,0.005952175240128718,0.621157064466201,0.0037777127539938334,0.0016614858271094494,0.4064395729656465,-0.023495546424348444,0.3767680455958625,0.3273446704639457,0.649379847195172,0.0024619645515031236,0.018531643326731507,0.009878308674197672,0.0016614858271094494,0.2849116235526432,0.0016614858271094494,0.1698817791172332,0.4046864279434659,0.01774195736260054,0.001665703020792313,0.0016668606565603235,0.4550865240739923,0.41101484760745544,0.15478662652484035,0.3891700333887176,0.002823270588517647,0.6005834290693166,0.03520031636948461,0.1366633070153172,0.1423832465497005,0.0583775390543311,0.31521346931973293,0.8356600503362682,0.3392331953210912,0.030928611079649858,0.2065027016187779,0.40951550394720254,0.2276159316712311,0.0016614858271094494,0.0016614858271094494,0.002828094182462118,0.3922512983918862,0.07031627453345313,0.38653958614661965,0.005770723042660804,0.1698959572922023,0.1698959572922023,0.3728928632943859,0.31521346931973293,0.0016614858271094494,-5.655410641130669e-05,0.08199907914916399,0.5894206117535408,0.0016614858271094494,0.39439328963725684,0.0016614858271094494,0.6502734581594765,0.362043923031353,0.0016614858271094494,0.1267635774791186,0.050748110199606095,0.06025132587367618,0.14048132624558463,0.6438806904603,0.649379847195172,0.41741237800673275,0.017747531170500527,0.31521346931973293,0.3153016714173221,0.35767605869862046,0.22757346142890153,0.3487274685555777,0.4583623818126632,0.38878712288773654,0.3521202209501197,0.002204538284255729,0.1365444900530996,0.12845212468485892,0.041094749678865616,0.23908071816516746,0.6918323458822908,0.04649723924993296,0.0016614858271094494,0.0016614858271094494,0.5300791619229025,0.3192426209408943,0.0016614858271094494,0.009894121036092482,-0.03025415797721234,0.0016614858271094494,0.6753473683572984,0.5215521869390711,0.3198159000926636,0.5380721738276439,0.17058525160228227,0.38949586264112124,0.31563747689308885,0.03149524583980083,0.2332872410905758,0.1698817791172332,0.20769383895500138,0.06925032132160543,0.0016652005290130906,0.3278681368991119,0.15916003848188745,0.38422650050740115,0.0016614858271094494,0.0352683179240012,0.0016555216364984107,-0.03736051422298715,0.22757346142890153,0.020960846506592946,0.0016614858271094494,0.010169650043503686,0.03898650161258763,0.3397186605788052,0.20726432590816865,0.5377586840470956,0.37411320985121854,0.01714970637148082,0.6918323458822908,0.012649481086686254,0.0016614858271094494
chr20:58651252:58651253:NM_001134772:STX16,0.4166338685878339,0.07002407934713495,0.42873816228727146,0.20039379886946584,0.20894372635133396,0.11576869097509218,0.223908820049634,0.02327122229179568,0.07002722854468507,0.3529059873431214,0.284919840354375,-0.0004611945765030101,0.35243776162853024,0.7079842425512831,0.20039379886946584,-0.001623605271409423,0.20039379886946584,0.36684706236718845,0.19324768120999974,0.32134057098000435,0.14737898061596927,0.1946125754781019,-0.001623605271409423,0.0709873943405559,0.20039379886946584,0.17839828993021817,0.16283355616087533,0.04002082982208566,0.32134057098000435,0.0658628852518327,0.43023480958681537,0.49091877906589027,0.5953706674207299,0.019198019721443527,0.04970255225927572,0.45643691243485623,0.021368687144853515,-0.0008206354770827762,0.2911079418708825,0.07813209539602084,0.20105789616302192,0.5548795162050267,0.18339081148630243,0.023278259011968283,0.19123328460451344,0.2094695792351664,0.021368687144853515,0.0213795437775669,0.20039379886946584,0.23931776583085113,0.11794405552795661,0.20105789616302192,0.28492093408849994,0.06393442790335818,0.2730611098233779,0.18339081148630243,0.22622897111302848,0.010324519846097058,0.21353214909241908,0.20105263432701442,0.11794405552795661,0.2225702582024091,0.2823462755122991,0.018639240543705637,0.7311145308014666,0.2112761341872943,0.20039379886946584,0.05070069909497249,0.3268085293076429,0.1834061065037238,-0.001633991469797147,0.13926694330938566,0.009158746025710207,0.20749138526496375,0.07661270482921428,0.13176696373736277,0.21353214909241908,0.01883809690652144,0.22390264802869342,0.2210632458202616,0.01099484662346889,0.035680093612738495,0.1820275030573119,0.22389731097311827,0.26024555492817714,0.26927217920840274,-0.0005376290823800312,0.2502795046483089,0.021368687144853515,0.22560389508903925,0.3716154823673277,0.24246147468140616,0.22390264802869342,0.20039379886946584,0.2775636693410072,0.2019498662176931,0.23263124361962179,0.2828179735634464,0.16684568717014786,0.0075467373751961775,0.06393442790335818,0.18366047801122526,0.15079737778206542,0.210429152143079,0.22411720934924792,0.3297651927165891,0.23556424120216762,0.4909731898559171,0.22751675892034784,0.021382529659904947,0.22612823864029954,0.14737898061596927,0.5572646246265583,0.1700409111654278,0.20039379886946584,0.3582643742163931,0.7051536385835452,0.2019324765283999,0.21042984105883095,0.019600347303675436,0.20258378900836344,0.07005163434253381,0.1388022317840339,-0.0005376290823800312,0.18341049308198315,0.3477708504956638,-0.001633991469797147,0.010324519846097058,0.21712309856811324,0.021382529659904947,0.4140987773178117,0.2019324765283999,0.13698571767280343,0.2009175448335016,0.20039379886946584,0.1726743636309866,0.1726743636309866,0.2463121758295152,0.6606686957653927,-0.001633991469797147,0.11053186732281059,0.3716154823673277,0.20190895517186655,0.030149392577221323,0.36617278712793905,0.027997309659080316,0.021822123173892927,0.2681909301360496,0.007699050034017274,0.1947349989735404,0.2010642072535291,0.20039379886946584,0.20262547380773746,0.021368687144853515,0.0207386851534887,0.021822123173892927,0.20562711056357003,0.1726743636309866,0.20406969162226407,0.22390264802869342,-0.0005376290823800312,0.021822123173892927,0.06392009534230242,0.20039379886946584,0.021368687144853515,0.20040051487806726,0.21436019816525004,0.7074893827672761,0.20386785974772187,0.13187208264821926,0.42683487002090004,0.3810994694135541,0.03229618098504017,-0.0008206354770827762,0.24672821031839737,0.20039379886946584,0.023605809641235154,0.17096394886270896,0.1700409111654278,0.2374962860642272,0.20039379886946584,0.20126819508040816,0.679067761187213,0.37057681447689755,0.22481106857705443,0.06392009534230242,0.009158746025710207,0.2242466644849801,0.35346416296748645,0.021368687144853515,0.13185684892086336,0.032766028995443064,-0.001622764872144522,0.06392009534230242,0.22607766586554862,0.3166708125377078,0.22390264802869342,0.17346040781690344,0.04300341991312695,0.22638257910890425,0.19699173463632982,0.021382529659904947,-0.0012071385856388117,0.3647009889505042,0.19473036321498643,0.01099484662346889,0.21463513658466596,0.15720213221309415,-0.001633991469797147,0.42687205741485656,0.22116722872192113,0.36007521691451755,0.2009209169473365,0.18160560994763844,0.06392009534230242,0.009158746025710207,0.14839280733566934,0.1726743636309866,0.2081458459566483,0.21272138255660009,0.38395595193533477,0.22390264802869342,0.4268295975327179,0.42873816228727146,0.33041489898403387,0.20039379886946584,0.021368687144853515,0.19473036321498643,0.359750054100311,0.2321717880017298,-0.001633991469797147,0.20039379886946584,0.20039379886946584,0.2104342186571156,-0.0015026045240628672,0.210429152143079,0.44603465033674194,0.0008979808959606594,0.0009712297057006269,0.06489044769250535,0.19478271069117126,0.5548795162050267,0.2019324765283999,0.2505504336015646,0.22390264802869342,0.210429152143079,0.34758737054335,0.06393442790335818,0.2019324765283999,0.4619990238403129,0.11581427565857044,0.20272116163392012,-0.001633991469797147,0.01357664795370428,0.1987470249461977,0.2318793875485116,-0.0016204807251342657,0.2019324765283999,0.2001296477767086,0.20039379886946584,0.20039379886946584,0.327079020786616,0.4299906385452344,-0.001633991469797147,0.021368687144853515,0.17607764151257976,0.2009166148015658,0.24061706844251524,0.2771984206160877,0.06505911360264344,0.2115390044913345,0.4268295975327179,0.3449924035650268,0.2047649094342091,0.2297243321993993,0.033267935414674266,0.22390264802869342,0.2040857493501789,0.2128805911766758,0.0009504115059438267,0.37208303102994345,0.11417469871754497,0.21039549405995422,0.20039379886946584,0.19473036321498643,0.021368687144853515,0.4268295975327179,0.18339081148630243,0.0024794573170873746,0.20556079261755786,0.4030501279314813,0.05016091373748721,0.2255547164768842,0.20128336122306317,0.02139435208987417,0.20093034610968014,0.11083708158902406,0.5572646246265583,-0.001633991469797147,0.04000948812640348
chr20:58839717:58839718:NM_016592:GNAS,0.01884346399521926,0.028513831930254835,0.018461512859522383,0.0036199258480095753,0.018461512859522383,0.020756429050273834,0.0036199258480095753,0.19138721380905344,0.017069557024422782,0.11083912045455771,0.01884346399521926,0.05165642097302406,0.19138721380905344,0.018461512859522383,0.008162609200846827,0.19138721380905344,0.08595398442976934,0.017556770454632414,0.2075943800984435,0.19299497727032355,0.0062671746670813905,0.018461512859522383,0.0036199258480095753,0.0036199258480095753,0.005231327971295344,0.19349501897320112,0.003378879842245719,0.19138721380905344,0.19299497727032355,0.19138721380905344,0.2075943800984435,0.5673007239282972,0.2154830673241544,0.02762078637692901,0.03817661468664883,0.008529498312142086,0.0036199258480095753,0.0036199258480095753,0.006542603317496648,0.29563010289209307,0.2360911880126661,0.23682574796816197,0.10757942678827935,0.22031246880252423,0.018844689379533763,0.1160081077203047,0.0036199258480095753,0.0036199258480095753,0.0036199258480095753,0.018461512859522383,0.018461512859522383,0.006542603317496648,0.01884346399521926,0.0036199258480095753,0.10547390732736439,0.018461512859522383,0.04362735698615916,0.08403948529081821,0.018844689379533763,0.008162609200846827,0.0036199258480095753,0.0036199258480095753,0.003985967955265485,0.03835660067773772,0.2671024032659354,0.008056970363489374,0.00576216123190286,0.02762078637692901,0.003985967955265485,0.0036199258480095753,0.0036199258480095753,0.0036199258480095753,0.05807512660506868,-0.01017170834057994,0.0036199258480095753,0.0038288703941353613,0.018844689379533763,0.1913911468314094,0.004974583396652257,0.2472986625292024,0.00658882605350708,0.005578254226829282,0.00869305856136185,0.007276225609573125,0.005578254226829282,0.04771694535727693,0.0036199258480095753,0.2445229398790001,0.0036199258480095753,0.009131302817690715,0.018461512859522383,0.0036199258480095753,0.004979556156536516,0.0036199258480095753,0.0036199258480095753,0.0037836249426607127,0.015528902359036159,0.5173145244040651,0.0036199258480095753,0.0134062670981243,0.0036199258480095753,0.003985967955265485,0.19355380199789035,0.004272059269829945,0.08892355429071239,0.05340625859349178,0.0050447311728317595,0.47718036662050434,0.009131302817690715,0.0036199258480095753,0.006542603317496648,0.0052282882166102,0.00869305856136185,0.00651431386569383,0.011813527226529535,0.005007577405326383,0.33665404751519507,0.2335159166941566,0.2812770577027607,0.004189720666122873,0.006542603317496648,0.1375543103152301,0.11246894642387363,0.0036199258480095753,0.003985967955265485,0.02081391613542391,0.005007577405326383,0.0036199258480095753,0.19144044260251497,0.0036199258480095753,0.15843909217930746,0.004974583396652257,0.1913960348682578,0.005371996898306364,0.008162609200846827,0.0036248915591240577,0.0036248915591240577,0.03001855706804997,0.22155069596843774,0.0036199258480095753,0.19923064149077985,0.013906966657715292,0.04343746744778783,0.005578254226829282,0.0036204726289669337,0.0036199258480095753,0.0036199258480095753,0.009134958525998604,0.0036199258480095753,0.04038582830331783,0.005231327971295344,0.08828187677128266,0.20159611775599456,0.19138721380905344,0.13806137176871186,0.005007577405326383,-0.010047513250490608,0.0036248915591240577,0.006542603317496648,0.0036199258480095753,0.0036199258480095753,0.023526328233150262,0.0036199258480095753,0.0036199258480095753,0.0036199258480095753,0.006617860842265982,0.08066340814316586,0.21847160437356258,0.01576594168371087,0.2075943800984435,0.012545081187367066,0.2124257004343555,0.0036199258480095753,0.00576216123190286,0.06619106411938519,0.08595398442976934,0.0026878302126263354,0.0036199258480095753,0.020538167933849147,0.243661254004854,0.006593807142520849,0.32533645818809176,0.20086444339334603,0.0036199258480095753,0.004974583396652257,0.0036199258480095753,0.006712884773151531,0.013327337674975848,0.008295279916591652,0.0036199258480095753,0.011368284170455031,0.005231327971295344,0.0036199258480095753,0.0036199258480095753,0.08770924319971235,0.19345054061941389,0.2296312514652668,0.003591876022390486,0.09063273183938159,0.2295981643941138,0.039062630041120455,0.0036199258480095753,0.0036248915591240577,0.018844689379533763,0.003624668254419025,0.0036199258480095753,0.04860985815996732,0.19138721380905344,0.012700754554293717,0.01884346399521926,0.10366186715112038,0.003985967955265485,0.006389113251773798,0.2868393967292022,0.0036199258480095753,0.00576216123190286,0.011526496274219047,0.0036248915591240577,0.052990956735852704,0.278397084059402,0.0204674250092462,0.0036199258480095753,0.01884346399521926,0.0036199258480095753,0.020818750949117962,0.006542603317496648,0.005231327971295344,0.003624668254419025,0.21061131543749928,0.322995894503023,0.0036199258480095753,0.004974583396652257,0.0036199258480095753,0.3553526203815727,0.008090687567637353,0.0036199258480095753,0.357403380444659,0.0036199258480095753,0.005157913583901497,0.003922558814051957,0.4056786873859103,0.32533645818809176,0.0066203437632566114,0.19345054061941389,0.3245826581710512,0.009060082251815454,0.2348831484268265,0.0036199258480095753,0.00658882605350708,0.49741751016190877,0.008062353795052296,0.037068400275896904,0.0036199258480095753,0.05041354845722275,0.006136603609021865,0.3059866767146429,0.0036199258480095753,0.00658882605350708,0.005231327971295344,0.003985967955265485,0.003985967955265485,0.003985967955265485,0.02297626425854324,0.0036199258480095753,0.0036199258480095753,0.004051860720169942,0.0036199258480095753,0.14709819919132436,0.11833420779632028,0.19138721380905344,0.006193760662463757,0.0036199258480095753,0.003985967955265485,0.2521069677521085,0.008208299088385843,0.003753876888080432,0.0036199258480095753,0.005055030452734324,0.48721566653949916,0.0037466351114150004,0.16526441994423213,0.19478029528298926,0.3348724160042267,0.0036199258480095753,0.003769120003932161,0.0036199258480095753,0.018461512859522383,0.0036199258480095753,0.0036199258480095753,0.006295485689506178,0.03020567701607288,0.003985967955265485,0.00658882605350708,0.0036199258480095753,0.012548437765898757,0.015147770825360618,0.020899304054930595,0.0066203437632566114,0.003887618729533901,0.0036199258480095753
chr20:62861763:62861764:NM_006602:TCFL5,0.020208775975991078,0.25447691286991175,-0.004152086627549595,0.333048216545715,-0.004398226153368365,0.2543572883119682,-0.00638747761273914,-0.00468805859797547,-0.0008777902459169706,0.040324676391037706,0.0003838715763244266,0.32899349176771575,0.2208285462233115,0.020429992989011797,0.5617079602359973,0.019220708880508933,0.3675306249382872,0.3433537443537702,0.05293018600985551,-0.004398226153368365,0.21547931766103018,-0.003414118028525648,-0.004323029336585835,0.07265585723509017,-0.002658028660865286,-0.004152086627549595,0.19513416377213955,-0.004152086627549595,-0.004152086627549595,0.07837390241677732,0.1270087866635475,0.7099295062467297,0.022862352100619876,0.02102484860321381,0.07239121923155858,0.0976789522957853,0.007984502181249284,0.5725948841944162,-0.00019132521931997104,0.01029373767502971,0.28721078353099566,0.6835009155683094,-0.0035402497032666763,-0.002842863245753738,0.12440538148978886,0.005164966098043122,0.007984502181249284,0.003577166004649232,0.2577609913840566,0.024318618926699995,0.0955879678198255,0.2130499166755031,-0.00012364731007694085,0.007984502181249284,0.25266954876438674,-0.0018810670604030993,0.30843765710837795,0.11631702170281136,0.10181298781574964,0.5041637754526833,0.09536022894715955,-0.004901205855881316,0.05157375451930441,0.24980690702003178,0.10256773229645882,-0.004901205855881316,0.11573012326336357,0.01719490234832341,0.05157375451930441,0.07158538002295621,0.005784791511305704,0.02044652111611124,0.5125545785308729,0.024273886144092274,0.276986484056073,0.2474615952249212,0.10181298781574964,0.014185827587967603,0.029699689699452178,-0.0029776736687209815,0.1279197817654554,-0.009625499448646949,0.136081978127255,0.2733588529654273,-0.00019132521931997104,0.1276171864580537,0.11579062577592551,0.1018924788539117,0.007984502181249284,0.23872435565408837,0.0226098978616147,-0.0012756314344773145,-0.004901205855881316,-0.004146497258520301,0.0756971350020959,0.0018179012267905276,0.009174340388834884,0.22430039153792514,-0.003918055414923072,0.0018870801741127236,0.00874123850457055,-0.004624718186209728,0.0024378250315138794,0.22029013745882386,0.5150725494288348,0.05825540562046838,0.10264753864412773,0.39398787928920437,0.01683803416497666,0.007984502181249284,0.0976554007402102,0.24814168478766416,0.23940806153920188,0.21377587850255375,0.017949521415482755,0.002293360975968828,0.10305853985447885,0.11732516300784868,0.3212110099950421,0.2883697613090865,-0.0024893996680659947,0.28399252092734567,0.05103916394753838,0.11579062577592551,0.07158538002295621,0.05901588000180229,0.01739503268662712,0.11417072745739394,0.07100286669915269,-0.004901205855881316,0.009226173518138703,0.1300037677508053,0.0737773178477128,-0.004898561781928615,0.5065710073394833,0.4994105185285415,0.4994105185285415,-0.0044911381558109115,0.39701234456577655,0.28494606498685215,0.37913573487254104,0.3472593023563233,0.017614802216489242,0.049456639477993905,0.0007208361111597089,-0.004901205855881316,0.010278235291883639,0.33071901004712717,-0.004901205855881316,-0.0006730914691514822,0.19209076878244086,0.11902299022251153,0.0702825689827854,-0.0005735352102947122,0.02170920755269619,0.002798893296516919,0.25330887816284386,-0.0037428167893913677,0.49710665401778537,0.07306565533773333,0.1167242158584883,0.08505581354425006,0.00874123850457055,0.2229424251729328,-0.004901205855881316,0.30919576317740277,0.22935465877859207,0.45525391126185116,0.11629615493104599,0.23533056340257094,0.09807184170373048,0.09708496638397159,0.04158756088137687,0.1136853538945542,0.2291294299247706,-0.002022087210485718,0.03504135954235954,0.1245544463584168,-0.0009606211752571925,0.13349752179137492,0.11261031486608482,0.11701305056422125,0.36022711368415117,0.101737279874521,0.6497270272095136,0.007984502181249284,0.23504966656094,0.01719556784457281,0.2818783097689832,0.007984502181249284,0.02137292141464836,0.07342024727588754,-0.004901205855881316,0.007984502181249284,0.11673068374617872,-0.0021651700568431492,0.07518277494488673,-0.0023251458635872024,0.46953048240199324,0.23722254900549483,0.21384966821607443,0.007984502181249284,-0.0047532269367466795,0.0936239139145498,0.04388163842777157,0.11623003830200908,0.05041035606704308,0.05363375381106854,0.003922624854188483,0.09444150521648363,0.015830371599871412,0.1860573002288086,-0.004297337313175734,0.023619743971176305,0.007984502181249284,0.21659109599534354,0.022180007809268418,-0.0037428167893913677,0.30115631457378345,0.34179431775595315,0.06346312143957814,0.03361274705275541,0.244574308481403,0.07355593170566624,0.045125117259625036,0.2130499166755031,-0.004148068711404149,0.03880904266089982,0.019220708880508933,0.200315707690914,-0.0036955141660050678,0.07747222208181193,-0.004169458934305814,0.004450450674231707,0.042326439009329433,-0.004901205855881316,0.35832849703467873,0.13399160091760687,0.02215050976312591,0.11551797892741322,0.987489283617309,0.29762112207216795,0.20401938970893851,-1.1476707183363799e-05,0.039431082239204246,0.31318495643587235,0.290124031548819,0.007984502181249284,0.11639679394653216,1.026417159311345,0.041735415019064206,0.23980004843188363,-0.004901205855881316,0.12308908509663759,0.3644208855047571,0.1008418225292421,0.25038654924548565,0.12521651931118338,0.3134033960025413,0.28112199725247167,0.28112199725247167,0.21359926070261318,0.07183391710350634,0.24386043045885952,-0.004901205855881316,-0.0016364105761276782,-0.004901205855881316,0.43511729946642674,0.45041916665416315,0.2660257709041011,0.025179662411869308,0.01145072024829133,0.07180051738100118,0.2369924596419755,0.0043988726748301205,0.034811240574869534,0.007984502181249284,0.3729279068543059,0.3062692854531844,-0.004901205855881316,0.00577945599559164,0.3587264593871685,0.03458422351531995,0.21256049139644817,0.03929289363256068,0.0721386878742716,-0.004152086627549595,0.007984502181249284,-0.004023770308430805,0.04532169014224856,0.0237646394033508,-0.004901205855881316,0.21384966821607443,-0.0024175315654794555,0.06538422520099299,0.004077317704494113,0.05157375451930441,0.20136091302334574,0.2695116917378283,-0.004864892182167596
chr20:63895101:63895102:NM_025219:DNAJC5,0.027471300739497627,0.6916371783989107,0.102391307481243,0.5467482718861738,-0.002703668671665763,0.691638421838186,0.06488128228829958,0.06364484534482726,0.07577961387466216,0.06470869103221119,0.07402494554026076,0.04364578484422879,0.6404155104778284,0.06467109496261826,-0.07299869735231329,0.033627757352578114,0.6206186047207122,0.7305633870410448,0.05776349840854646,0.0505740466240937,-0.002703668671665763,0.11061730969930281,-0.002703668671665763,0.06169046944551969,-0.07307011408833142,0.08137359116462006,-0.09656975064752253,0.03482498569232774,0.03187994205700789,0.5994456667168431,0.10152415406992249,0.4329605982584346,0.666387095382537,0.03955113425911418,0.04960131141084915,-0.08105700682947103,-0.002703668671665763,0.6000307864336618,0.036583025536740026,0.52825780346183,0.22573059512967725,0.38208349194394997,0.6413356896835752,0.6001039256836187,0.1328158886658553,0.6735759896376384,-0.002703668671665763,0.5989800925618322,0.035423395453883094,0.006182361373596453,0.5285080471825737,-0.002703668671665763,0.07318441286859334,-0.002714230910897856,0.39260038578242185,0.08134094882104229,1.08430655783745,-0.07098363279349046,0.11195539496755691,0.2248972512831383,0.5557167255696351,-0.0026358360522762926,0.014128044875149057,0.03482498569232774,0.031579116222063594,-0.0026802481635126527,-0.0023389704665839296,0.03485230640013163,0.014128044875149057,0.03482498569232774,0.01615748018838675,0.03034059409486442,0.33610076295732716,0.005268770534292959,0.3341873240754908,0.5392673622596669,0.11195539496755691,0.026613364946742313,-0.062423979756088877,0.0352840110688222,-0.0962470551383027,-0.09614345834569903,0.2868588411351021,1.1432985603944381,0.03756937160671875,-0.0743480223900441,-0.09503150440587757,0.11075217216881117,-0.002703668671665763,0.32145359195419754,0.03643673968828584,0.0028509489111234448,-0.0019770045853806113,-0.00017408787613608194,0.014629387922620331,0.025297047994322544,0.6301230240809684,-0.00024831979030531803,0.026566863646116812,0.6072865986935089,-0.002681811949762405,0.034931936903777466,0.08620866478198257,0.5285080471825737,0.40741725095735226,0.7408873713515036,0.06867042269774731,-0.004504104916042362,0.3248139620624674,-0.002703668671665763,0.06369810471715617,-0.002703668671665763,0.035916792399393764,0.04326152638392852,0.003802733752503184,0.08554573697385204,-0.05077534125696573,-0.07054862453311983,0.006668600517424809,0.037598765159091184,-0.09596401192432659,-0.06305297438738408,0.1017161879755428,-0.09503150440587757,0.03482498569232774,0.8073998518687253,-0.0024841224800028917,-0.0731060701567996,0.07153678348336227,0.026533227325877193,0.7745922670939566,0.035916792399393764,0.03270227681048822,0.006453164448724416,0.349720881711232,0.33843319054975907,0.33843319054975907,0.014644420491047905,0.6808764104027124,-0.09678137441328637,0.42528107304168394,-0.09483800354657906,0.5439563917718303,0.010125826717843133,0.03791777217908704,-0.002703668671665763,-0.002117094038244294,0.01770579302607561,0.03185752869266317,1.227558727424523,0.29852909048683185,-0.07406431530960658,0.5846822237669683,0.03482498569232774,0.033745799820622945,0.055746227956194404,0.33816752102824243,-0.002703668671665763,0.035219630745785435,0.0355133859014389,-0.09503150440587757,0.005341093731688258,-0.002703668671665763,0.3458482298372534,-0.002703668671665763,0.28833256768140775,0.3130669483893241,0.06348234999926003,-0.06919713863043306,0.04477832225290004,-0.002703668671665763,0.07238077082177882,-0.002703668671665763,-0.0025673083363875297,0.636633173285502,-0.07122808293138552,0.048194013307153075,0.6002172190571005,0.67852510361438,0.3344077198536708,-0.0033945992429748268,0.043671401846412904,0.6178034777832793,0.03280861255243302,0.34596861802785445,-0.002703668671665763,-0.0027560001109102,0.0037695488409298407,0.6262987916391042,-0.002703668671665763,-0.002703668671665763,-0.09618064130253266,-0.08988034891830442,-0.002703668671665763,-0.04833568922398876,0.03773902330382239,-0.07440843985409279,0.6640471627418529,0.06704764621573886,0.3499060804362335,0.6403403875622093,-0.002703668671665763,0.03662588801215536,0.11258905291113966,-0.0262462317511023,-0.07322974988195802,0.014668192790983057,0.003731840328766234,0.6151226359232628,0.7041215703387934,0.6827063998845343,0.5977274865205964,0.026248424541722666,0.5477157755479591,-0.002703668671665763,-0.0732383324633663,0.03482498569232774,-0.002703668671665763,0.574269246625381,1.1134744153696647,0.6940275325889398,0.033229903381399375,-0.002703668671665763,0.005560045629882583,0.03831227810395296,-0.002703668671665763,-0.07254497974252375,-0.0262462317511023,-0.0003255338499653128,0.38400133715233303,0.03482498569232774,0.6007658970151822,-0.002703668671665763,0.2863671894273443,0.5363761531608294,-0.002703668671665763,0.3475619943841257,-0.0027784763465772888,0.528252365953449,0.3369230375266742,-0.03208709470543905,0.22482431366355166,-0.07180956268733113,0.0708145358401513,0.9727926143636761,0.006111460425199905,-0.07571689001386456,-0.002703668671665763,-0.07323330528518343,1.160428987347717,0.5589446156910565,0.04571076468141959,0.009538803286313905,-0.06764816911887031,0.05128223086098372,0.3723028501115486,0.03482826976759075,-0.06981965887460911,0.6586617693565489,0.034718969619681184,0.034718969619681184,0.5816951895148703,0.04386827710908506,-0.002703668671665763,-0.002703668671665763,0.2898968066178476,0.008380282513298714,0.4286176716791671,1.2209824367200617,0.6670643028683342,0.6088737584957907,0.02652409329227529,0.08122391694743492,0.3383143125029592,-0.06715439545747212,0.010077268547187945,-0.002750455674308501,0.5872039573159765,0.35112985639273964,-0.002703668671665763,0.6747645144593131,0.6872620155682315,0.5477042077750479,-0.002772276258668668,-0.026346700489510405,0.03482498569232774,0.04263326105084389,-0.002703668671665763,0.6207702521957065,0.5858214568191765,0.7004716066568621,0.03116151364553425,-0.061822466192413106,0.0801774427041337,0.03265572339201284,0.611767300552364,-0.0027840729521216813,-0.07179431495487923,0.0045477993575029855,-0.002703668671665763
chr20:63969870:63969871:NM_020713:ZNF512B,0.24290827785055538,0.0014652188514356068,0.13727458394436656,0.3061706508263835,-0.0012793345178259696,0.001361745607691034,0.042567135834822384,-0.033064639724881134,-0.0012781975267113777,0.2020395124449133,0.2034964567826951,0.4176711229770954,0.12660500333263844,0.1671423649043411,0.2045892212474124,-0.0012957757227537725,0.2818232692568172,0.036384601476024125,0.04117119226460478,0.017152103610321046,-0.0011507811211677044,-0.0011865985647284694,-0.0012957757227537725,0.10582280872232683,0.18015420959657794,0.07533564671303869,0.20462572301881393,-0.0012957757227537725,0.07528468885603587,0.0756292009172097,0.2853853417835852,0.5720530897713202,0.16760417039664113,0.003036265270484201,-0.00123103360810628,0.24541932451498544,-0.0012957757227537725,0.09127979624863058,-0.0011857293266537283,-6.321394933647695e-05,0.3232930315386957,0.7257846405139787,0.25137994533481695,0.07932952813763433,0.29422728288960565,0.15404235782133016,-0.0012957757227537725,0.07555305415913083,0.2732079339502429,0.14435675721671076,0.02698066089256365,-0.0012856084082386865,0.3345163757651479,0.017015999209468224,0.6080949907852898,0.017252860629017486,0.4078003860125724,0.20466358672026863,0.10773700436556202,0.38793061811518703,0.13838874002759613,-0.0012957757227537725,0.0015781282774593453,-0.0012796429728677006,0.14317741376840817,0.07895406492376825,0.09100066748621727,0.062203351557284375,0.0015903533857180852,-0.0012943317272295918,0.14942043534694155,0.03324470800166107,0.07574059985841125,-0.0012067358566546227,0.017181283504956124,0.11230896857597042,0.10773700436556202,0.005527429963024494,0.1663416156274323,0.22844898379776019,0.3188499313213918,-0.0012241994326875894,0.0827934883932046,0.11556228864994814,-0.0010958002556141766,0.35070864619427183,0.08473284014683746,0.0559835372198188,-0.0012957757227537725,0.23656615067960393,0.18470144894947743,-0.0011872170370004487,0.07520592803932705,0.17428226968010757,0.02786281084788883,0.4133342119911365,0.0432981794980451,0.2742794634060552,0.10614736290774535,-0.032675001156243416,0.07517895270460884,-0.0012933943464806252,0.07825083890133072,0.02313750850079646,0.04187431056621638,0.29468996484362786,0.28390821393029897,0.5409562075336902,0.389514715979147,-0.0012957757227537725,0.07897589253111054,-0.0012423703751758275,0.642904739183385,-0.0012957757227537725,0.1061349934847716,0.0747834102032538,0.22553433816283527,0.4870118696728886,0.35509971675135066,0.022809994140152418,0.2504458017343871,0.8733020708670951,0.20219413944829617,0.08473284014683746,-0.0012933943464806252,0.25775968504718605,0.1541523989872947,0.20466358672026863,0.25278648426007233,-0.0012855927625246566,0.1560055200788321,0.6429436939877012,0.08520244570788926,-0.0012957757227537725,0.3047557842623192,0.5038514591320026,0.5038514591320026,-0.0012885483816467425,0.2701456923209561,0.040695312422559915,0.4628184384709758,0.06809955555067751,0.10651778049900357,0.27777250727501723,0.17227754967106693,-0.0012957757227537725,0.17584278189797964,0.2404199448073258,-0.001204370961073259,0.2174045625174822,0.1297835701146982,0.2336917494012288,0.026645357218023247,-0.0012957757227537725,0.13653244931180317,0.07520432075708414,0.13941338394474442,-0.0012957757227537725,0.09092113462888732,0.1180938494409425,0.08473284014683746,0.07869273967635138,-0.0012957757227537725,0.24662254263071667,-0.0012957757227537725,0.17169007638343978,0.3834491855070225,0.3781303565401406,0.38956308602398165,0.10249322400016614,-0.0012732163625376325,-0.0011818016070638537,-0.0012184577551997144,0.09971389722306134,0.15262856203733657,0.25804202930575404,0.11275160411204785,0.08504132419897961,0.07984864003705067,0.23381693505938778,0.024795032504687092,0.17428019135888392,0.20062498570830897,0.27383551679495677,0.09471472711343126,-0.0012957757227537725,-0.0012717539178057347,-0.0012957757227537725,0.38006411714461685,-0.0012957757227537725,-0.0011507811211677044,0.09970913284245947,-0.001259682684682989,-0.0012957757227537725,0.1924685787962985,0.019151747449908246,0.5551079469075803,0.025652199501713463,0.23232964267246042,0.3168853066635763,0.21530632598214033,-0.0012957757227537725,0.0002846544684816099,0.2320747978217793,0.10669857506591651,0.2046470880400951,0.07896177960132716,0.0932428271450241,0.10097441119965506,0.2137543869468397,0.15417130699051013,0.026428723101116686,0.0789634842001565,0.20548841829644449,-0.0012869225427843967,0.18015511248774743,-0.0012423703751758275,-0.0012957757227537725,0.5278399795428669,0.32833130915093417,0.025521967889509972,-0.0030964833467688746,-0.0012957757227537725,0.18021052626453718,0.2981881965200046,-0.0012957757227537725,0.21912547095957144,0.10669857506591651,-0.001288187759666548,0.5848804144619392,-0.0012957757227537725,0.42539733566454907,-0.0012957757227537725,0.061375882682852906,0.01091235931169346,-0.0012957757227537725,0.23527443867699485,0.0064211716596455914,-0.0009610662433149897,0.20483469916251285,0.5670404207745904,0.6574717679672883,0.5402025863240693,0.019174658827724622,0.25226365256888367,0.2910482981139978,0.20599771047366988,-0.0012957757227537725,0.4125515042802217,0.5464404101236103,0.01092089317277864,0.27216941958136465,-0.0012836466168613392,0.43179069204610765,0.3596709047705666,0.5709262914945921,0.08018993877813393,0.5881833367097838,0.31076020965245466,0.0064211716596455914,0.0064211716596455914,0.025989468142820465,0.21355966586420946,-0.0012957757227537725,-0.0012957757227537725,-0.0011229687147338019,0.0909348886338179,0.06856853063692755,0.46811451515544855,0.1985128541033159,-0.008658096132986792,0.017035838611266535,0.10616177532498355,0.7742409317644168,0.033568110264827505,0.11275160411204785,0.010299512911132847,0.3010199621184584,0.2931794157940684,-0.0012957757227537725,0.1566907687373612,0.1153850948840423,0.3209972016248887,0.23445905655409277,0.13903465391304504,-0.0012957757227537725,0.27563745932038647,-0.0012957757227537725,0.04198178412289971,0.11593915148082024,0.17373611137069842,-0.000807468551175361,0.10490285571797794,-0.0008041233289897698,0.1667790808618512,0.13861824618682364,0.027593526003753338,0.6983722652672831,0.28016302224188516,-0.001260294160675579
chr20:64057085:64057086:NM_198723:TCEA2,0.1695217458489633,0.030366125086148693,0.001568822525005939,0.0921592242577147,0.16785533637014505,0.004552847609028687,0.005445957497251269,0.09487266895612625,0.0015618265209987325,0.07757667485529246,0.15288007657663905,0.11478727710123537,0.17273192384008051,0.17704885088936315,0.30141133113340934,0.0015618265209987325,0.1847002015009873,0.1645789307607087,0.0015587618938802533,0.0015587618938802533,0.07473398221435353,0.06674190868715894,0.0015618265209987325,0.2692442172595545,0.2742639740830066,0.09493824101899442,0.4373790918506155,0.0015618265209987325,0.09493824101899442,0.089081076296467,0.1738805054202726,0.3650121429872246,0.2782694964238751,0.029716341475237884,0.16775273361794563,0.10429339170159438,0.0015618265209987325,0.0015618265209987325,0.0015618265209987325,0.002872864637035691,0.4371684937096509,0.5174575259000638,0.0015895593311230916,0.022455616843969933,0.09499718741048258,0.15234259044706375,0.0015618265209987325,0.08797930923514609,0.05079963843021627,0.16775256658712095,0.04720187415368801,0.06686206455621269,0.15295872075838085,0.0015587618938802533,0.4385191988646275,0.0041274791491448665,0.5789868006915393,0.3267587041144447,0.03662406357390033,0.4644351375836085,0.04720187415368801,0.0015618265209987325,0.05271512711239379,0.10368626069896389,0.0016397034138187494,0.0016337488407313916,0.2890357180311889,0.02972856319729547,0.14983549067074406,0.0009724587123402795,0.0018011479956634435,0.1937824691390796,0.0534755268532357,0.09496819312445069,0.10186077197725177,0.02859749421743503,0.03662406357390033,0.0015618265209987325,0.11992445105932302,0.27648769153999053,0.46069224668740316,0.00284565209275503,0.4094291035585461,0.08822576972000072,0.0015620947686922626,0.5082062545310392,0.0015618265209987325,0.0846143948499281,0.0015618265209987325,0.2726991710370343,-0.016534021956817538,0.0015618265209987325,0.007013380325817636,0.30256746571159143,0.11631490382785234,0.3218101965960303,0.19560413797689136,0.377118533610983,-0.017738406594897213,0.0016056646856944523,0.0016055846490217046,-0.017500793607400617,0.09583022883581127,0.0029757669258465014,0.0017412485261301125,0.37148108994990436,0.01053617629536538,0.38919102311689924,0.658686535447292,0.0015618265209987325,0.0669294037470477,0.005393195330390746,0.10441146502372799,0.0015618265209987325,0.001657988026078125,0.0015028970825186339,0.001527930262317817,0.3410491491198582,0.31367214011954325,0.0012985908363148113,0.06860053173265455,0.45982168985894223,0.08077525753423391,0.0014554192583894343,-0.01750057123379048,0.4570039914936003,0.001618811472429052,0.3264308455617638,0.028404921862530505,0.0015618265209987325,0.08007139464104751,0.3009959366595067,0.028187280806533238,0.0015618265209987325,0.4855669151799905,-0.016439535787626566,-0.016439535787626566,0.0015618265209987325,0.12598096828138455,0.001567510568186714,0.34100519553793635,0.0015731879692527373,0.02467156442826146,0.0019497396584568227,0.0015941398450406152,0.0015618265209987325,0.0025926382091272654,0.5838531782283847,0.0015618265209987325,0.034840839385959596,0.010584062447571513,0.40195762767703824,0.09625438720023131,0.0015618265209987325,0.09703158780017819,0.001609303980023749,0.07937225743068055,0.0015618265209987325,0.06686206455621269,0.031146959392469184,0.035796491947183706,0.011193413471514466,0.0015618265209987325,0.201026972372035,0.0015618265209987325,0.0004262083780324083,0.42213479878649046,0.5802741456957429,0.4501788167648768,0.15515856125587968,0.2740940423233903,0.1682141073135924,0.0018583460299134852,0.325290405135042,0.5075651189615631,0.29855899841607125,0.0018942752856749429,0.0031137448733411094,0.03475132143669607,0.2953441090721016,0.001753895287160273,0.12770637061593332,0.4078878592687905,0.06681776227134346,0.27371098283597145,0.0015618265209987325,0.051502464307186135,0.0015716617496878554,0.04712754824668139,0.0015618265209987325,0.07638166620898285,0.43650267558575695,0.0015618265209987325,0.0015618265209987325,0.3202809690203018,0.0015620947686922626,0.0720746655520522,0.034671111119330675,0.08899976957183084,0.5163916582691455,0.2849709670201796,0.0015618265209987325,0.006968929436617227,0.03663437857897757,0.0018839192102642621,0.10406187232903734,0.0016337488407313916,0.030644054013589966,-0.00884252692741272,0.25457392183684485,0.12586543093563518,0.027576920959065845,0.0016337488407313916,0.3215770265766026,0.09489142872926216,0.2914174092000681,0.005393195330390746,0.0015618265209987325,0.14436561198786482,0.5091725955474505,0.002673690640224713,0.16285748415385745,0.0015618265209987325,0.20206939418970624,0.15399427516658662,0.0015618265209987325,0.0015718870322872086,0.0018839192102642621,0.06685131363908155,0.28873701086992776,0.0015618265209987325,0.13437489158926735,0.003120621479811528,0.08569535414130389,0.0016244051741000493,0.001562455106956101,0.16391733662913383,0.0015618265209987325,0.0016244051741000493,0.4646586759785408,0.41191436004151316,0.42672762615226423,0.37050024580832375,0.2740940423233903,0.08527721116814804,0.09824449018923948,0.5052247171791945,0.0015618265209987325,0.37060574994795303,0.6939942321332344,0.0016237765105631685,0.49997188346483057,0.0015618265209987325,0.4760748807191004,0.13884536524473176,0.22191972066508228,0.06716525473144133,0.37027613073103655,0.5457745585035418,0.035796312901686445,0.035796312901686445,0.03164300627638185,0.0393255467872604,0.0015618265209987325,0.0015618265209987325,0.2740940423233903,0.2740940423233903,0.27424630070987827,0.44049488810777115,0.05786119929737521,0.09630686289584739,0.09488928892401523,0.03662406357390033,0.3537158089613728,0.11933533818404998,0.0019216762178981134,0.010980149610892428,0.13532133499936444,0.5150763495330839,0.0015618265209987325,0.12093136358411134,0.20861559783756214,0.10297031759453082,0.0016394352293804398,0.0018839192102642621,0.0031137448733411094,0.1703981062808497,0.0015618265209987325,0.0015587618938802533,0.0339240597960548,0.4034864038683085,0.0015655457199815898,0.0015272922266586914,0.0015618265209987325,0.08168164880201048,0.002343196697395869,0.06505318821047983,0.3707472104096695,0.021560466398534248,0.00284565209275503
chr20:64255694:64255695:NM_001104925:PCMTD2,0.04541914137603405,0.2841788889566229,0.009378654105095939,0.02010449394939709,0.05923696374266475,0.29826001062676694,0.009378654105095939,0.04541914137603405,0.2789092499270991,0.008223420921696575,0.04541914137603405,0.2795409419847067,0.3255231200845353,0.04541914137603405,0.00868529160985751,0.04541914137603405,-0.031569003140410945,0.3794768715269205,0.04573384869968621,0.009390970594929257,0.01208419085901255,0.04541914137603405,0.009378654105095939,0.05796758040436837,0.19918644191421178,0.009378654105095939,-0.04196099403219311,0.009378654105095939,0.009378654105095939,0.027059398344120078,0.022199090980532923,-0.009960493761643485,0.04541914137603405,0.27891741165021217,0.04541914137603405,0.6967515587486662,0.009378654105095939,0.36679288687492534,0.009378654105095939,0.3005168833528424,-0.04340837467002917,-0.03706944132044282,0.04573384869968621,0.04542562390142421,0.010035193986648601,-0.031187573633795873,0.009378654105095939,0.021431042216641424,0.009378654105095939,0.04664432164393244,0.018150953348734268,-0.04855876183847538,0.04573384869968621,0.009378654105095939,-0.04572699835088265,0.009378654105095939,0.26564563073027514,-0.038793686560739254,0.009427866099726137,-0.042287159226891025,0.017933403489850563,0.04541914137603405,0.04541914137603405,0.27770858890458877,0.2794897812875431,-0.04340837467002917,-0.04340837467002917,0.2789092499270991,0.04541914137603405,0.009378654105095939,0.009378654105095939,0.009992101036951168,-0.04274287133419172,0.07253317650734523,0.04664432164393244,0.6301148933250036,0.009427866099726137,0.031951235263016506,-0.0313304318803507,0.006084355681397757,-0.04196099403219311,0.009378654105095939,-0.043410094969080326,0.06332540713392346,0.00987569138526665,-0.05184489655554611,-0.04340837467002917,0.050445748202231674,0.009378654105095939,-0.0313304318803507,0.012304855180999316,0.009378654105095939,0.011257211144240983,-0.031349783275287535,0.009396188630675095,0.23917060084048547,0.0165047342536739,-0.010358223123322935,0.009378654105095939,0.016503262574312005,0.009378654105095939,0.009378654105095939,0.2124424459303662,0.009378654105095939,-0.0385770281673016,0.009992101036951168,-0.0313304318803507,-0.01072526846778113,-0.0313304318803507,0.009378654105095939,-0.04192460788161201,0.00796666608583059,0.36679288687492534,0.19918644191421178,-0.03761784011086233,0.19918644191421178,0.2567454337291326,-0.04340837467002917,-0.04571866635593344,0.005892322360504937,0.363248000821676,-0.04961721352631529,0.015103802332979033,0.36679288687492534,0.00937858383366879,0.010035193986648601,0.009519070670841845,-0.04326859157442084,0.028742719297550512,0.009378654105095939,-0.026650259083131428,-0.04340837467002917,0.025186545187997185,0.01657343854162885,0.2078292924314926,0.009393199346262204,0.009393199346262204,0.04807327445411677,0.06555605834027783,0.013225299442054993,-0.011605073363180202,-0.04211144227990918,-0.04855876183847538,0.018492537637044427,0.00987576156311245,0.009378654105095939,0.009378654105095939,-0.014542768175689169,0.009378654105095939,0.017223463709877616,-0.04339824648674315,-0.04326859157442084,0.0008632036635211338,0.021431042216641424,0.023176087647731096,0.2124424459303662,0.012152878872987015,0.009390970594929257,-0.04211144227990918,-0.04325989992120527,-0.04340837467002917,0.19918644191421178,0.009378654105095939,-0.04142128012243232,0.009378654105095939,0.2188983319003446,0.22561711514374383,0.3255231200845353,-0.04192680405479099,-0.04340837467002917,0.011999853127759197,0.059726916769244624,-0.02873063724808511,-0.04340837467002917,0.06554379222333781,0.19918644191421178,0.01869480005091132,-0.04340837467002917,0.013652209339513076,-0.05308300537753169,0.011260884062027354,-0.04340837467002917,0.0010925257426960544,0.009378654105095939,-0.04340837467002917,0.009378654105095939,-0.038558683247206876,-0.04211144227990918,0.015589244943983734,0.009378654105095939,0.020132625675539015,0.012123207472119209,0.009378654105095939,0.009378654105095939,-0.017898465032577554,0.00937858383366879,-0.049797989034103124,0.019620248990242478,0.05243404566071781,0.26145380307249977,0.6001785107742132,0.009378654105095939,0.0047721323001436305,0.009427866099726137,0.034841522751316974,-0.04340682027698836,-0.048424476772377684,0.018252814647066296,-0.0313304318803507,0.010506215010907288,-0.029737192744150848,0.04541914137603405,0.01657343854162885,-0.03289448693544214,0.009378654105095939,-0.04326859157442084,0.012348753173612816,0.009699172768530266,-0.03133357322551805,0.4086545167471091,0.05065602495382594,0.009378654105095939,0.009378654105095939,-0.010394041718481656,0.010035193986648601,-0.04211144227990918,0.009378654105095939,0.034841522751316974,0.07251211189815424,0.24172684410715858,0.009378654105095939,-0.04340837467002917,-0.04340837467002917,-0.03688635883789396,-0.03156713317781076,0.009378654105095939,0.20212514916683685,0.02010449394939709,0.037862211520004886,-0.04326859157442084,-0.053889763677660074,-0.04211144227990918,-0.04340837467002917,0.00987576156311245,-0.0453365405253956,-0.04125082185627882,-0.03428368996252615,0.009378654105095939,-0.04340837467002917,0.2948416580741618,0.02323053693583247,-0.04340837467002917,0.009580914254606922,-0.04211040475191155,0.20651326891494687,0.22448102111600193,0.009992101036951168,-0.04340837467002917,-0.04379190917146264,0.009533011199149816,0.009533011199149816,0.009378654105095939,0.2549556239418772,0.009378654105095939,0.009378654105095939,0.07288086272277033,0.031379964419220155,0.4094509357516169,0.009407601078877295,-0.04340837467002917,0.016505019939780305,0.009378654105095939,0.009378654105095939,-0.03743581280087169,0.3002217671124059,0.07148063740177515,0.009378654105095939,0.28434257267370205,0.2399862703752483,0.0069190990276679284,-0.03897811753315003,0.04541914137603405,0.381718874012469,0.00937904888091809,0.034841522751316974,0.009378654105095939,0.009686853797727858,0.009378654105095939,0.05796758040436837,0.011999853127759197,0.046730761831721285,-0.04340837467002917,0.36200645690020367,0.009686567278439404,0.009378654105095939,0.2115511430368316,0.04541914137603405,-0.04340837467002917,0.009367659681220823,0.009378654105095939
chr21:25734946:25734947:NM_001197297:GABPA,0.012668273825958754,0.11413957649041706,0.19007052148623607,0.17373999398896298,0.4225896622730889,0.11631599421854205,0.013113415630151337,0.01248454869167942,0.013930660929772853,0.012817287681489486,0.006738261450949468,0.0027960619683354837,0.003247752753194999,0.42955208936056466,0.17373999398896298,0.0025737178061369104,0.17459633335824526,0.6081894410306774,0.20452743719550695,0.0025737178061369104,0.03634417174261145,0.01248454869167942,0.0025737178061369104,0.012645041434110604,0.7439219759798268,0.0025737178061369104,0.1737250128932286,0.0025737178061369104,0.0025737178061369104,0.0025737178061369104,0.020153563389127827,0.19560384581318957,0.4225896622730889,0.0026830143944047147,0.01248454869167942,0.17375846194063704,0.0025737178061369104,0.6296327004876932,0.098878786504763,0.1839706564477681,0.7438908299851232,0.1737505645684223,0.2067686477545968,0.01248454869167942,0.19876622144176867,0.4155480267398588,0.0025737178061369104,0.0025737178061369104,0.05463343579032093,0.4098864084570059,0.0025737178061369104,0.17373999398896298,0.017307080055478985,0.0025737178061369104,0.7438418425875029,0.0025737178061369104,0.4107227814705424,0.17373999398896298,0.014664827311574202,0.002583326781651518,0.0025737178061369104,0.0025737178061369104,0.0025737178061369104,0.4098734198260866,0.19053420591249623,0.0025741741218821,0.0025737178061369104,0.0025737178061369104,0.002583326781651518,0.0025737178061369104,0.006244583580160057,0.0025737178061369104,0.17373999398896298,0.0025737178061369104,0.4226977866068804,0.0025737178061369104,0.4254424654696519,0.014204868963453243,0.7435202660842986,0.7438908299851232,0.1737099081598449,0.02066768046782208,0.17373999398896298,0.7439061991122528,0.0025737178061369104,0.1779463585234348,0.0025737178061369104,0.15073348030972072,0.0025737178061369104,0.005582764103076121,0.01248454869167942,0.002667021530340208,0.7439219759798268,0.1737250128932286,0.002189010766868227,0.17373999398896298,0.006156505659087541,0.1909812047363628,0.0025737178061369104,0.006156505659087541,0.0025737178061369104,0.0025737178061369104,0.18061313736114626,0.0032883131047239944,0.7438052591263338,0.4282150336964221,0.41167449512353865,0.19096324995857544,0.17837529619738018,0.0025737178061369104,0.1737250128932286,0.027286146315952053,0.1737250128932286,0.17096350674962124,0.17372557526087976,0.4098734198260866,0.19256795227540116,0.1737250128932286,0.002665806086630196,0.33446199365247387,0.1737250128932286,0.7437911898478997,0.01627262701169707,0.0025737178061369104,0.0025737178061369104,0.016865411351146276,0.0025737178061369104,0.0025902777765889895,0.044081900108896066,0.003281344106107087,0.7592953090018246,0.7438908299851232,0.04713866842237946,0.005515437161339731,0.4098864084570059,0.4098734198260866,0.4098734198260866,0.7372927733459806,0.012571693364459402,0.0025737178061369104,0.17457075912743775,0.7438579684008515,0.1737250128932286,0.018060384156416365,0.004803480224547685,0.0025737178061369104,0.003198813876891138,0.1900768205604309,0.0025737178061369104,0.17760264650058769,0.1737250128932286,0.0025737178061369104,0.0025737178061369104,0.049441293190169766,0.03220353103725182,0.4116757411907347,0.41435595432290595,0.0025765777291993364,0.17373999398896298,0.1737250128932286,0.40999444446656486,0.1737250128932286,0.0025737178061369104,0.0026561961493874464,0.0025737178061369104,0.1737250128932286,0.17378899898768102,0.19392200510819685,0.7439219759798268,0.003198813876891138,0.01248454869167942,0.014190473999081965,0.19534398989687465,0.0025737178061369104,0.010616418432221386,0.002583326781651518,0.10812374431819177,0.7438908299851232,0.17832207662735258,0.40943819973651935,0.17377344505089828,0.7439390531980881,0.17378491209678795,0.4108309308797007,0.17375846194063704,0.0025737178061369104,0.0026727577086407828,0.17375846194063704,0.005725050293607925,0.0025737178061369104,0.026375613687654675,0.0025737178061369104,0.0025737178061369104,0.0025737178061369104,0.00552240143461713,0.0026689269016186845,0.17373999398896298,0.18375109734235276,0.0055235047632566925,0.4107227814705424,0.4108196528136531,0.0025737178061369104,0.0025737178061369104,0.1917219000951384,0.009369957402835583,0.17373999398896298,0.755501659382745,0.007491472541876432,0.0025737178061369104,0.19026335588223778,0.4121375766954657,0.010084711882821173,0.005515437161339731,0.17373999398896298,0.0025737178061369104,0.1737250128932286,0.026423002936386608,0.00265905632198582,0.16510489158471497,0.17458575423781295,0.16671956051583936,0.17375846194063704,0.19007052148623607,0.1909428851820655,0.016865411351146276,0.17373999398896298,0.4098734198260866,0.009369957402835583,0.014204868963453243,0.7476717034248133,0.0025737178061369104,0.1737250128932286,0.17372488912665715,0.7451089489255699,0.003198813876891138,0.0025737178061369104,0.7707504254230442,0.0025737178061369104,0.0025737178061369104,0.17373999398896298,0.7438418425875029,0.17462988357230602,0.1737250128932286,0.0025737178061369104,0.17373999398896298,0.003208427785624357,0.18376344770773878,0.0025737178061369104,0.1737250128932286,0.7518162152077882,0.002835334304372994,0.0025737178061369104,0.0025737178061369104,0.17373999398896298,0.7438908299851232,0.006701720698204627,0.1737250128932286,0.1737250128932286,0.1787722221462714,0.1642842481984238,0.1642842481984238,0.009535429674742746,0.21215654459368352,0.1737250128932286,0.0025737178061369104,0.0025765777291993364,0.17839032496513055,0.7690955803138936,0.17253291532734139,0.7451051262373494,0.006156505659087541,0.013113415630151337,0.1737250128932286,0.7439219759798268,0.17384429349409178,0.10913412325765337,0.0025737178061369104,0.1745731235442181,0.17459722893630503,0.007166054802465627,0.7621421298110983,0.40999444446656486,0.17373999398896298,0.0025737178061369104,0.009452781352869977,0.0025737178061369104,0.0025737178061369104,0.0025737178061369104,0.012494129034521073,0.0025737178061369104,0.19007321793304136,0.003198813876891138,0.7438908299851232,0.17373123331925103,0.04089088991664713,0.006156505659087541,0.002583326781651518,0.1737250128932286,0.4265682222297005,0.014204868963453243
chr21:29077470:29077471:NM_001286634:MAP3K7CL,0.1262476247573068,0.41325654742290924,0.10812346231814596,0.26012964292468255,0.08683465843408583,0.4233642772567118,0.004629455631834978,0.10801596961792298,0.14589023548524652,0.18218784504539787,0.12467479941802323,0.36961380583879416,0.11006726217818602,0.5445011477988928,-0.00011778088604313952,0.108026979799652,0.013663958811141685,0.42089582240127843,0.004743971118746304,0.004574976257351315,-0.00016825519518093301,0.13195503033619876,0.10821701962937821,0.004580593461745441,0.2625450234666226,0.10544837914933214,-0.00018203780026820882,0.10544837914933214,0.006797182502424004,0.19370079097217163,0.11325745533143614,0.41354353523953913,0.18318764790654363,0.14579670671023226,0.42990663834627485,0.5894081660051695,0.00032183586120554386,0.2648210727092939,0.1149242877603886,-1.4811968970573908e-05,0.2611285143593998,0.26012964292468255,0.10289658134994559,0.20465172565255474,0.19658676939072203,0.14637719404945132,0.00032183586120554386,0.11787917547482199,0.2643477569081889,0.10266211346955187,0.21798205241091906,0.28648319546593026,0.12467479941802323,0.0025103565398423844,0.05469389548513079,0.10057145755983707,0.2638718732483665,-0.00018203780026820882,0.18336341935427514,-0.00011778088604313952,0.10736990449185521,0.03891098554527869,0.008415722970391504,0.26896372159427995,0.5895797259380653,0.26246931938321644,-0.00018203780026820882,0.016912466588325903,0.26643562860458747,0.10531939635870516,-0.00018203780026820882,0.1779705634480019,0.26120881354446274,-0.00018203780026820882,0.11852321296689347,0.20113130733804926,0.18336341935427514,0.09980478879990545,0.2630695377022032,0.2625450234666226,-0.00018203780026820882,0.08366341694975504,0.26108514870645777,0.4351815130205124,0.035195326684221595,0.00025233338340574507,0.2617079288722315,0.14112308390173411,-0.00018203780026820882,0.0002500524593997966,0.05680602020635367,-0.00014521364942038373,0.26142698791209856,-0.00011778088604313952,0.006475217346241735,0.0002500524593997966,0.0024994057068587483,0.7017105232964777,-0.00018163550276822926,-0.0001929426357065167,0.00032183586120554386,0.10536297000196465,0.07414676343887261,0.2567221039899642,0.2911830763019291,0.22332016770692104,0.2613079961365338,0.5699052744668054,0.0002500524593997966,-0.00018203780026820882,0.1584508078015838,0.00459052274845867,0.2611285143593998,0.26299177931777845,0.26271760746192585,0.010117764607535384,0.547958534825874,0.2611412595155539,0.25727075473599226,0.2660052510751152,0.2598744404608252,0.05458863868356792,0.18255598720556576,0.26222773511046205,0.10531415755503953,0.19456631741913494,-0.00018203780026820882,0.000224061064790948,0.028880913938182873,0.000386514869579635,0.24742140846408714,0.2611412595155539,0.03555133734288485,-0.0001546153165728481,0.2602099063839275,0.2599972175202288,0.2599972175202288,0.3973631348296268,0.06909657412225262,0.2624214101954886,0.2651819105024606,0.2657402935287876,0.2613790586516594,0.14253723250426836,0.13570461413642795,0.004033958735780663,-0.00018203780026820882,0.09799780964154273,-0.00018203780026820882,0.101096693996378,0.2600774700081474,0.26121730942574645,0.10552111333301162,0.08364115234543174,0.11009952087040523,0.07349833598242628,0.2600774700081474,0.26141708049908324,0.2611285143593998,0.00028836113907021454,0.26183052210775815,-0.00018203780026820882,0.00032183586120554386,0.2637632444890577,-0.00018203780026820882,0.004351233997239523,0.2628764239411985,0.4297182389269592,0.2599972175202288,0.00032183586120554386,0.10556642008538653,0.26288295294645925,0.21208263353231752,-0.00018203780026820882,0.02020172279686988,0.2623443490724635,0.6610927144192682,0.2648210727092939,0.11761359977111757,0.2611285143593998,0.2613400485886984,0.2636206283675399,0.2613805917607231,0.11388349913620383,0.2623366053761135,0.00032183586120554386,0.2624214101954886,0.27515913322010094,0.009967257381276518,-0.00018203780026820882,0.004576402841390492,0.00018575248096391883,-0.00018203780026820882,0.00032183586120554386,-0.00018203780026820882,0.44496946117843933,0.2656191801701919,0.3405282299941717,0.12644121004304282,0.2785898890654344,0.19687679973536937,0.00032183586120554386,0.01168002214529501,0.5097353128604887,0.10522857368583319,-0.00018203780026820882,0.29029062979196757,0.04178595083855152,0.0040292963513689495,0.6266047141826889,0.169282087232415,0.26538796108005486,-0.0001929426357065167,0.26138671253489115,0.10057098480962581,0.06630424154467734,0.2657512431642787,0.26141708049908324,0.38954240683773533,0.26025793188574364,0.029221663331118253,0.10421276564212203,0.26456227939873805,0.6040697908130167,0.1965653904901807,0.0006640242573979771,0.2623443490724635,0.10522943110173472,0.2656603944259418,0.025274126105096273,0.26121730942574645,0.26159801667852217,0.2612143032894146,-0.00017115618185381543,0.015356466270670277,0.10485644166364652,0.5179657353734373,0.27471119465658056,0.010167651663038402,0.05458663380178333,0.2624679485736984,0.26335352378327687,0.2611285143593998,0.4454749491036655,0.2599972175202288,0.2574856106203731,0.26864284237365865,0.26169166419197304,0.2611412595155539,0.45867926714907514,0.26840278466986905,0.2673176844798937,-0.00018203780026820882,0.0542096752965866,0.26119490209864593,0.013332523036105326,0.12975335225820583,0.2864851390810804,0.5025966405786634,0.261662006941325,0.261662006941325,0.2682389893741777,0.6445932445497842,0.0019887729155715905,0.00032183586120554386,0.002024455540592607,0.26120881354446274,0.28630947506937904,0.8919376469079454,0.010422491594688721,0.29131262218080434,0.0025482457069809783,0.2614325992651837,0.26347537512493036,0.3036444384267878,0.13770617751286984,0.00032183586120554386,0.26432585682349957,0.26395430512933454,0.025367936054279838,0.378762746833961,0.39730214144093234,0.27506914576601726,-0.00018203780026820882,0.10018934840210003,0.10760525905487062,0.2617177252395561,0.00032183586120554386,0.01618198934031362,0.34160704154953714,0.7003492737822112,0.11225976195256737,0.26423931650342247,-0.00013033821098595855,-0.004529652374599069,-0.0001929426357065167,0.004181405667898486,0.28648319546593026,0.2637912902853766,0.00940240045726548
chr21:32727939:32727940:NM_001160306:SYNJ1,0.004092951387948324,-0.00011020025502181396,-9.619046231895689e-05,0.4366379270294527,-0.0006685622192293961,0.01867451587036964,-0.00011383572700784939,0.022069802045783377,-0.0004193825832301268,0.018403206352696294,0.02016791009418381,0.004098395307419067,0.41339048757782815,0.381602426841249,1.148001835578102,0.017113172329958654,0.4327014770717477,0.08231871401043411,-0.0006093219221187107,-0.0006685622192293961,-0.001381136650135728,0.018155146645994463,0.017113172329958654,0.3570994384254022,0.4288641902878896,-0.0006685622192293961,0.41629018641250004,0.017113172329958654,-0.0006685622192293961,0.38220039187829247,0.03753509050531226,0.43562695748142743,-9.619046231895689e-05,-0.0006857812192705426,0.01809472940911727,1.148001835578102,-0.0006685622192293961,0.41629018641250004,0.01470554052234932,0.046636735054390255,1.148001835578102,1.1511628053541467,0.019857767000881266,0.38220039187829247,0.018275734694629786,0.3866564104506152,-0.0006685622192293961,0.38220039187829247,-0.0005160137382926866,0.36114874596080426,-0.0006646721584823156,0.35594376523852683,0.44072273537352286,-0.0006685622192293961,0.41628975764994663,-0.0006685622192293961,1.1480844590893624,0.41629018641250004,0.00425524364126767,0.3562570088676288,0.0607306343905932,-0.0006685622192293961,-0.00021771915690235732,0.004099308799448087,0.03666352222104036,0.41629018641250004,-9.619046231895689e-05,-0.0006622584591632064,-0.00021771915690235732,0.021638935319805236,-0.008151086257242063,0.004092951387948324,1.148001835578102,0.017113172329958654,0.3571301009672784,-9.619046231895689e-05,0.00425524364126767,0.043101235179073855,0.41629714168752524,0.41629018641250004,0.41629018641250004,0.530344143157942,1.121916868346117,1.1232183747331423,0.013416410046201865,0.3559484590925083,0.41629018641250004,0.32342704632085073,-0.0006685622192293961,0.4394128802364572,0.0029401168047029635,-0.00048348316627444543,0.3571301009672784,0.41629018641250004,-0.00046115271717739326,0.41629714168752524,0.0028019949094421626,0.36800542837537636,-9.619046231895689e-05,0.02215736828196696,-0.0006685622192293961,0.018833807446036743,0.08435965032022097,0.013877936027204024,1.148001835578102,0.015618091100932846,0.3615807028320546,0.43581160308464195,0.4394128802364572,-0.0006685622192293961,0.41629018641250004,0.41339385813649876,0.42186024351967166,0.46511614174285265,1.1499755013352846,0.06659662808885089,0.36114874596080426,0.35972342225396814,0.4484841883723864,0.010686750970032771,-9.619046231895689e-05,0.41628975764994663,0.011387721287550612,-9.619046231895689e-05,0.018891741230128517,0.01860247189532177,0.357131816566223,0.41629018641250004,0.09244338045000955,-0.0006685622192293961,1.1720540518947205,1.1511628053541467,0.07570479648038561,-0.0006685622192293961,0.36114874596080426,1.14332471220205,1.14332471220205,0.44016070802151813,0.3611773034056739,0.41629018641250004,0.35594376523852683,1.147945191723725,1.1661074697098806,0.10581042122328319,0.02258750500876197,-0.0004904253543477899,-0.0006685622192293961,0.4193111462990822,-0.0006685622192293961,1.2216709077574563,1.1232183747331423,-9.619046231895689e-05,1.1479459636836253,0.3975668908678047,0.010328457983159567,0.06559220075852873,0.36115561683062125,0.020806277527971262,0.42594739867716824,1.1511628053541467,0.41629018641250004,-0.0006662800111753853,-0.0006685622192293961,0.3571301009672784,-0.0006685622192293961,0.36114874596080426,0.41633357830929396,0.3749953844759756,0.3559427932098242,0.41629018641250004,0.38657005810870493,-0.0006683007559820653,0.11484147997819968,-0.0006685622192293961,0.4440278571498957,-9.619046231895689e-05,0.11121834419793328,0.41629018641250004,0.361605064469414,1.1479996374542254,0.36114874596080426,1.1511628053541467,1.1937637419145788,0.41908064789535093,1.1511628053541467,-0.0006685622192293961,0.3571301009672784,1.1488003158368454,0.01999024825659701,-0.0006685622192293961,-0.000661847035590829,-9.619046231895689e-05,-0.0006685622192293961,-0.0006685622192293961,0.41339048757782815,0.013416410046201865,0.35972342225396814,0.3572151673331022,-0.00040155214856277266,1.1514149748033753,0.36122291968189607,-0.0006685622192293961,-0.0006685622192293961,0.36137756238131463,0.002950013219973735,0.41629018641250004,0.42148257494797964,0.01582694753706776,0.01047850841099579,0.02746379219233916,1.1593160704808363,1.123531322149001,-0.0006685622192293961,0.4665910587949473,-0.0006685622192293961,0.41629018641250004,0.004099681707446512,0.020806472363734452,0.5698188878042538,0.42800968218171687,0.1616986277912261,0.004092951387948324,0.004092951387948324,0.381602426841249,0.01592667808043216,0.35594376523852683,0.35594376523852683,-0.0019716185884428306,0.46218513497240477,1.1653956757515185,0.41629018641250004,0.35594376523852683,0.41628975764994663,0.41931068420871026,0.003213903106744076,-0.0006685622192293961,0.46533548234337674,0.00021460914142740206,0.025723083726681695,0.41629018641250004,0.41628975764994663,1.2776123824842132,0.35972342225396814,0.03774451491103817,0.41339048757782815,0.4484841883723864,0.3603150961762008,-0.0006685622192293961,0.41629018641250004,1.1699936022855353,0.0006528860716943363,1.148001835578102,-0.00013036692788204185,0.41628975764994663,0.4164040812367476,0.008453811436960529,0.004327971212507331,0.42186024351967166,0.3718532341546562,-0.0006685622192293961,-0.0006685622192293961,-0.0004677027156795299,0.4447028489190643,0.004092951387948324,-0.0006685622192293961,-0.000650698299185265,0.41339048757782815,0.41628975764994663,0.467745579997965,1.148001835578102,0.004098395307419067,0.41907994079582056,0.00425524364126767,0.35972342225396814,0.35713693396305357,0.13459294346359899,-0.0006685622192293961,0.3638230301120719,0.416340238844122,-0.0004356120888886206,0.4216074881488522,-0.00011383572700784939,0.4665910587949473,0.3571301009672784,-0.0019716185884428306,0.3571301009672784,0.42361577956040164,-0.0006685622192293961,1.1233293627774101,0.004092951387948324,0.022036014026667106,1.1197968949992436,1.148001835578102,0.004100588878636513,0.039160334917537065,0.02215736828196696,-0.0004252042507408571,0.35972342225396814,0.47778109978933014,0.007960387700750027
chr21:34073522:34073523:NM_006933:SLC5A3,0.01294575350583016,0.1334273991043413,0.08506413552823586,-0.08196703682642587,0.012960321955757637,0.11321862224222681,-0.0025248111453716193,-0.0024704710572824584,0.03733912573328671,0.03486580793530883,0.03920290387831743,-0.002510591383262095,-0.005437161422201936,0.012945543275306864,0.2307339675468879,-0.0024704710572824584,-0.08154486518230378,0.0013723655021941061,0.016010825527229322,-0.0024704710572824584,0.018471353839180554,0.01294575350583016,0.3911389863555992,-0.002527205235938468,-0.0751251280319644,-0.0024704710572824584,-0.0751251280319644,0.3920765355882176,-0.0024704710572824584,-0.0025248111453716193,0.09023114517844366,-0.05505509502916793,0.0851305633477967,-0.0007486345956848051,0.013504057637853784,-0.0024704710572824584,-0.0025248111453716193,0.1298040775176278,0.016839744385836103,0.06028616120950622,-0.0751251280319644,0.22969279462423176,0.025083177167399773,-0.0025248111453716193,0.01514173768039323,-0.0006460581296124368,-0.0025248111453716193,0.3933993353765206,-0.0751251280319644,0.011322978073063594,-0.0024422181041102164,0.009486508253294008,0.03920290387831743,-0.0024704710572824584,-0.0751251280319644,-0.0024704710572824584,0.24558287315246646,0.2307339675468879,0.11796742549614728,0.2307339675468879,0.011596683805018937,-0.0024704710572824584,0.00032620288853110746,0.03296643063916463,0.05537536427063863,-0.0025248111453716193,-0.0751251280319644,-0.0007486345956848051,0.0003557027832092885,0.0028285871200959822,-0.0025248111453716193,-0.0025248111453716193,-0.0751251280319644,-0.0025252267147727048,-0.0024704710572824584,0.416601812656069,0.11796742549614728,0.00021876131850767644,-0.0025267931104823727,-0.0751251280319644,0.2307339675468879,-0.0024704710572824584,-0.07433176590162534,-0.06478829819070589,0.009240188141270589,-0.0751251280319644,0.1298040775176278,0.2465632644628527,-0.0025248111453716193,0.01975594084047369,0.00981834214378638,0.021038378231014843,-0.0751251280319644,-0.0025248111453716193,-0.050929399134109876,-0.07491602185946486,0.08030885615299874,-0.059886207710007584,-0.0022388609043908214,0.015954419608064624,-0.0025248111453716193,0.016600908406718184,-0.002232996276650495,-0.0019875201249253127,0.23078566513359255,0.011726849771949932,-0.0025248111453716193,-0.05937442461293764,0.01975594084047369,-0.0025248111453716193,-0.07507190116132575,0.016739537689650114,0.22969279462423176,-0.07511511884142517,0.08510700058938245,-0.002287364486266069,-0.04010826126034596,-0.07507190116132575,0.1298040775176278,0.03301400160060844,0.009486508253294008,-0.0751251280319644,0.038222328102378356,0.1298040775176278,0.016600908406718184,0.022003240214658742,-0.0025248111453716193,-0.0751251280319644,0.00014249980875821744,-0.0024704710572824584,0.03431094477625013,-0.0751251280319644,0.006855574967359751,-0.0025248111453716193,-0.07507190116132575,0.1298040775176278,0.1298040775176278,-0.0673837296328202,-0.07217779749674699,-0.0751251280319644,-0.0751251280319644,-0.08196703682642587,-0.0024847447606668738,0.12219644397777474,0.02104634567574179,-0.0024524078636347924,-0.0025248111453716193,-0.06829549931982437,-0.0025248111453716193,0.018274491108134228,0.1298040775176278,-0.0751251280319644,-0.0024704710572824584,0.3908116925394049,0.023202152760496336,-0.0022861279883653607,-0.0751251280319644,-0.0025248111453716193,-0.0751251280319644,0.2307339675468879,0.1298040775176278,-0.0025248111453716193,-0.0025248111453716193,-0.0024704710572824584,-0.0025248111453716193,-0.0751251280319644,-0.07510689867935919,-0.0401495040818801,-0.0751251280319644,-0.0025248111453716193,0.01294575350583016,-0.002959609315804773,0.15045777960660137,-0.0025248111453716193,0.23095763491360383,-0.0751251280319644,0.11149163582096439,0.1298040775176278,0.02719617976264299,-0.07512465153000532,-0.0751251280319644,-0.07507190116132575,-0.00041672034459205864,0.38874971188520036,-0.07574227316604873,-0.0025248111453716193,0.2307306797654748,0.08511228597110368,-0.07547439932076742,-0.0025248111453716193,0.016739537689650114,-0.0751251280319644,-0.0751251280319644,-0.0025248111453716193,0.019757934111737735,0.02104634567574179,-0.07507190116132575,0.012735438015223977,-0.0019331145208676126,0.046386136692190556,0.39608512339891266,-0.0025248111453716193,0.08851193615127048,0.09817474995315387,0.0004344898646265194,-0.0751251280319644,-0.06106470007690523,0.011427180774958995,-0.0025160848438778582,0.13711383722156276,-0.003301424131270436,0.00032620288853110746,0.016465161665735306,-0.08262094355039638,-0.0025248111453716193,-0.0751251280319644,0.017466192982229123,-0.0025248111453716193,-0.0010123029158891628,-0.051864246781125806,0.04364593486797638,-0.0025248111453716193,0.013504057637853784,-0.0022146656857308655,0.016446727847345355,0.08506413552823586,-0.07507190116132575,0.0004344898646265194,0.004632877159674864,0.14333965690452663,0.1298040775176278,-0.0751251280319644,0.08506413552823586,0.26458712851186034,0.009884899464276176,-0.0025248111453716193,-0.07222682984163131,-0.0025248111453716193,-0.005682405111216371,-0.07513020323690026,0.2307339675468879,-0.07574227316604873,-0.07507190116132575,0.02104634567574179,-0.0025248111453716193,0.13034798772217593,-0.07848039102791098,-0.0025248111453716193,-0.0751251280319644,-0.06566867311863435,-0.00540115409255898,0.14256772483990526,-0.0008456274515853401,-0.0751251280319644,-0.0751251280319644,0.13514367185217813,-0.0025248111453716193,-0.07507190116132575,-0.07213552445639212,0.01988396878354079,0.01988396878354079,-0.07230028391447077,0.04233069598801928,0.13165145305003467,-0.0025248111453716193,0.0013080834606034597,-0.005579579169837562,0.24175037868293842,0.0002326587170863037,0.22828663332009863,0.0162270489170436,-0.0024704710572824584,0.0892136869481989,-0.08196703682642587,0.0017941427803817855,0.0823274589235837,-0.0025248111453716193,0.13034782614707938,0.022551380776769187,-0.0027243825190632343,0.0363115420349053,-0.07556543930288294,-0.08262094355039638,-0.0751251280319644,5.278936927388678e-05,-0.0025248111453716193,0.009486508253294008,-0.0024704710572824584,-0.0025248111453716193,-0.06875010133527995,-0.059049467542082894,-0.002461744402557614,-0.0750098147577609,0.028721316581085427,0.005154261070222932,0.0162270489170436,0.00032620288853110746,-0.07507190116132575,-0.002524589947882072,-0.0025248111453716193
chr21:45287896:45287897:NM_133635:POFUT2,0.18025518188723308,0.0925963733329644,0.07757579823192909,0.0476737985458828,0.28479564378214123,0.05492850000938715,0.0703552872057466,0.06496619787170949,0.011847544198157867,0.02329115644090396,0.09683671738772703,0.06430366048024694,0.3038417761291554,0.21055193666818603,0.11452251002076347,0.06491172370910991,0.0476737985458828,0.13353146665806606,0.03583602943126052,0.06347054967087679,0.11694641422365357,0.23954396624391777,0.004887637955299673,0.028227106751139625,0.004887637955299673,0.06347054967087679,0.1935728789073503,0.008037894579583149,0.03120607276962195,0.13625868340284683,0.023622761754273136,0.1263644109140143,0.09913860759122203,-0.003235879501428063,0.37772195892413896,0.14339057805612548,0.006948947489290369,0.1935728789073503,0.005929238931753511,0.007176909672967413,0.4759393509906078,0.13909349785602926,0.09568165501535025,0.13988012053684257,0.02329512799051947,0.009406734267191519,0.006948947489290369,0.02581401733073385,0.048864948514747264,0.0436830511463272,0.1569294057861251,0.1935728789073503,0.09683671738772703,0.006948947489290369,0.40630281096302157,0.06491172370910991,0.2558515447134248,0.1935728789073503,0.16182349999853707,0.11491437913147898,0.15706400526296418,0.1971520277981247,0.09435188283950965,-0.003350322690395924,0.272647854408769,0.004887637955299673,0.004887637955299673,0.010369600354166286,0.09443657252493853,0.06840166991109053,0.0066376005973450836,0.02050097421625635,0.004887637955299673,0.012354807176724603,0.15870756893090493,0.2744338592237331,0.16231032735671716,-0.001681166164762271,0.13311593381999948,0.0077359526672928225,0.1145456589761713,0.004887637955299673,0.2270375725447219,0.0053455456784127775,0.009116099648718456,0.20583600343273295,0.004887637955299673,0.05062142170342546,0.006948947489290369,0.5021281984776385,0.0068250767825708825,0.004887637955299673,0.04769928291671055,0.004887637955299673,0.09115527826414571,0.3195264187223184,0.020337190259307525,0.5399183289532832,0.008717526612038007,0.005429772915165609,0.007988535835316724,0.0824033793763971,0.06721522531673008,0.1937674062509437,0.20139588348178078,0.03813788663870443,0.005964046665035971,0.12129449193008549,0.4955849852720512,0.006948947489290369,0.1170624253186604,0.11674519293313326,0.11452251002076347,0.0070643152513199525,0.004887637955299673,0.004996309973424984,0.17414971744131014,0.11458746125064925,0.006948947489290369,-0.0033778837218040314,0.004887637955299673,0.38626333460966283,0.09691984249542107,0.19363787580881758,0.06844224790084152,0.18116371800858555,0.004889710245834733,0.009513734074138747,0.007827704873110963,0.004954992719172213,0.04371788940403404,0.1935728789073503,0.005175114026390648,0.0068834383796989584,0.11452251002076347,0.004887637955299673,0.004887637955299673,0.04808277499641289,0.09410025798569882,0.005359203908269772,0.20509565472425417,0.23564167105130968,-0.0051457128401068974,0.02006150382626215,0.009111260541375454,0.004954992719172213,0.004954992719172213,0.20439461293255362,0.005991900719820753,0.06659142218112316,0.1935728789073503,0.004887637955299673,0.010723999410453156,0.008346370412119775,0.0912432088764113,0.0059678383788498435,0.15768944223259568,0.004907699225607298,0.1935728789073503,0.05161338119870745,0.19363787580881758,0.005993976626386233,0.006948947489290369,0.11452251002076347,0.006948947489290369,0.007969818220462777,0.2301560850381641,0.1958974881776123,0.1935728789073503,0.20804201630435706,0.0252304386268139,0.06497440736829685,0.019922984579109737,0.1935728789073503,0.10509547858530591,0.0050066521598498,0.019921928721557403,0.1935728789073503,0.03715901109038844,0.20796205520738942,0.0050560239317470335,0.1935728789073503,0.14963874485711381,0.036715480258467104,0.03558218694555959,0.004954992719172213,0.004887637955299673,0.005209745491806583,0.16168502983833688,0.006948947489290369,0.06441949071379699,0.004893303345466393,0.004887637955299673,0.006948947489290369,0.013027962655461023,0.009170698862096094,0.22080266201678617,0.04055850438670483,0.09308763649060861,0.25908606297421327,0.3817635858714562,0.006948947489290369,0.04991325717514086,0.16182349999853707,0.04928158335252808,0.1935728789073503,0.019850809782345158,0.01967771707377597,0.03579430499302533,0.16190200381958725,0.07204943164604005,0.09225935700775789,0.0072186051908098015,0.10210419154624442,0.006912984938175382,0.19709214743561185,0.050099087565309175,0.004907699225607298,0.08721750431491457,0.25162245355727375,0.2551361263562899,0.017520458142969153,0.21213976797735695,0.2725678930720489,0.1803814698446543,0.004887637955299673,0.004954992719172213,0.04907620995530243,0.1832090303599675,0.8119640091125367,0.004887637955299673,0.1259435544194398,0.004887637955299673,0.2614386737390493,0.01054962746372351,0.007926497651826347,0.19280097433428367,0.020099697466455846,0.008550274619408937,0.22080896290041302,0.16263666048002806,0.47626614827030944,0.1259435544194398,0.009116099648718456,0.005229090970982564,0.006948947489290369,0.22328690997056333,0.004954992719172213,0.1259435544194398,0.19679542714381626,0.05430308318355884,0.019701055230160247,0.008072802246614552,0.23051579987898554,0.11713442055465725,0.33372314200134834,0.017520458142969153,0.12592038945861264,0.022110431184975354,0.0630254021428504,0.0630254021428504,0.09112315780860783,0.1013806790363686,0.004887637955299673,0.004954992719172213,0.055568665909494774,0.004889710245834733,0.1376254771879041,0.052154549877241385,0.2109361086472241,0.02386501183865969,0.08131053837927416,0.004954992719172213,0.11452251002076347,0.11784948671273893,0.022202369566541313,0.006948947489290369,-0.0013701168626911175,0.27790092174370595,0.058832977810575005,0.06878195500121315,0.25349886012162826,0.1195024402756,0.004887637955299673,0.04702166089964355,0.1183202183300229,0.09557058949227618,0.006948947489290369,0.04107123485313885,-0.005278457807317338,0.09914497175758608,0.04656722217207343,0.017415632475426823,0.007527341582363345,0.21228328598800578,0.007949289882342447,0.09124419273316492,0.12139728232750169,0.04925957354745261,0.004887637955299673
chr22:20982268:20982269:NM_006767:LZTR1,0.04777044799891092,0.011398046390941247,0.03461925162567042,0.11245493456004586,0.009465540764093894,0.023334518615664435,0.5822138109583772,0.008957068366103993,0.011415098572853583,0.09892334575862724,0.08232265527728569,0.0365986714812464,0.1881399836502384,0.09723835646666709,0.1000531647236267,0.007216070748743891,0.32950925522316443,0.298079682316078,0.004849558011891908,0.004781816553075774,0.12299013512900339,0.04870355448654337,0.007116737716117927,0.11613867000189777,0.5646123698543233,0.004781816553075774,0.11579550280619966,0.013812240485114369,0.011447193120027288,0.5092361966176935,0.02395766308615707,0.6657051387993288,0.09822683185485687,0.010546833108372261,0.047525805308678976,0.5678843569645196,0.007216070748743891,0.595090105308608,0.04785027446390255,0.004776774996215066,0.6484751865598015,0.1402339120877278,0.07071022108372935,0.019325898040197437,0.053994185552297,-0.0728442764513374,0.004849558011891908,0.00795206482798419,0.02157819635199229,0.12241983414875769,0.007966063033612164,0.4225201848821214,0.08475259512178338,0.007216070748743891,0.669454982166278,0.011547217359575007,0.6315102200247764,0.4678845266974221,0.20457843524732783,0.043730262241763004,0.008096409488750317,0.00805144748860559,0.046048220190663736,0.19642070439513223,0.13382352358276792,0.00476285517457925,0.4211718331049762,0.011383936089882807,0.046036597476180496,0.005596252529398937,0.018589920691002876,0.05472165809317678,0.6608340560294699,0.040319657126257236,0.13457418003219768,0.13705464678168172,0.20457843524732783,0.027499514637661315,0.6025622223718102,0.4225201848821214,0.6638828854175456,0.007342632424379492,0.5943230759364958,0.2505957761203576,0.03417480338606216,0.48645172963889155,0.4211718331049762,-0.015662574688088043,0.004849558011891908,0.5560741467168738,0.05290040753196934,0.005080464076034602,0.03607782702949383,0.4252161791978356,0.046074475294964945,0.5082691718229486,0.007548987395195772,0.6408233258889088,0.016223665982246588,0.004768601035435249,0.005682996362653542,0.10727333724626863,0.033722486886361314,0.4410167835644272,0.6494982036668483,0.12773762863196175,0.12701794999556743,0.5998269793820662,0.5574142025649178,0.007216070748743891,0.4211718331049762,0.31421877482214705,0.5919371117113559,0.5669001140926894,0.20799625991598128,0.026251944258238652,0.5352872544674546,0.6061633097051602,0.48500925791520205,0.04210060315040237,0.2031999745120835,0.6856539338135752,0.1362949990567343,0.42128963152201515,0.01226755035472965,0.06181047818039291,0.016112088975091143,0.6141368011893864,0.016511517903813028,0.004781816553075774,-0.06765396202515307,0.4225201848821214,0.014618256776541688,0.005602002509944748,-0.08187476972499978,0.06471397159708074,0.06471397159708074,0.42407005351241567,0.12884406430377449,0.11917490413875385,0.6654112811144448,0.8974235015003734,0.028045189689971772,0.00994003405441593,0.018813615546399542,0.033780390741923516,0.004904818167792063,0.30338030829575,0.004750993647114399,0.057427072590588546,0.11826652555551789,0.773703510470668,0.023922928710424257,0.06921984901829986,0.006672271468147806,0.025274748771082933,-0.10933428993028071,0.004750993647114399,0.46013286029503997,0.4225812485106368,0.5944048717834507,0.016953109517741205,0.004849558011891908,0.10106543648022046,0.004849558011891908,-0.1098185592427348,0.6001859995283882,0.480256000534352,0.6064078226063935,0.6351255859848691,0.4364013939566515,0.11276022521099797,0.43214168882034454,0.8547839234073633,0.4386480730689711,0.773703510470668,0.10618954818577375,0.595090105308608,0.009549906055444063,0.18445093087170275,0.036946769895694564,0.5518968853856148,0.4844790446885075,0.3037341576949113,0.572970340943637,0.007216070748743891,0.014664609673555179,0.4485573250053888,-0.08771397236949419,0.004849558011891908,0.033954206643819984,0.004750993647114399,0.03462475015862468,0.004849558011891908,0.6096325654746853,0.08912135662175569,0.593530267521245,0.008481387990325995,0.2041782651672622,0.03755552144135696,0.4814420969454291,0.007216070748743891,0.006966802942853179,0.6554479775896354,-0.0760011268393147,0.6047021066264379,0.4225420537618171,0.01480359463763617,-0.10717792066731224,0.056402088791723176,-0.07403645405144836,0.046074829378890514,0.00746033096928575,0.5675940396579291,0.007370219021995389,0.4574191270114646,0.003010696757521525,0.004750993647114399,0.25730576765927005,0.4728527670505263,0.004832327572416528,0.052302116407393434,0.00805144748860559,0.6295647354577389,0.10812810013564539,0.4225201848821214,0.4225201848821214,-0.1044076721800009,0.5957540829883219,0.29729779630917186,0.1000531647236267,0.6060243773139261,0.4225201848821214,0.11957769096121187,0.007607565953816786,0.004750993647114399,0.6724179038154856,0.004750993647114399,0.00476285517457925,0.6606892586225384,0.651880559009459,0.6112191559593696,0.46230186485417296,0.006074253526227008,0.46230186485417296,0.45949980428197046,0.6499485076156362,0.004849558011891908,0.5821445707210482,0.15478119382496394,0.004506613889113192,0.48103952407348777,0.0047707702763528925,0.6031179564917294,0.6702820076340865,0.25292882180336884,0.0072279684775234665,0.4594778949439382,0.887603571790646,0.03719681304924824,0.03719681304924824,0.04607556102734289,0.05982324951245724,0.03376768656002849,0.004849558011891908,0.02046801380550714,0.45745524126617965,0.7074287244690954,0.7938328712100103,0.4925182091018852,0.0071343906905537435,0.019426914354273822,0.09111523994576781,0.4110098397059234,0.6444208346141644,0.005895966524276264,0.42128963152201515,0.05741930734165397,-0.043692053596043626,0.006420334598315036,0.32268360874709373,0.4225845490066175,0.5663762557592911,0.0055843837993103385,-0.09026841313839676,0.007116737716117927,0.4927999198658841,0.004849558011891908,0.033224175299031045,0.0055843837993103385,0.4851873349628487,0.007116737716117927,0.4502103283998421,0.02390852198739972,0.1626170149490534,0.0057626343986728334,0.04636730127315736,0.6062201576404457,0.595102091147562,0.03599621945113135
chr22:29388583:29388584:NM_001127:AP1B1,0.014075189504591586,0.05738310230805296,0.07016575617476689,0.014247140892871654,0.016224184394774528,0.17265887924341203,0.1194837739945897,0.014097337451058047,0.15698992312673032,0.07330670766731893,0.127655354614775,0.7003070591996586,0.07048569533184282,0.11070660835676163,0.5212726179472869,0.0016491994395779787,0.5405518583065816,0.7600634362133478,0.18029578822090242,0.014075189504591586,0.006115805639016543,0.13522753857124858,0.0036495242196236087,0.5212401520222405,0.5214357862784218,0.07016575617476689,0.5214625137211064,0.01610797145833695,0.07016575617476689,0.01861919868225051,0.046659792142468876,1.2128079805295964,0.07037357266523635,0.05735979344593552,0.13522753857124858,0.0016248092942553888,0.0016491994395779787,0.5211369782444848,0.014097337451058047,0.03360681071407476,0.5214357862784218,0.5218992109527026,0.1347562729315746,0.5645689797856013,0.2038767451442025,0.6442083480319662,0.0016491994395779787,0.016209340078866007,0.5388271255680799,0.5411642685973963,0.005909523890191476,0.521136956391181,0.14308043741812823,0.0016248092942553888,0.5225579573554533,0.057299442609851786,0.5229340534589096,0.011426164303088581,0.13412115039471093,0.5214797018686412,0.003820288290102395,0.014153119044238622,0.1389383788353718,0.0657909427432421,0.014191790388621731,0.011316248367827544,0.0016491994395779787,0.05735979344593552,0.14403791805068283,0.01565261500356561,0.0016721793966549305,0.014097337451058047,0.5213191512394162,0.14848100623456337,0.5431513001452994,0.5211369782444848,0.13412115039471093,0.024033727364883715,0.5405686470572582,0.5211369782444848,0.5215284735043002,0.0016491994395779787,0.5211400751721182,0.6321100282183995,0.02381960371799861,0.5224165944117343,0.5211369782444848,0.05899435539620036,0.0016248092942553888,0.572581855135533,0.057301901699012586,0.014097337451058047,0.068066463785975,0.0030291903124697803,0.14403791805068283,0.5218684055452657,0.045988907061428046,0.763253753790114,0.001730981581507373,0.025036883519341722,0.0016248092942553888,0.01565261500356561,0.09506053225935868,0.014078413420856504,0.5550027959310911,0.3163470082910243,0.03333958712485605,0.7515666982271682,0.5751966249760985,0.0016491994395779787,0.0016491994395779787,0.006050557669737874,0.534588630651391,0.5315683909023843,0.0018335145566185443,0.08405226227649659,0.6651763196930655,0.5214417942586902,0.001875928302567026,0.02251963455287695,0.0017248925339039475,0.5218973742754391,0.19941788505573654,0.5211369782444848,0.01565261500356561,0.21272736891754998,0.0027596336894855147,0.0017395125127118126,0.006391472802500898,0.0023245920016594993,0.6434703817284138,0.5214357862784218,0.0063921359077813815,0.036720120715078006,0.5215099577990734,0.5211400970605895,0.5211400970605895,0.0016491994395779787,0.5680647942688615,0.5211369782444848,0.7035337687919192,0.6335560841673831,0.53167130889107,0.0025966053117031894,0.014097337451058047,0.0036548504079077747,0.02110583119781799,0.7282333079707197,0.014097337451058047,0.7989561137944641,0.5211369782444848,0.0017606252435366891,0.0016491994395779787,0.11254795211728179,0.02408334755633315,0.08410916772079582,0.6317068890610232,0.0016491994395779787,0.5211368902023035,0.5212726179472869,0.5214357862784218,0.03213808950095022,0.0016491994395779787,0.5317514241567105,0.0016491994395779787,0.5213385023626015,0.666513083829728,0.6793185532001044,0.521559069723658,0.550829294074524,0.014153119044238622,0.11307259456818558,0.0052765698061696086,0.0016491994395779787,0.05193328367897636,0.0017395125127118126,0.0027726679214532673,0.5211369782444848,0.6903859591477727,0.5394226325574945,0.0017961951989666422,0.5211703649392366,0.55960443066929,0.09684887877807558,0.5849881904096099,0.0016491994395779787,0.1715128759378567,0.011461703833670685,0.526428480878336,0.0016491994395779787,0.011101945123132527,0.0016491994395779787,0.5212726179472869,0.0016491994395779787,0.05721396617714888,0.014078413420856504,0.5211637071962789,0.5791905541428635,0.10721175953523213,0.5738762031145852,0.17380136366914684,0.0016248092942553888,0.060068020287989604,0.014307109373647382,0.025695306098682688,0.5212028529658471,0.5966547970962625,0.01441148859232972,0.5306509336893688,0.778889901891952,0.6441928400212374,0.6982521290053838,0.07584968889981825,0.6119139800496056,0.0016491994395779787,0.0017503352270711592,0.006050557669737874,0.0016491994395779787,0.11245663464780267,0.5249272025825722,0.05194196635136867,0.0016248092942553888,0.5402422092741974,0.7474612224629231,0.32604155033013904,0.0016491994395779787,0.5211369782444848,0.025695306098682688,0.0016491994395779787,0.5468161674153397,0.5211369782444848,0.5211369782444848,0.5211369782444848,0.5218807319145082,0.03817405553615259,0.014097337451058047,0.6461406160203134,0.008557989427925825,0.016247688693640547,0.0017397755556058762,0.5215842870362316,0.6337732480966951,0.5214025355008862,0.02388450059577163,0.5212726179472869,0.5406756560843385,0.5711708833816896,0.0016491994395779787,0.5214417734667416,0.5839116220221083,0.0495716121326659,0.5419790835341645,0.022505462250353464,0.0017606252435366891,0.5212858031413851,0.5298395645991896,0.014097337451058047,0.5214025355008862,0.5212725690674798,0.04940780858171491,0.04940780858171491,0.14403791805068283,0.7577273829449943,0.0016491994395779787,0.0016491994395779787,0.5851934912956264,0.047415740474147365,0.5435240997766508,0.947514418183002,0.6202821725545715,0.046056977784043454,0.0016248092942553888,0.07024156611390894,0.5213281096921225,0.5378260610147729,0.00411970092257892,0.0016491994395779787,0.6180476504899525,0.5225702287605447,0.05940542796990393,0.6434475044526039,0.5211637071962789,0.6120250610008104,0.0016491994395779787,0.025695306098682688,0.0017037791537181275,0.0016248092942553888,0.0016491994395779787,0.0016697979446494357,0.0016491994395779787,0.0966773272370759,0.5211575170404967,0.08095839513401268,0.1128102430009186,0.7128019833292077,0.028743656387588266,0.14403791805068283,0.5214417734667416,0.5215228546210093,0.01559845648559528
chr22:29883168:29883169:NM_153051:MTMR3,0.13218838811820308,0.42864522512490544,0.07099701604703684,0.5013644840336071,0.1146469180537785,0.4438877503383977,0.023577690467737382,0.11461904959197708,0.2848568800678273,0.12887316768354415,0.05908662460735885,0.22030738928177057,0.11883617980979218,0.6418911051821823,0.5013644840336071,0.1011847902965546,0.5098142648327822,0.19329541118205557,0.1138595791379228,0.0581921300217607,0.01717286191889445,0.131905645832835,0.1116316658311523,0.5139215727957835,0.5113087691356952,0.058274078200642426,0.5013644840336071,0.10118573520161671,0.058189023973705824,0.11809191419847266,0.20972925622778588,0.9722111426572797,0.12774962491965294,0.05635090269343108,0.131905645832835,0.5615872877442943,0.058189023973705824,0.5113087691356952,0.02004854208716842,0.014948984840316357,0.5214805573309311,0.5334994573096181,0.11462786246320082,0.058563983489969273,0.11490366062550311,0.5327329062307824,0.0574882471363316,0.10034430993221465,0.013886251190428592,0.015574982875332113,0.049750333314434486,0.5214805573309311,0.05908662460735885,0.058274078200642426,0.5214789971037777,0.04558556058923185,0.5146134040681819,0.008610048471526036,0.12093816872616478,0.5234979398467218,0.04383660335610934,0.05556436914643714,0.5014373647165684,0.08618593835044357,0.1336949818064839,0.5236801738494617,0.0028794012268964914,0.08978581530999252,0.5213205299020601,0.04558556058923185,0.006931867568403589,0.11462786246320082,0.5214805573309311,0.0046867294948063215,0.4106328100250199,0.0645798035613786,0.12093816872616478,0.06905147135023502,0.504576461831059,0.5214805573309311,0.5013644840336071,0.09158449829186005,0.501395256943353,0.526988030960233,0.0179069592677469,0.521473870557181,0.5013644840336071,0.12867580187008398,0.015573240821363861,0.5045870335997488,0.058495722454513475,0.017780944136092866,0.008610048471526036,0.0029575614776360393,0.0028874292729918483,0.5045043923419752,0.061282093914013576,0.8983414730486998,0.05706621024561213,0.04835919771715458,0.058274078200642426,0.04639144474554353,0.05839164395688425,0.009337824246281046,0.5225821925977514,0.14584433954977472,0.5412543475877205,0.9722111426572797,0.5046568538303143,0.057573247569503314,0.5336869088634568,0.04507518576346906,0.5335276391655026,0.5214805573309311,0.5232083462133487,0.04559608327824696,0.13237771310527785,0.5214805573309311,0.5014736125405738,0.12362002405872416,0.5013644840336071,0.5013644840336071,0.13864858887959253,0.5214805573309311,0.04639144474554353,0.16015184787546266,0.04489925405807115,0.5214805573309311,0.18855761283533776,0.014915570735088708,0.6639916908555554,0.5214805573309311,0.14043699998074619,0.045941366908017534,0.5214805573309311,0.009916460168872133,0.009916460168872133,0.5416907148428066,0.5019635735686562,0.5013644840336071,0.5337568726990868,0.574424895108842,0.530443156573223,0.08992498890027328,0.07439337324846967,0.05556436914643714,0.044901889014392425,0.12785994357150346,0.04481626514162821,0.08559834765112373,0.5214805573309311,0.5013644840336071,0.060960641332444596,0.11131504031159169,0.2211464209532203,0.04559924171896932,0.5214805573309311,0.05556436914643714,0.5214805573309311,0.5013644840336071,0.5214805573309311,0.04558730937012198,0.058274078200642426,0.5014583837734271,0.0574882471363316,0.521501591444599,0.5246417117136903,0.13302739720252924,0.5214805573309311,0.5053438241462735,0.627146559575654,0.03866956229984115,0.13966911636144252,0.5013644840336071,0.5445982226599385,0.5013644840336071,0.14260855785068113,0.5214805573309311,0.08595248317553676,0.5239357234629698,0.0028794012268964914,0.5214805573309311,0.618515415127719,0.058189023973705824,0.5615927574017607,0.029053332786220652,0.5013644840336071,0.5299592529767755,0.01147600270623031,0.05827718433041977,0.04576162364053244,0.04482489836303904,0.0028794012268964914,0.015573240821363861,0.5016150294313926,0.02004854208716842,0.5215107173082103,0.029681557308845474,0.554071344963347,0.5522478181464043,0.6416660604198321,0.057573247569503314,0.0028794012268964914,0.0907798128359143,0.11311299174120978,0.5214805573309311,0.58220557416358,0.0955218126177903,0.5061738123964071,0.6637610224744812,0.6345510961214877,0.5214208448128058,0.08666339069437085,0.5216824963862006,0.058274078200642426,0.5214805573309311,0.0686195559055404,0.05556436914643714,0.5971438696526953,0.6275402905234235,0.09487603706039036,0.059425408936206625,0.07398322370248785,0.554071344963347,0.22190333557804892,0.5214805573309311,0.0028794012268964914,0.11306305915210785,0.0028794012268964914,0.48761655384527913,0.5030732189812444,0.5215107173082103,0.5214805573309311,0.020612458411343508,0.061245805773555755,0.003524622807481649,0.8026895487800729,0.009256478157428596,0.061268465024090404,0.5214805573309311,0.5214805573309311,0.5214822559837232,0.5215107173082103,0.5184293812006141,0.5013694283574399,0.5412721548067698,0.5215528492428539,0.058274078200642426,0.5215107173082103,0.5915103457477517,0.060398174804927145,0.5269091619635483,0.04815418803007529,0.5214805573309311,0.5373244974215747,-0.003193725641530268,0.1011901806967948,0.5214805573309311,0.4940079505007009,0.04848644028629681,0.04848644028629681,0.5014680896484917,0.0659092652616575,0.0028794012268964914,0.015493248627274643,0.06352252226703922,0.003073876925983071,0.5214615351970424,0.0939870527992222,0.5254541141198664,0.05842883515312213,0.05952941929354269,0.06430877743934521,0.5214805573309311,0.11063456134571087,0.1392587651654061,0.057573247569503314,0.5901900156354479,0.5335624112737484,0.05197491929050804,0.5605067594830696,0.6348578088043864,0.5217294632792029,0.5013644840336071,0.12649728274430924,0.10043562405071046,0.05908662460735885,0.058274078200642426,0.5448508799428512,0.0036028213433880393,0.381287568112697,0.06899327936018193,0.5215107173082103,0.05940741340242826,0.19359948696061974,0.04553248410411297,0.5213205299020601,0.5215107173082103,0.6352020655613348,0.0028794012268964914
chr22:30246851:30246852:NM_001257135:LIF,0.45843675603953016,0.024180870822744976,0.07567045667825595,-0.000680641953093919,0.5718156354727475,0.04575603761176936,0.008977663227062838,0.3049784614981133,0.024210793791994145,0.033004372360592504,0.0439195405068106,0.10070327319631722,0.02294770563762591,0.4803866093507911,-0.0015838674787187201,0.2012710988127491,0.3000684086757417,0.5112067854255827,0.06373501162289391,0.0509381193730713,-0.007439212197804412,0.4083808221961029,0.023891218485461274,-0.05359943903756373,-0.0015193346767890525,0.21236021956947296,0.26722469917421005,0.2333710668807151,0.040421041917675954,0.4019070244892888,0.07389260609853526,0.40774313442431714,0.5320529333831011,0.023163247166026996,0.5018633345208102,0.1612233578597946,0.08206964452668924,-0.0040160300830807405,0.1658835347438349,-0.002654712948907123,0.02552315401886926,0.10008743023280928,0.004243011476678521,0.20872389616268233,0.32554991956241974,0.35941740394137706,0.049191967040226325,0.2941650505423591,0.08451890227712769,0.3605684319133925,0.030912344141678594,-0.0040160300830807405,0.04644677146444781,0.08731947958993436,0.3311791489157959,0.054763303282175324,0.26514693161459923,0.2735393903150969,0.5149888337721105,0.29161944341191676,0.03601003920453025,0.02383269504338592,0.1789289335504065,0.029057647350730187,0.2809391713635115,-0.003997899029544533,-0.004080030228676451,0.02388329566552791,0.08183423392578465,-0.007169351802027046,0.020255702146011717,0.06934108228778904,-0.003956119152955434,0.1944223801176843,0.4733551843818805,0.027049328725248983,0.5110410837829098,0.2558671047018263,0.12764840893400078,-0.0040160300830807405,0.2743718568243196,-0.004324909570732949,0.18172211430175797,0.02825779989211727,0.1655535290640108,0.2985212970179878,-0.0040160300830807405,0.1138273840752678,0.02383269504338592,0.34881207048770285,-0.004342065641106813,0.16444682816961992,-0.004324909570732949,0.01129913685727596,0.3778546052516895,0.04301458175006456,0.29810209025553913,0.33298878442161295,0.09693665631088486,0.013118721844939535,0.08731947958993436,-0.007277671629720123,0.04705481267094577,0.02346130670604124,0.03535263450942461,0.21817928799457126,0.2046559849310332,0.04938091072157605,0.06960400344917048,0.023748083035988715,0.02033669578935382,-0.008219853285532874,0.13352173048063293,-0.0040160300830807405,-0.00411608451133183,0.06448984242973563,0.29485305623319724,-0.001817484380375184,0.304158861811696,0.026987351090763417,-0.004080030228676451,0.307226948742629,0.1627992985209304,-0.0015838674787187201,-0.006936814809571201,0.8879679267318247,0.01853050020505423,0.27779037323044325,0.11732753792296197,0.0003858181373858627,0.3497338707941827,-0.004080030228676451,0.0647524260342155,0.013219068159030511,0.008948290301652922,0.042543506698220684,0.042543506698220684,-0.004080030228676451,0.09156168271726309,-0.0040160300830807405,0.49473701020326355,0.018183089104692823,0.005724758849097594,0.01428687409975482,0.16589742635558694,0.011339707921688646,-0.0035223652902339198,0.5756766222927268,0.027474602723490393,0.09752527655566304,0.26722469917421005,0.2735393903150969,0.02675400513242407,0.18758769540264802,0.04052572364139101,0.02020444069897978,0.4827070166711318,-0.004080030228676451,-0.0040160300830807405,0.011042386423967238,-0.0015838674787187201,0.19513793863650242,0.061545604309631324,-0.043752479509219594,0.04337275021862294,0.13943383388329453,0.34835950069504507,0.2996679904978586,0.4223393583050191,-0.004004990027795502,0.18345177843779423,0.10636168801595916,0.01993360908724845,-0.0015838674787187201,0.07141413673102015,0.2735393903150969,0.014666044449943821,0.26722469917421005,0.08371693543991152,0.2600223485031534,-0.0015838674787187201,0.26704755764751925,0.3878719012646657,0.0117562327520708,0.21117860032957936,0.011112340770811024,0.0062518277485256735,-0.004324909570732949,0.37033513936898227,0.02383269504338592,-0.008215290457216695,0.3147317898179652,-0.0015838674787187201,0.053976729338882395,0.3170471436078575,0.20023914481581293,-0.011051193342656529,-0.006531679354872949,0.041560494280426935,0.26950156728830765,0.02715678423829382,0.028532177437158412,0.008117785454470311,0.4994233141387914,0.11738087012913515,-0.0015193346767890525,-0.003757619474842294,0.06628885052135527,0.3431105572928077,0.2822379825751614,0.3628195735193578,0.3778546052516895,0.046338847897563484,0.3429542181170588,0.061545604309631324,0.27638879977294034,-0.001618727495794725,-0.004080030228676451,0.07665581975584262,0.2596842977089022,0.012741332327920518,0.055439778240214344,0.18932981190856596,0.28506899309992717,0.541461479747283,-0.004080030228676451,0.026231749201755528,0.12530960124640103,0.1656550916484959,0.2581560450791179,-0.004080030228676451,0.04317650302352544,0.26722469917421005,0.01707506553765553,0.012736441444057722,0.1998179515283763,0.21117756696961096,0.013032039648149002,0.012284507565166525,0.2735393903150969,0.29616473507562274,0.2733618699799803,0.026404799553445962,0.20192194041206904,0.2787577183026985,0.2964519940180476,0.466790193233495,0.023748083035988715,0.001827888085358026,0.4291830342608285,0.01251985834228131,0.01187399122623592,-0.0059130453891514945,0.3147643376409591,0.025401540406439604,0.16521228626906073,0.27422248654875947,0.020885145596583887,0.15531047716788043,-0.006148558498138307,-0.006148558498138307,0.3697076366086664,0.016561464671284665,-0.001446837063925177,0.01129913685727596,0.021608276269397375,0.03274188341355738,-0.052574663865744276,0.6374992347433583,0.011899937478976108,0.060217676669481524,0.08578879333456599,0.2203704726917216,0.4368362562955116,0.1128928450398067,0.0158000552118526,0.023748083035988715,0.21373909388314308,0.20785005550233068,-0.004080030228676451,0.32120418725370803,0.03760576446231742,0.3429542181170588,-0.0015838674787187201,0.11611311944622443,0.3728248432524508,0.05716790205876354,0.023748083035988715,0.07379170385007103,0.010713664736783646,0.22238615286022548,0.26688440301815386,0.03878999605318245,0.06770187299184768,0.02528561721422798,0.08138754818397473,0.08183423392578465,0.022378774497475107,0.0420375223888273,-0.004080030228676451
chr22:38272664:38272665:NM_001195071:TMEM184B,0.12452504101699463,0.1561710189072405,0.08072058261239226,0.3701183680789346,0.03322786493631369,0.1364276713208341,0.09992895198562574,0.14055510705000296,0.1060459278054198,0.10539561778787898,0.2359014444189859,0.023543493880906735,0.2050912057568836,0.10267045061003538,0.3719613521068136,0.046448863617476216,0.42135749807945955,0.1926651100452208,0.027250780870321845,0.08180194103978355,0.07047054091440588,0.027879702762600822,0.001817359969733534,0.015387076234927521,0.358650754166581,0.18230008495417116,0.36236606892912515,0.04800404330763752,0.18709891632553544,0.04734107339387256,0.08972299549139401,0.6957197937843784,0.11050516727768753,0.10527779861845069,0.03135391923632985,0.4177862947607663,0.05753838279113835,0.3579961279002525,0.07522934516679286,0.07482875999652439,0.3577568632894612,0.41810791424381066,0.1278370718292539,0.027428918691638632,0.05886737213333826,0.045230418262975164,0.05751515159652032,0.023951964221558514,0.08093725422377504,0.054958486368201914,0.09230996204281652,0.3719613521068136,0.23586705028293295,0.1058217375533142,0.549608599495451,0.007741420989886533,0.46467964074518775,0.36260947822000406,0.04589587435363052,0.5434092657468639,-0.005714613472168201,0.08103466681856553,0.05657233846169965,0.08478229569409261,0.06263983810067619,0.3579995622549872,0.001817359969733534,0.03450946761608323,0.05763439743121934,0.02714066373684476,0.08599655009091914,0.04044945115313919,0.35800324929998945,0.11731208628861375,0.026045527940899843,0.0838916416047339,0.04123779190067983,0.006690337455219408,0.09544018923039205,0.3579995622549872,0.36236606892912515,0.0020643490005627096,0.3737924166633061,0.3700012524637928,0.07522934516679286,0.3843186484296992,0.3579961279002525,0.20550014743890643,0.005066368905599528,0.6106220173657124,0.07483507937890979,0.006449263151042994,0.001817359969733534,0.0021149072571753635,0.023220711552710382,0.1105583038962471,0.06324454628894208,0.5287876739242806,0.01737318122124601,0.057644569451680144,0.10781948545411574,0.036815329486417775,-0.009408681177865919,0.001839352331495514,0.6120945740095689,0.12806838634880446,-0.011991420787174412,0.22701593231801231,0.19230805202112738,0.10314556975621508,0.4902085923768984,0.05431100638339889,0.009411372620506647,0.0017771981491472855,0.3579995622549872,-0.012071769847594893,0.199957247699391,0.3582526980697112,0.002697437741450065,0.17998799072968538,0.0025343428201998197,0.3800682016554868,0.10608500589598477,0.35864195096038554,0.03479839726051251,0.1282857491502509,0.0018319350734628537,0.36260947822000406,0.11788000135465171,-0.02154825422787246,0.07623310986566526,0.3579961279002525,0.06611886765243066,0.058568026040541205,0.36719975767460494,0.029164059395662606,0.029164059395662606,0.0054898396267883676,0.11631032725838855,0.33264660645957034,0.44808149286686744,0.15507237377763966,0.021726925117227763,0.0017936647059224875,0.030951453403096157,0.0012247335643328916,0.057644569451680144,0.18387714997572313,0.022841207276289383,0.10844772011743542,0.35725767095437205,0.3623548717666466,0.1333182729880268,0.05178134802411788,0.040440197453978505,0.34257758801640714,0.01921155218722151,0.0020892985506639206,0.3716505459304515,0.02121556119645135,0.35864195096038554,-0.012615757928501087,0.05755440861290853,0.10435390067900774,0.005066368905599528,0.0018394060420928726,0.4541475868661652,0.3161593048650695,0.10242912449056424,0.4408395872103364,0.06383193841123727,0.026335797204099953,0.05863006251681027,0.3623582240010056,0.14533726154874962,0.0025385199546915926,0.006045522149313448,0.3579961279002525,0.11281221183057596,0.13396384748667806,0.0018610435796231894,0.3579961279002525,0.5726909035821858,0.059542092161451676,0.37438057152025406,0.005029620636478105,0.0019070552154416276,0.0044455232679407874,0.033438767251596085,0.05753838279113835,0.0020371814419035406,0.0025034935590451945,0.001817359969733534,0.005051706013897289,0.3783760769814444,0.03097411013320911,0.4083291871438932,0.1143570255359167,0.6457856526564001,0.4846441998334152,0.17532690731913284,0.05761110192134289,0.37113926231509453,-0.003301738223459444,0.03515788723988872,0.37668516906935134,0.3720594217654626,0.029198337381763834,0.031095503209831316,0.08219972302720538,0.09886481524343863,0.051740906118085905,0.08872350232945056,0.3800971434994445,0.05755440861290853,0.37196082614220116,0.016856840845934667,0.0020892985506639206,0.198124724989642,0.4642586928143274,0.1838734895100419,0.020296021125188496,0.003385112897552167,0.054943720553071285,0.11339462363234998,0.0017771981491472855,0.044889142936964915,0.030577321400471758,0.009216664556385618,0.19046889582138637,0.001817359969733534,0.07186847513382943,0.001817359969733534,0.019129531977605474,0.01853931503131953,0.023980382580567033,0.059599772763517855,0.36269110560007717,0.006089740754401524,0.5410802655632617,0.5682633150590691,0.37048932530349576,0.36159495754140436,0.07492501304579735,0.3579995622549872,0.05797853273423792,0.3518395518117633,0.009353628128640795,0.35824371607874217,0.500901930580462,0.021953403853331915,0.4732010232703796,0.001817359969733534,0.3764762406314953,0.5159332260632731,0.15347204048349003,-0.013307119903060854,0.3630083856653197,0.5898368753992691,0.00477339291182427,0.00477339291182427,0.13874322045262427,0.17620798246488406,0.0016728637881211206,0.001817359969733534,0.07284100724020343,0.0019210607574720318,0.3815983514824703,0.7211436132667688,0.441852506663974,0.06084820325227125,0.12817297857476656,-0.011607598252980023,0.37908184940165457,0.37968295796141605,0.0017790984789026187,0.07369824467038741,0.1572647587633371,0.4556094639915703,0.0060622882210570606,0.07723008679541343,0.14646545414128226,0.45512975999110217,0.001817359969733534,0.4009933711836595,0.04058099523564221,0.12780185959596418,0.05755440861290853,0.009731017951707693,0.10775770507032287,0.05103792990599823,0.008825254289116125,0.3443067008484242,0.10706056368584288,0.0817830395132221,0.08144179384290315,0.05506490609781017,0.36235905272661273,0.14111631444081646,0.0060468767546734414
chr22:38872334:38872335:NM_001303494:CBX6,0.07060291109360964,0.08272951189299614,0.07513025692921717,0.15933818017433707,0.07121646079133256,0.0827348343701094,0.20398486302559074,0.007784304065599462,0.07867509388009129,0.10609644226328256,0.07060291109360964,0.0429691225797451,0.07560592004644152,0.07088873129453026,0.27252158410165894,0.007784304065599462,0.6395331033321243,0.08647464231445934,0.018845587527617516,0.0075167261541951025,0.2671327262947599,0.07548053711939313,0.00387957799139467,0.3491113175571925,0.1372005202864829,0.07541718283465716,0.2812170055682175,0.007589518378777166,0.07513025692921717,0.00805661455153503,0.05485519268746476,0.4681548462524937,0.07513985696738426,0.01592968822713272,0.07543967431917392,0.2798159782996904,0.07541718283465716,0.13710695855605126,0.03589223455590951,0.007631646847590504,0.26438503151953585,0.11047709591147574,0.0075167261541951025,0.26426170189841264,0.11419630618635848,0.3212578476883332,0.07541718283465716,0.007822526768273427,0.0039019517337596232,0.07168983643248751,0.03604458075456904,0.26426170189841264,0.07079087814816673,0.07541718283465716,0.3105860832605367,0.011813368902126184,0.47096572658867364,0.6280339612654604,0.10516996806106482,0.16749574974005466,0.040053232947967816,0.0039241836468637825,0.015832619521083544,0.03623924001150101,0.013294255830837487,0.00387957799139467,0.014374680117899927,0.01592968822713272,0.024150968519860497,0.0075167261541951025,0.00387957799139467,0.03606114559640204,0.5200401868396076,0.09794400997179416,0.07140434226535451,0.007576195307785451,0.10516996806106482,0.030530978184088883,0.01488533232143631,0.13723946430553918,0.2899157827170723,0.0075167261541951025,0.014968288709022254,0.28070631498336396,0.007631331854879325,0.8514434942816039,0.13710695855605126,0.1767102570115935,0.07088873129453026,0.284701024527839,0.12134283148561065,0.035775929790775485,0.015652578873334613,0.00387957799139467,0.015832619521083544,0.2812170055682175,0.035779178094919165,0.3948404144379703,0.036048552002091075,0.0075167261541951025,0.07541718283465716,0.0075167261541951025,0.015920135103356547,0.007533819553312393,0.21876341524870724,0.1267068615100247,0.015757248087302694,0.44964843446807323,0.018557039682335894,0.07541718283465716,0.10878918724067027,0.2649976432609323,0.5944085534489318,0.00387957799139467,0.008631299745229845,0.01575648641157272,0.20165104473347947,0.4160337186719193,0.28442042422004776,0.12140215615201755,0.00395284008149259,0.28992082188709684,0.11016872611361747,0.14926070654330434,0.0075167261541951025,0.12754354502446547,0.00387957799139467,0.4209961927638716,0.0362546283049829,0.00387957799139467,0.1870656391948338,0.27918481015232255,0.015461793225501994,0.00793072208687376,0.011597821123430857,0.005958331014868909,0.005958331014868909,0.01073079812547599,0.566531810356176,0.014603440303206497,0.2426488947602191,0.017679927117141156,0.07271486770258584,0.008826430473698299,0.035892285586984346,0.00387957799139467,0.0075167261541951025,0.421336293200946,0.07060291109360964,0.2547627386999948,0.14926070654330434,0.27918481015232255,0.006053014226679421,0.0077998702363942934,0.005321015052107983,0.015906949733091008,0.26905594861865084,0.00387957799139467,0.26438503151953585,0.020114494241577435,0.14916587488697935,0.0075167261541951025,0.07541718283465716,0.19516382409161478,0.0075167261541951025,0.011838596078329863,0.28859890736385074,0.27461073591151075,0.42113274981390303,0.0709367117422485,0.0075167261541951025,0.3384954155465212,0.11659058390952506,0.2793106111694925,0.07784370197565291,0.625708306433726,0.11915231866144457,0.13710695855605126,0.19552519198217405,0.01440727824699925,0.26426170189841264,0.41584955440799853,0.3933798573790643,0.030991414925713917,0.020345321163683316,0.07541718283465716,0.015922254154124155,0.0038790713678408667,0.23011404584012451,0.07541718283465716,0.26444398906876554,0.29010408962202117,0.014374680117899927,0.07541718283465716,0.01859274328414824,0.03589223455590951,0.004723120529092101,0.1904082585813761,0.29796837724888264,0.27002969200435106,0.024265001220446315,0.07541718283465716,0.032063687298097124,0.110047823908514,0.01864669082020165,0.2793106111694925,0.010804291803692453,0.010283326357525088,0.0364424580221306,0.08240899659291998,0.12444430907104896,0.029311447419020628,0.008045379939084635,0.2692004260463826,0.07541718283465716,0.004106236422535867,0.32917946052220015,0.00387957799139467,0.39847921138529496,0.31656259191381897,0.008981693316266956,0.07104094797739932,0.0075167261541951025,0.3597990385550652,0.13010389023564978,0.26426170189841264,0.01805661480217033,0.004214280679287086,0.37341833415568604,0.3543729935207698,0.00387957799139467,0.26455044524006077,0.00387957799139467,0.022198666945107942,0.0075167261541951025,0.00387957799139467,0.30509792310143224,0.004057837379795662,0.0075167261541951025,0.6280690776959112,0.6395303352255409,0.4089236685652686,0.279477896402773,0.03589223455590951,0.07088873129453026,0.26890987873591243,0.2891147166491532,0.07541718283465716,0.2793106111694925,0.9075400383793948,0.009935459994535129,0.07669301249885607,0.007522749895844089,0.2821322876269943,0.004324157920915089,0.08323973221660627,0.007796719009707798,0.279477896402773,0.32253559645021646,0.03707818789582068,0.03707818789582068,0.020461132663993867,0.01226951469820696,0.014448662574047741,0.07088873129453026,0.014063137687080215,0.009468017356720981,0.43414580644071876,0.37275936724446196,0.08080009981093954,0.008045379939084635,0.07560592004644152,0.007305087913469947,0.4069935753597881,0.0324840340800505,0.007535812469861625,0.07513025692921717,0.1870310241864423,0.05596692072657718,0.010386173318448738,0.050503249765919966,0.21916682278698274,0.27529425951773256,0.00387957799139467,0.011879791733573286,0.003917602744415577,0.08252755539978619,0.07541718283465716,0.004245494253453289,0.013495253034493851,0.11744537618947835,0.13465806343148745,0.0051419959974539076,0.007695373088225391,0.04103391160106276,0.007588940400716768,0.015832619521083544,0.279477896402773,0.5084257686428026,0.00387957799139467
chr22:39240909:39240910:NM_033016:PDGFB,0.14052650199035535,-0.02415022947812351,0.09960156600837994,0.21113833665794224,0.157957636640955,-0.024038029973323133,-0.017396676752130552,0.00648083443155878,-0.01191915515342401,0.09556554519870247,0.15902714783319624,0.0007134178726651841,0.05350903067113019,0.16378940798916647,0.07325963486071008,-0.01245973079359844,0.21549465431440196,0.1141884680540346,0.05463583170518546,0.007929570542572095,0.08282801630674419,0.1481406927912437,0.0012985921830304392,0.060200874328816795,0.0009694644510606365,0.0817861374608545,0.11093721799984313,0.020907326169856327,0.09974430713201146,0.12664165716646622,0.3178447753643935,0.07256148390493136,0.18433305834266078,-0.024660007093985165,0.15381645872825622,0.11657938587622388,0.07368166485526861,0.001001933731680782,-0.003266361576218485,0.06767565710933973,-0.003251968785390913,0.4084062580229092,0.18287982904089062,0.02473368581157273,0.0671907392600167,0.09064625492818959,0.07368166485526861,0.1745537247068261,0.04365843667416641,0.06491120751977256,0.03194690747924342,0.0009754316314140588,0.1813179190213694,0.07380403321216972,0.1511687619148866,0.08255781568736775,0.5696227527592049,0.0010802427345160681,0.03721356618908586,0.24327477754074367,0.044554848289857535,0.0016038057531767014,0.006794448256400104,-0.0027448285249193904,0.1414342710118415,-0.0033533727086750287,0.0009024363369642407,-0.009757666519501773,0.006806735635730338,0.2578348592618874,0.0359946838951746,0.15291819864042255,0.0029011477330959656,0.08340109630899104,0.08747980022590932,0.06119353309471309,-0.0018267060307022576,-0.005130784625815121,0.03794511811689036,0.0009694644510606365,0.000917425804801919,0.0009097211784231951,0.014962178275065935,0.1216688616627295,0.001144609300159416,0.03025620143186966,0.0009024363369642407,0.02271360079998591,0.07368166485526861,0.3124656092501983,0.0801350584843864,0.001144609300159416,0.0011561717957830342,-0.002853076817142447,0.006890420290830868,0.19977481980546624,0.10880359269704323,0.06111128282239528,0.09457439825022712,0.08812443385232624,0.07801167195975925,0.27362324775969604,0.16983467025521382,0.1395979591465168,0.030203135652200674,0.08490287019060169,0.2067751579487468,0.0779168452907128,0.15919813520131137,0.07788856423141816,0.1325683269537261,0.08708620222859978,0.14248362561781108,0.19492913156034838,0.0006468384706300456,0.1693018524066655,0.16442230789395865,0.07709764875922548,0.41352421306346676,-0.002118452428620188,0.0010558265026275049,0.19471448065964886,0.06154713715701843,0.0009024363369642407,0.3436660280223363,0.14063605212922575,0.0014670993470873028,0.0009268256353051896,0.07100276816448614,0.022851243910936986,0.15378360443341538,0.07709764875922548,0.0644509574331682,0.13804678892647765,0.03853299269922525,0.12344709266637394,0.12344709266637394,-0.002094794945249695,0.12638716958469615,0.031352984838248776,0.07776572553559832,0.0037736143096461783,-0.0038120722678966212,0.0009090188324099857,-0.003266361576218485,0.0009654360775322446,0.01983031832562207,0.173565613293444,0.03104433052898964,0.016433880495524023,0.000947869081246111,0.07327469771737363,0.035668258018613286,0.1748718510747268,0.19075466047060335,0.10915029590560843,-0.006276165685594137,0.0009090188324099857,0.0009754316314140588,-0.0034105365497242857,0.000917425804801919,0.18899406261647175,0.07801167195975925,0.14835277088737492,0.07368166485526861,0.0708331364758078,0.2679653292720723,0.14513151023849744,0.031733323813512126,0.19487201528173606,0.09322592405505095,0.13087970403259622,0.07117234939005046,0.0009334069861281769,0.0476560707625672,0.12324819375817975,0.000902932687842084,0.0009628737402203602,0.01653606226839366,0.20422757327524843,0.0011108973079961004,0.0009628737402203602,0.38817799794567054,-0.007396039066565885,0.0968833216606364,0.07365447188950922,0.0009334069861281769,-0.0033098512482200027,0.10942114037373757,0.07788856423141816,0.08708620222859978,0.08646728931379202,0.0011227583468264024,0.07368166485526861,0.1845127677465162,-0.003165661598074049,0.0031065830003875194,0.010809321341402528,0.058583699518315574,0.5293177560368858,0.0648386698697073,0.07380403321216972,0.029940893482339664,0.028062603289384952,0.010055858602110723,0.001034727807393665,-0.0020516928353820907,0.12504249952059426,0.10285417281517947,0.15216696759848158,0.1536952117010953,0.08234235391238573,0.13188624961221598,0.38655514164447524,0.07801167195975925,0.0009240074338373316,-0.0005022602431964396,0.0009090188324099857,0.21227092177913337,0.4572283232070359,0.16125799687313738,0.10395654879597091,0.1332154387992738,0.14559039954798075,0.12354366918710308,0.0009638653320481749,0.004830167637661059,-0.010478422702577622,0.18594762735522605,0.3072516163850365,0.0009090188324099857,0.17493565515292353,0.0009090188324099857,0.08526794235748608,0.18025453784486917,0.016006253053397562,0.2017540922855438,0.004628293590929311,0.06994196081178505,0.0009334069861281769,0.4288692496828913,0.2756201902790336,0.1567674313068828,0.19131238788049773,0.001248849352208814,0.4139290226282499,0.008881578222722952,0.07368166485526861,0.11904494953146405,0.5397162666017874,0.14440518336669417,0.2722502978785293,0.0009090188324099857,0.043134870245302714,0.06766059766734481,0.28229320612302655,0.01709474442095582,0.016925597377724755,0.0662316670718659,0.002937608035335465,0.002937608035335465,0.00933407305037981,0.35125443973555753,0.0008905901668795624,0.07368166485526861,0.11960508461216346,0.0008125886872486499,0.040738993760422754,0.414875189582778,0.2102170610634814,0.08813883827008553,0.10929731710901278,-0.006378320601580445,0.14377722887744904,0.4174053640130922,0.07058086309381051,0.07788856423141816,0.024417650964898924,0.4572203371069649,3.657166789697297e-05,0.15361904397848902,0.09241586723239997,0.3827461875609699,0.000947869081246111,0.054815415503454284,0.033088994394524424,0.16328852938208577,0.07368166485526861,-0.013094738259820049,0.002104917208258339,0.15046471968143438,0.08046073474455562,0.005640685832826536,0.07394441682791889,0.2468424010209589,0.10303023421932148,0.006878121210048466,0.09290218342170997,0.3992263647023552,0.0009090188324099857
chr22:39500099:39500100:NM_001304564:MIEF1,0.0015313818315347283,0.35409023432499565,0.04159924392349071,0.023161288515071876,0.04164705138203553,0.10711050367292574,0.24725852171739682,0.1936469690046416,0.021342909544793093,0.18485640991117364,0.24014210929893295,0.3102178454862635,0.24810193031351382,0.03774276976112553,0.3290944766864854,0.1936469690046416,0.22082451505261025,0.28776738035085614,0.0036027351856965373,0.04159924392349071,0.021738651945440557,0.2108047757559944,0.0035637138898712006,0.1779087329383511,0.2931650578272589,0.0036060677471682623,0.33225952314626733,0.1936812311318158,0.0036060677471682623,0.17997008198038306,0.034443271940366615,0.5897856090156565,0.03771864122880961,0.0075920320941232355,0.21089743330763056,0.5049943670319315,0.003584021745634991,0.276506378370743,0.02431689511892038,0.024146971162954,0.41605371775709116,0.6916804255131217,0.23318833899603036,0.005540346411745001,0.277153754219816,0.34789125994646364,0.003567802854516522,0.005540346411745001,0.020958884249834886,0.22929876951762224,0.02239072415440546,0.003660770035273375,0.2401470971391533,0.0036060677471682623,0.4233642699828047,0.0036027351856965373,0.35647761045011217,0.22497471737773056,0.008832726804773261,0.44574054940721236,0.022698910323808108,0.0035637138898712006,-0.013237322348881586,0.04431498443182649,0.003464523481669257,0.12508484530428843,0.0036789221603935607,0.04101391522945297,-0.013237322348881586,0.0035637138898712006,0.017930995049210086,0.19332815137939596,0.38410530900744794,0.1265995348613142,0.2752033767302345,0.22939751554988533,0.017379957438133975,0.0036400723853366457,0.2500358754550218,0.2931650578272589,0.23258642340571037,0.0035637138898712006,0.4246576335577832,0.3502121051864239,0.02431689511892038,0.41981914726282055,0.22925136853000583,0.4517049788083297,0.0036060677471682623,0.05575350745979374,0.04522932188143558,0.02858032182837572,0.00591100412140233,-0.013253095109196755,-0.01572092569864625,0.424967008162542,0.015474085103290736,0.6251150394978486,0.0037314389959324235,0.0035637138898712006,0.0036060677471682623,0.005505715708275849,0.3570707253139679,0.0036027351856965373,0.36554513124689136,0.28004298291557306,0.033276890905579226,0.5298001316109469,0.06116118619202171,0.0036068244395154325,0.037755516964972924,0.016693382399370293,0.41605000654541324,0.2292596066437624,0.5035906002856247,0.2763732955532215,0.053602196809259345,0.30717873711065946,0.2313283536101639,0.05510441546281869,0.2751580797911567,0.3918227940558736,0.5545366596411858,0.2468208723622815,0.0035637138898712006,0.280042840314324,0.12510291680987062,0.016131422296389974,0.027202423525044706,0.0036027351856965373,0.3419093504964068,0.29315772416836205,0.024761135664494227,-0.013220349866299663,0.33970136348727037,0.25326354285137453,0.25326354285137453,0.22926967008697025,0.15713294399391822,0.004368844922757464,0.622392708347259,0.2420837930797764,0.25712275409563856,-0.015305268236557867,0.02431689511892038,0.0035637138898712006,0.17810566240339443,0.5686601209944614,0.0036068244395154325,0.1821875998124232,0.25321371390168296,0.2294316261868504,0.17788825865191044,0.019624658911804815,0.010819992213493668,0.2648816389068274,0.28316603446268596,0.2288783322739344,0.12182970354285813,0.025088058191815088,0.24682669826573006,0.2648435363173115,0.0036019811511145416,0.026795587846815905,0.0035637138898712006,0.22813160139733568,0.37401429828915383,0.22498357039280714,0.3366298849770366,0.23010440614961933,0.005548901272970308,0.3087255085540216,-0.01526580250211007,0.0035637138898712006,0.04411164309736404,0.27536157523985294,-0.01526580250211007,0.2931650578272589,0.21520041874697396,0.40210376245726764,0.0034270617214653964,0.27594840313600943,0.5496125991242712,0.003538180307399219,0.36217246551855214,0.003584021745634991,0.23134922194557073,0.22925136853000583,0.2256136336873686,0.0036027351856965373,0.007352189279902999,0.0007552772898120064,0.10830036684421646,0.0036027351856965373,0.20913248237396562,0.028593728194884205,0.3024343018210674,0.1856592415903512,0.6706622015947605,0.42673806585172896,0.44024593726093303,0.003567802854516522,0.0035637138898712006,0.017335287644379804,0.001532307030005231,0.24698643085255684,0.22926967008697025,0.02475955828341242,0.02458689073470849,0.2752033767302345,0.3349347232716773,-0.008126972170127533,0.1192170579904252,0.08152568268321875,0.0036060677471682623,0.25716934494170873,0.007352189279902999,0.2288783322739344,0.07287199343119216,0.29740040099249226,0.043743875495895757,0.06433635984855365,0.24686845373036792,0.3099055689715033,0.2800366715919688,0.003660770035273375,0.016013694837785086,0.0035791564429137335,0.0035586468725629095,0.41677186906475244,0.22925136853000583,0.29316090554870583,0.0035637138898712006,0.22947511304115603,0.02458057204923686,0.0055098022763375165,0.2859361169907132,0.05344331711042358,0.02234975700024927,0.3502978032837315,0.4083187938671971,0.31757302892655975,0.2468208723622815,0.02431689511892038,0.33120716388296545,0.005505715708275849,0.27828837824241054,0.0036068244395154325,0.29315772416836205,0.47083165540341915,0.03242700986653668,0.23010558938972686,0.1358753434848683,0.3537663316212366,0.29915453260157565,0.3040228933280114,0.007587925046359856,0.29315772416836205,0.29315772416836205,0.013461770733846745,0.013461770733846745,-0.03777513279888081,-0.0008961512058401899,0.04160341466921019,0.0035637138898712006,0.24644428598792334,0.002456400544708137,0.4230505409987856,0.6648121269885976,0.3509812959303037,0.0014944373446889592,0.23293957323242773,0.0025919047596472677,0.29232105691343907,0.3226734594124469,0.0035542280698300788,0.0036027351856965373,0.08171644353720042,0.28793442002266806,0.003565181812983431,0.34188948102125855,0.566993488874205,0.08054102757844697,0.25383680954366017,0.0038129384173310465,0.005505715708275849,0.041759995452717,0.0036068244395154325,0.0038649247439263013,0.5388560150784142,0.46667909473517455,0.0035846638473042147,0.2840714709493697,0.01601779524046959,0.15474625150986676,0.03884928681045119,0.008691840715682242,0.29316090554870583,0.18819912282658408,0.0035637138898712006
chr22:41301502:41301503:NM_017590:ZC3H7B,0.6131330093538128,0.22054990339338784,0.4296024638591898,0.18353677346060945,0.40578790191619135,0.2208015454660604,0.25272133794581586,0.25155865497782226,0.2021771992200543,0.29942923981243996,0.625225484347456,0.18576340163188693,0.4300746922684976,0.6130464914441733,0.1266105691501898,0.25155865497782226,0.5810549566088862,0.25219628996430743,0.4055648454807279,0.1474053164474681,0.0246630590688314,0.45562670987180737,0.25155865497782226,0.031896624113227745,0.18346430481920173,0.1474053164474681,0.23072286584132104,0.25155865497782226,0.2516403476279768,0.25185894377411433,0.5770498847857735,0.007604020550007903,0.6313728639235989,0.16800763731601473,0.4060395364535495,0.47921951820831676,0.03262828864658629,0.5809125998716733,0.03262828864658629,0.0329128451274221,0.5802897143977844,0.34896039044227134,0.626087121097402,0.2515578932523143,0.2981636342329125,0.008340473409684676,0.03262828864658629,0.2513874770429038,0.007586770018291417,0.4936159932304558,0.024882189790657178,0.11297641191097313,0.625113587411764,0.03181212760726887,0.7577168511877926,0.25155865497782226,0.38263773057592015,0.1831687552853154,0.206864614051699,0.6022317109031011,0.02487750212234749,0.1341556262241484,0.004421756336401933,0.21993511737898458,0.4551475196187783,0.0034490353721111366,0.18575320285542374,0.16774754171633544,0.004670789511753093,0.17130802701145392,0.0033423589888416927,0.6136375992981471,0.11296516419235558,0.0011866663052806092,0.2513874770429038,0.09643545893107205,0.206864614051699,0.031671934445844485,0.25655769967285474,0.3174128991284289,0.35442814943149004,0.0034490353721111366,0.6359014586817993,0.7397668281530432,0.03262828864658629,0.4023754867476173,0.18575926682280852,0.3326658031069399,0.03181212760726887,0.18258536161810185,0.19348581819651448,0.0034490353721111366,0.06272135291081207,0.02482869164782106,0.11261022223937886,0.06185539503010093,0.03140830003319739,0.5240595173010624,0.0029220284484242076,0.03181164441782594,0.03181212760726887,0.18092710324594252,0.0345951688402214,0.0029713265750316853,0.7547669805064452,0.29794663909503993,0.0722689829332723,0.8925099420710922,0.06217260482948396,0.03262828864658629,0.11228848929289784,0.0034490353721111366,0.12583925641961835,0.0625692500065968,0.317409139954847,0.028173171212549725,0.6126372139339548,0.18346856707986334,0.18346430481920173,0.24372754581995118,0.3174282375860358,0.7381830719310912,0.31567922115670166,0.18575926682280852,0.18092710324594252,0.6130306471416505,0.11318272080416808,0.1132270943381557,0.0867404896670539,0.031880761620687176,0.32600703832165306,0.012165803987924176,0.2911429382845064,0.0034490353721111366,0.3681657396536814,0.14275580222877898,0.14275580222877898,0.35437605271601624,0.15667538352295118,0.003014217436293931,0.1203277929090695,0.12401008207641054,0.183463056871159,0.02851975412408192,0.0959531507817589,0.25155865497782226,0.03181212760726887,0.3256488603719452,0.0035154965452178777,0.012578090528967564,0.3167904083986654,0.12583275925591939,0.0035183464058897995,0.2518773763606266,0.022202979944435486,0.028173171212549725,0.3328163380400765,0.003239646646741756,0.1831274933822436,0.580444942716123,0.18575926682280852,0.20691233236933093,0.03181212760726887,0.18287430545622443,0.03262828864658629,0.06169089540972213,0.368703289708765,0.7307965108642174,0.3695225481569341,0.18588960452717548,0.3323818929024809,0.4848860122068801,0.3698745351963981,0.003459029053471979,0.005471981911295665,0.12663165202035886,0.007616802868594119,0.317409139954847,0.024685655258044142,0.12439229372469547,0.06268205004989036,0.01087192544228087,1.5532604282790317,0.2511236454815222,0.18285028802200637,0.03262828864658629,0.5811439294805212,0.11317911753571441,0.18961149216537154,0.03262828864658629,0.0034490353721111366,0.003631516205566121,0.11317911753571441,0.03262828864658629,0.023696198973370608,0.12859692785657612,0.18312872181619913,0.06256876774652495,0.1825549946280381,0.3887843378812076,0.468294053271144,0.03262828864658629,0.0037275158520176654,0.2045277774132787,0.03406695161217274,0.3701004163340076,0.18575926682280852,0.2519030917991647,0.32700119254248716,0.18352322132234458,0.02380765535106011,0.025617692767267296,0.0028043633693672354,0.0849277316367506,0.03262828864658629,0.18523223533372515,0.0034490353721111366,0.003239646646741756,0.3211221181016734,0.3838474963380982,0.03253065746072489,0.29909021848528283,0.493746453806848,0.36806905579861215,0.29883135296286206,0.0035154965452178777,0.06268205004989036,0.03435239389780445,0.024838680012168685,0.030903209364330546,0.35437605271601624,0.21016394519924506,0.11317911753571441,0.18513438477557498,0.0325229255710921,0.25155865497782226,0.0488192288499239,0.0028043633693672354,0.0325229255710921,0.01153900163072015,0.7392649622543469,0.22901998281787633,0.18244431188894247,0.27912110016402614,0.11251494759910924,0.18277542160917004,0.36205176442307585,0.03262828864658629,0.3370787715025505,1.0592731411124063,0.0325229255710921,0.1607243959036436,0.011631093301688655,0.3536122705618524,0.6050853048579099,0.14977815542277237,0.03269696069519276,0.18313295471773028,0.5027353934281756,0.0035154965452178777,0.0035154965452178777,0.11452376884197024,0.5822779534094007,0.18575926682280852,0.03262828864658629,0.2515730654412436,0.02444283484535617,0.5956942002188567,0.27973837574134,0.2939822124473384,0.03216503150474456,0.03195580814508836,0.0454036325412886,0.012150352086262202,0.18033118198714565,0.2560658998221556,0.03262828864658629,0.6228432644660741,0.3921369679300195,0.0034490353721111366,0.33116227112960595,0.5077914719621863,0.2160494518775521,0.35437605271601624,0.03256336785223879,0.25155865497782226,0.6130336992425676,0.03181212760726887,0.29047263470588347,0.024838680012168685,0.46423997046628124,0.0034490353721111366,0.12663165202035886,0.08666763330349618,0.358452502580375,0.031408784391845385,0.006304497209552645,0.5802408805570344,0.010747153668745409,0.0034490353721111366
chr22:46620401:46620402:NM_015124:GRAMD4,0.005852736443471285,-0.021263711420520637,0.07548208638821075,0.020037163169061345,0.002656497696229221,-0.02133544736782833,0.07193669998676083,0.002349662131412855,-0.010331794100679859,-0.03390504686485463,0.021994666586597322,0.45824457799236373,-0.006935357570323819,0.23611766891110536,0.0025862292759545324,0.002349662131412855,0.4809814652334544,-0.020008557161196316,0.03347198142201613,0.007605883233030131,-0.1322805087193205,0.0029737580168820443,0.002349662131412855,-0.0037842495360376205,0.002349662131412855,0.07227705140080926,0.03509901642690749,0.0024116617480776092,0.07227705140080926,0.006669930372276034,0.013619892379619802,0.07979881377382592,0.07639050318757984,-0.0103891960257676,0.07130028394432031,0.002349662131412855,0.004473115374876158,0.019557471977236784,0.07294260406416253,-0.010225073250962335,0.02446453245896152,0.03588255213348113,-0.04519870605190235,0.003481036537585469,0.00626104527948923,0.03692012424347957,0.004473115374876158,0.003543091062088166,-0.006542057752453423,-0.04598459582018877,0.007611326438723309,0.002349662131412855,-0.04407557812455343,0.007605883233030131,-0.07704449975378047,0.002656497696229221,-0.10672759455872749,0.009206942781936234,-0.0004949281617925294,0.039404161485595945,0.007361778302380828,0.002349662131412855,0.4484058684620664,-0.008592745550787706,0.45297017976723697,0.002349662131412855,0.002349662131412855,-0.010327059368249292,0.4484058684620664,0.002354523067693237,0.0023528886058459264,0.007605883233030131,0.007742603724915198,0.4762255222235058,0.002656497696229221,-0.08571461623842347,-0.0004949281617925294,0.041298902960627326,-0.11949944092457743,-0.009628762095833077,0.006706124062580421,0.0024182183114821454,0.007087315817251638,0.21447062965323677,0.07294260406416253,0.039998920826357254,0.019557471977236784,0.03322650179645292,0.0024116617480776092,0.12830473279186067,0.07140827091815766,0.07294260406416253,0.0024057619318138546,0.002349662131412855,-0.049407976534990405,-0.12250937072784707,-0.09016259921149561,0.09153497913802927,0.003026587710922901,-0.09604224787077453,-0.03424441873811934,-0.050383646290572126,0.030011714360155317,0.0160007442310367,0.027140269222783786,0.006365002264400177,0.010160687569895854,0.025926147933058696,0.11549522247248722,0.004473115374876158,0.002349662131412855,-0.0654108720154657,0.002504701501023887,0.01941653275285804,0.0034361407391347853,0.039878276007396074,0.0765214080268512,0.020948547352354407,0.016124950652720127,0.1005563723089038,0.0069130322693726765,0.16058152299555878,0.03781014243251335,0.019557471977236784,0.0025993409314012395,0.010003987092766953,0.005639792916417918,0.01981355195437784,0.009399760218507969,0.007605883233030131,0.053161696033940165,0.01981355195437784,0.003346938342970396,0.033421553096868506,0.050169391631781635,0.002349662131412855,0.002349662131412855,0.002349662131412855,0.5564790546602425,0.002359839077789694,-0.05383372560113742,0.017072632864794546,0.003434523392653266,0.002325592793105846,0.07294260406416253,0.002349662131412855,0.005535896576884358,-0.045312843390669544,0.005535896576884358,0.3017436167010958,0.03509901642690749,0.02446453245896152,0.0044108963289927194,0.016093090666545407,0.20606728653383272,0.027721934447115015,0.014906643240550244,0.002349662131412855,0.019557471977236784,-0.0041830120273347315,0.019557471977236784,0.010160687569895854,0.004473115374876158,0.01967410175337625,0.0024116617480776092,0.4841272490734758,-0.18599788990194077,0.447271427696762,0.03288204897546454,0.12268657997618476,0.07411190116131489,0.0715126289849145,-0.00959557694466151,0.002349662131412855,0.05556373191455277,0.0029449161841157423,-0.009531044207729877,0.019557471977236784,0.08176022760513169,-0.06182205485747849,0.003415965889502659,0.01994604181881221,0.2195108228298161,0.0024057619318138546,0.09093062831576026,0.004473115374876158,-0.12451334583557627,0.0034175831990960193,-0.06721460420880931,0.004473115374876158,-0.005371246293977006,0.019848176293344677,0.019557471977236784,0.0024116617480776092,-0.05046775646276935,0.07533010202668,0.0025944776661754876,0.08728640090325207,0.07102622036374046,0.07733835156176028,-0.15683071912093627,0.004473115374876158,0.012981191079636023,0.005020077101648646,0.14105918885696234,0.009172133308223862,0.003415965889502659,-0.008656152881076573,0.0052126779195121875,-0.025372620227009812,0.019037277610554404,0.3050526647664789,0.04010168995102198,0.002835760919531971,0.004473115374876158,0.0001575797513160282,-0.1252529697698168,0.002349662131412855,-0.008691338516847114,-0.11440890464638542,-0.13806321611363903,0.007733953322785814,0.003726231325148266,0.002903652368455134,0.007110542654154228,0.002349662131412855,0.0025944776661754876,0.12257156917099249,0.07604233427588081,0.11439503383734534,0.002349662131412855,0.002477249228154954,0.002349662131412855,0.03559545066585357,-0.14108788482024226,0.002349662131412855,0.4991103555567612,-0.05144940845791057,-0.1252241316808379,0.007996982552525789,0.020378605528391436,0.013383971965519659,0.007982621655317157,0.07512936429498102,0.0027080948104922786,0.08361576580557734,0.4671605145396944,0.004473115374876158,0.01981355195437784,0.4685783980067819,-0.12497438666677463,0.02069239109880594,0.0036537843313414475,0.14974549808068666,-0.008620424030968299,-0.08450250546730786,0.0045450327439967575,0.01981355195437784,0.0173528638593079,0.0008498473011152585,0.0008498473011152585,0.287834024549924,-0.20748031065996253,0.002349662131412855,0.0024116617480776092,0.016297536549867764,0.005473673424938208,0.09099167161969501,0.08036960708377128,0.0720485049695131,-0.09017052290323957,-0.18262100567963457,0.0044108963289927194,0.01611550344852808,0.09153937978633209,-0.00959557694466151,0.004473115374876158,0.122562640381501,0.0511832379993421,0.0023708014915194697,0.055359157012945026,-0.03877667298876952,0.002835760919531971,0.002349662131412855,0.1494480499203958,0.003481036537585469,0.0069159552690812864,-0.04856288045145607,-0.13283294333097528,0.12161410762603009,0.016236328785444343,0.0194791151683551,0.002349662131412855,0.0057381304698886915,0.28383503571764085,0.008104836286240369,-0.06074424022477232,0.020889794578461518,0.019366900014016752,0.002349662131412855
chrX:12138465:12138466:NM_014728:FRMPD4,0.002286104603812289,0.0014576668093223555,0.0014576668093223555,0.0014576668093223555,0.07008271876379552,1.0424608392558459,0.0031539096474124673,0.001552450521341786,0.0014576668093223555,0.005508917712453765,0.005034788135951207,0.0014576668093223555,0.030404978668511495,0.002286104603812289,0.0014576668093223555,0.0017033286918514134,0.41757074105191216,0.42489624017577377,0.001682063930851796,0.0014576668093223555,0.0030590537894976677,0.07497348391771363,0.07115651791406291,0.44282592182763725,0.0014576668093223555,0.0014576668093223555,0.0014576668093223555,0.07105767415920089,0.0014576668093223555,0.005130259382612579,0.034713694552221175,0.8951069009591707,0.0014576668093223555,0.5781688499428169,0.07584878423354519,0.41756173364653304,0.023833502253388594,0.0014576668093223555,-0.018923894084378667,0.5414361522263615,0.0014576668093223555,0.0014576668093223555,0.0014576668093223555,0.0014576668093223555,0.09562832619223388,0.41756173364653304,0.023833502253388594,0.0014576668093223555,0.0014620627205849113,0.005043938262534464,0.027707059090010422,0.0014576668093223555,0.005034788135951207,0.023833502253388594,0.0014576668093223555,0.0014576668093223555,0.41756173364653304,0.0014576668093223555,0.02485094166028806,0.0014576668093223555,0.023833502253388594,0.0014576668093223555,0.4808521612061108,0.0014576668093223555,0.0022929664902921476,0.0014576668093223555,0.0014576668093223555,0.10366415117333061,0.03062817322965472,0.005034788135951207,0.0014620627205849113,0.0014576668093223555,0.41756173364653304,0.0014576668093223555,0.005130259382612579,0.0014576668093223555,0.02485094166028806,0.0019912721393124944,0.0014576668093223555,0.0014576668093223555,0.0014576668093223555,0.08893520750017858,0.0014576668093223555,0.4175733744815968,0.000919467725233214,0.41756173364653304,0.0014576668093223555,0.0014576668093223555,0.023833502253388594,0.0014576668093223555,0.0014576668093223555,0.0014244243210772556,0.0014576668093223555,0.0014576668093223555,0.042144108456557805,0.0014576668093223555,0.0238528027565188,0.07532316974607828,0.0014576668093223555,0.0014576668093223555,0.023833502253388594,0.005034788135951207,0.015092797352536214,0.030404978668511495,0.0014576668093223555,0.02789654839561423,0.015090120157995102,0.07578640551753385,0.0014576668093223555,0.023833502253388594,0.0014576668093223555,0.0014576668093223555,0.0014576668093223555,0.0014576668093223555,0.0014576668093223555,0.0016578658396081969,0.002741208262427075,0.0014576668093223555,0.41756173364653304,0.0038288055784571617,0.0014576668093223555,0.41756173364653304,0.005555109248662926,0.0014576668093223555,0.005034788135951207,0.02533116929903062,0.0014576668093223555,0.0014576668093223555,0.1162115930092758,0.023833502253388594,0.41756173364653304,0.0014576668093223555,0.10748324291922307,0.0014576668093223555,0.0014576668093223555,0.0014576668093223555,0.0014576668093223555,0.41756173364653304,0.0014576668093223555,0.41756173364653304,0.0014576668093223555,0.0014576668093223555,0.0014576668093223555,0.0014576668093223555,0.033064035021732885,0.0015859809799946278,0.0014576668093223555,0.0014576668093223555,0.0014576668093223555,0.0014576668093223555,0.0014576668093223555,0.41756173364653304,0.03042372912165625,0.0014576668093223555,0.05907568204519659,0.014978706601544933,0.41756173364653304,0.0014576668093223555,0.0014576668093223555,0.0014576668093223555,0.0014576668093223555,0.014776110410803178,0.023833502253388594,0.012992315033253987,0.023833502253388594,0.0014576668093223555,0.41756173364653304,0.002286104603812289,0.0014576668093223555,0.0014576668093223555,0.0014576668093223555,0.0501843055276574,0.0014576668093223555,0.0014576668093223555,0.4178849398921617,0.41756173364653304,0.0014576668093223555,0.0014576668093223555,0.0015359287567603963,0.0014576668093223555,0.0014576668093223555,0.41756173364653304,0.045762794432011866,0.0014576668093223555,0.0014576668093223555,0.023833502253388594,0.41756173364653304,0.41756173364653304,0.0302417604759585,0.023833502253388594,0.0014576668093223555,0.0014576668093223555,0.0014576668093223555,0.023833502253388594,0.0014576668093223555,-0.01680724362610675,0.002286104603812289,0.0014576668093223555,0.41804169405096714,0.41756173364653304,0.0022952041931244005,0.023833502253388594,0.0019391298524268907,0.02485212554285482,0.0014768610023813133,0.0014576668093223555,0.41769859066403725,0.07035518728509293,0.0014576668093223555,0.0015615415601033522,0.0014576668093223555,0.4998792777167585,0.0014576668093223555,0.42127814736295177,0.023833502253388594,0.0014576668093223555,0.0014576668093223555,0.0014576668093223555,0.5613558779981623,0.41756173364653304,0.0034676503067388453,0.0014576668093223555,0.0014576668093223555,0.48136783244284226,0.024867840344770353,0.0014576668093223555,0.0014576668093223555,0.0014613838358421005,0.014776110410803178,0.02993510283541334,0.0014576668093223555,0.0014576668093223555,0.41854423495135695,0.0014576668093223555,0.003003205359579708,0.0014576668093223555,0.0028413127691410134,0.003003205359579708,0.001912494510226792,0.0014576668093223555,0.0014576668093223555,0.41756173364653304,0.0014576668093223555,0.0056648294438269575,0.0014576668093223555,0.41756173364653304,0.9575556687482143,0.023833502253388594,0.0014576668093223555,0.41756173364653304,0.003003205359579708,0.02179116463507802,0.0014576668093223555,0.0014576668093223555,0.0014576668093223555,0.02993510283541334,0.0014576668093223555,0.0014576668093223555,0.0014576668093223555,0.0014576668093223555,0.0014576668093223555,0.03062817322965472,-0.032022803783477216,0.0014576668093223555,0.023833502253388594,0.0014576668093223555,0.0014576668093223555,0.0014576668093223555,0.0707789121997156,0.0015859809799946278,0.023833502253388594,0.02477405987515091,0.0015303838669378234,0.41756173364653304,0.0014588032498131231,0.0014576668093223555,0.023833502253388594,0.0022848205221411844,0.0014576668093223555,0.029919314049797363,0.001459765527042689,0.0014576668093223555,0.07239584327240728,0.0014576668093223555,0.0014613838358421005,0.0014576668093223555,0.0014576668093223555,0.023833502253388594,0.0014576668093223555,0.0014576668093223555,0.0014731438372563854,0.014776110410803178,0.0014576668093223555,0.0014576668093223555,0.011991214608841005,0.015397628250624074,0.030404978668511495,0.0014576668093223555,-0.023371276540392893,0.0014576668093223555
chrX:23783157:23783158:NM_002970:SAT1,0.253547237943247,0.31740449184078384,0.06019383761288516,0.0024957159615753843,0.23663658725518344,0.3359055095249956,0.002369300959574522,0.23663658725518344,0.23133913599074948,0.14567274727360652,0.30930898861283973,0.02575561611497021,0.22685720941747103,0.3481364047280996,0.002369300959574522,0.002369300959574522,0.013939734614422439,0.2181646949368434,0.3056864861658979,0.35066110784255033,0.2368052264914965,0.34723129325606955,0.25219374128597316,0.2613960941451944,0.3272930270238956,0.10341844836585465,0.002369300959574522,0.2656300724903162,0.01331374882708744,0.32862412747351566,0.5976441139886702,0.7406685068979653,0.3615711531926246,0.2941410260559001,0.3635689059695926,0.3406819971463544,0.3469710789190349,0.32374331829207226,0.15233802048849415,0.04084320015000781,0.32374331829207226,0.3783636107159493,0.388850365819883,0.002369300959574522,0.3053133696164124,0.3085817682846161,0.3469710789190349,0.013274655670116264,0.07602871466499406,0.5728801915747703,0.049043767804933414,0.010758447604108295,0.07679786071185846,0.36154154329639066,0.029639520586453777,0.04337718093875065,0.052316446292699326,0.016841971687691748,0.28565185101397106,0.010758447604108295,0.12065398824087398,0.06796180694054557,0.002369300959574522,0.38578044443049486,0.3530739690575128,0.32374331829207226,0.002369300959574522,0.2941424520946384,0.002369300959574522,0.05999703080299176,0.013906183441377451,0.3518104249460414,0.010758447604108295,0.002369300959574522,0.24633577821408498,0.2473314679051782,0.28565185101397106,0.04342366731103814,0.7647192226769568,0.32374331829207226,0.002369300959574522,0.7251039844570715,0.1432588166832125,0.34077344847219915,0.01925943374312561,0.010758447604108295,0.010758447604108295,0.2196637996625698,0.2941248643251376,0.4024559841809989,0.30063798684999365,0.002369300959574522,0.002369300959574522,0.002369300959574522,0.002369300959574522,0.021782402973762716,0.22247263186111993,0.46451102889396556,0.0011439204807886239,0.02239630277838045,0.3469710789190349,0.05251368432403419,0.10988967185867354,0.04335637096695927,0.3302391183480577,0.31910187772862675,0.30510916056129506,0.7722453316176875,0.6692427324506645,0.3469710789190349,0.32374331829207226,0.24598233071510367,0.3272930270238956,0.32374331829207226,0.3783636107159493,0.0645062265625394,0.2866507152067564,0.3406819971463544,0.05626016964048397,0.0369802256120465,0.010758447604108295,0.015043125585954331,0.27395807661859,0.32374331829207226,0.05281398062709994,0.597851618022596,0.002369300959574522,0.002369300959574522,0.10499172537168644,0.002369300959574522,0.3584246390641379,0.32374331829207226,0.12360500357515047,0.059167510082423436,0.32374331829207226,0.3272930270238956,0.3272930270238956,0.002369300959574522,0.23664097257780164,0.002369300959574522,0.35647100425085343,0.32374331829207226,0.32376089820724885,-0.049443849134777826,0.15243919776046164,0.054594667198113456,0.04335637096695927,0.32022508402695415,0.2544265764428248,0.04928069419915035,0.010758447604108295,0.002369300959574522,0.24994514181510263,0.2544265764428248,0.1656618779297237,0.017719606435107255,0.002369300959574522,0.13377566938322086,0.32374331829207226,0.3107050873043832,0.3107050873043832,0.05901417085387192,0.3469710789190349,0.013274655670116264,0.3469710789190349,0.002379329748956882,0.4122547817153257,0.7252227304171776,0.010758447604108295,0.019371846149003835,0.23663658725518344,0.028008926736173445,-0.007485333076135803,0.002369300959574522,0.1552073861238209,0.002369300959574522,0.22964966212699753,0.3406819971463544,0.3554439629205853,0.38281909405312753,0.32374331829207226,0.3406819971463544,0.23606783175717277,0.053451250253925636,0.4591158887441561,0.2941248643251376,0.002369300959574522,0.010758447604108295,0.048670081341920385,0.3469710789190349,0.24598171334667357,0.052248609290078823,0.002369300959574522,0.3469710789190349,0.1432636603068615,0.15260545442549733,0.32374331829207226,0.350883037025007,0.5002852535841023,0.02184913895516427,0.018224530275782524,0.36154154329639066,0.012502122624419132,0.5030420213093959,0.0012632367403754285,0.010758447604108295,0.31070757987250736,-0.004819504081129161,0.004885366863799867,0.3205588491788387,0.34340111310696425,0.23663658725518344,0.05877339966437811,0.013233632642927123,0.45101609596903425,0.002369300959574522,0.24804100793791783,0.13377566938322086,0.2665046131999826,0.3783636107159493,0.029925353167872232,0.3615711531926246,0.3107050873043832,0.6036030608520166,0.6287769835231934,0.010758447604108295,0.3107050873043832,0.057876975039156786,0.002369300959574522,0.3865656655816575,0.3107050873043832,0.3783636107159493,0.0023696367244759875,0.013389943737276866,0.006924948542540665,0.04879233574311562,0.24633537469285885,0.017719606435107255,0.004471004533786183,0.002369300959574522,0.3302391183480577,0.4165841791709061,0.32374331829207226,0.17024354635537936,0.010758447604108295,0.014670633029381652,0.3388568193400788,0.09164160861785692,0.32374331829207226,0.40236118704947255,0.02232521840937246,0.030290071233332744,0.003014590221244423,0.002369300959574522,0.37729603034724624,0.02372120802344646,0.2902810149089466,0.32374331829207226,0.5831167060192728,0.2543940134258767,0.2543940134258767,0.010758447604108295,0.7850468702962663,0.3107050873043832,0.002369300959574522,0.19272310018686306,0.002369300959574522,0.3420243901162995,0.8061990296902353,0.026540399645969742,0.022106997471345535,0.3841994048377457,0.2075216721897198,0.32374331829207226,0.4573696814635297,0.0004837335536978238,0.3721533216284395,0.44714160517568674,0.010758447604108295,0.004271899774001858,0.32571564720193963,0.021782402973762716,0.023156885949507905,0.010758447604108295,0.05754364779358542,0.23663658725518344,0.04335637096695927,0.3469710789190349,0.25196787206518506,0.3107064942222599,0.3994723841348262,0.015570182842628982,0.32374331829207226,0.04335637096695927,0.14824416654363726,0.39804259763108774,0.002369300959574522,0.32374331829207226,0.06265840866346117,0.002369300959574522
chrX:31266907:31266908:NM_004019:DMD,0.002933925298728629,0.002107338305873535,-0.0010147454334532013,0.0005952776234465773,0.0034279675382582198,0.054406556292892316,-0.0010334370350778,0.004598552513394943,0.002107338305873535,-0.0010334370350778,0.03038089633441124,-0.0011545241729813138,-0.010503144973570577,0.0029797561372669756,-0.0010334370350778,0.0037644673394087724,0.0005952776234465773,0.06967929505518955,-0.0009881512210425103,-0.0010334370350778,-0.0002580034694855404,0.03469488889112532,0.0067816117838034595,-0.010425603889045648,-0.0010334370350778,-0.0010334370350778,-0.0010334370350778,0.007343408099987209,-0.0010334370350778,0.002107338305873535,0.007467795622332463,0.002107338305873535,0.10859976979609057,0.0029944863159936386,0.03195040721771053,-0.0030576929624372695,-0.0010334370350778,-0.0010334370350778,-0.0010334370350778,0.04202085286116497,0.35429820689858105,-0.0010334370350778,0.02846698449431348,0.009022886896560334,0.19268044673023796,0.354962303465312,-0.0010334370350778,-0.0010334370350778,-0.0010334370350778,0.005035136270377855,0.002107338305873535,-0.0010334370350778,0.03038089633441124,-0.0010334370350778,0.35429820689858105,-0.0010334370350778,0.35429820689858105,0.35429820689858105,0.0063982140288754985,-0.0010334370350778,0.002107338305873535,0.0029926727551384535,-0.0010334370350778,0.002107338305873535,0.02660037095829121,0.3552382815424354,-0.0010334370350778,0.003040307520761981,0.2084594518341509,0.025653949356352262,-0.0010334370350778,0.027452295622786255,0.35429820689858105,-0.0008149692455891588,0.0034279675382582198,-0.016590341866532826,0.0063982140288754985,-0.0010334370350778,0.3593150574159377,0.35429820689858105,0.35429820689858105,0.0005952776234465773,0.35429820689858105,0.3545007730087303,-0.0008428569789977469,-0.0010270102256489388,-0.0010334370350778,0.04842295951369935,-0.0010334370350778,-0.0010334370350778,-0.0010334370350778,-0.0010334370350778,0.35429820689858105,0.35429820689858105,-0.0010334370350778,-0.0010334370350778,0.0006139988767022986,0.002107338305873535,0.0015290895261357018,-0.0010334370350778,-0.0010334370350778,0.026560722084660704,0.21466682722058947,-0.0009881512210425103,-0.0010334370350778,0.2171555304041906,0.0015290895261357018,-0.0010334370350778,-0.0010334370350778,-0.0010334370350778,-0.0010334370350778,0.003171124158348193,0.35429820689858105,0.35429820689858105,0.3569405870754323,0.21195873821574832,0.004586036188146597,0.35429820689858105,0.35429820689858105,0.056342749244745055,-0.0010334370350778,0.35429820689858105,0.0029797561372669756,-0.0010334370350778,0.026784661211442656,0.2742498981289754,-0.0010334370350778,0.35429820689858105,0.008205979812167169,-0.0010334370350778,0.35569443642891907,-0.0010334370350778,0.0058018156464322845,-0.0010147454334532013,-0.0010334370350778,-0.00023911487449898572,-0.00023911487449898572,-0.0010334370350778,0.21145963860883568,-0.0010334370350778,-0.008476501617677351,0.2084594518341509,0.3583737334777922,-0.0010334370350778,-0.0010334370350778,0.17432017220450577,-0.0010334370350778,-0.0010334370350778,-0.0010334370350778,-0.0010334370350778,-0.001010297409849148,-0.0010334370350778,-0.0010334370350778,0.002153119799999048,0.004375317511962795,0.21464559984408563,-0.0010334370350778,-0.0031608810393395637,0.35429820689858105,-0.0010334370350778,-0.0010334370350778,-0.0010334370350778,-0.0010334370350778,-0.0010334370350778,-0.0010334370350778,0.021907496102507862,0.35810275563227323,0.0045089740131587785,0.35429820689858105,-0.0010334370350778,0.002933925298728629,0.1681006840883139,-0.0010334370350778,-0.0010334370350778,0.3524367147689229,0.35429820689858105,-0.0010334370350778,-0.0010334370350778,-0.0010334370350778,0.35429820689858105,0.3404917132574957,0.35429820689858105,-0.0010334370350778,-0.0010334370350778,0.3580152860091049,-0.0010334370350778,0.35429820689858105,0.3550429976530731,0.04534847801154046,-0.0010334370350778,0.003171124158348193,-0.0010334370350778,-0.0010334370350778,-0.0010334370350778,-0.0010334370350778,-0.0010334370350778,-0.0010334370350778,-0.0010334370350778,0.21144306667423457,0.00011614780294527671,0.04454973140338128,-0.0010334370350778,-0.0009936503873259894,0.08299200892675854,0.2183182410512816,0.35429820689858105,0.35429820689858105,0.0070893914223920385,0.35429820689858105,-0.0010334370350778,0.33717083835545125,-0.0010334370350778,-0.0010147454334532013,0.35429820689858105,-0.0010334370350778,-0.0010334370350778,0.003171124158348193,-0.0031608810393395637,0.02278697522522069,0.35429820689858105,-0.000520534012435736,0.027676376337456232,-0.00021504762350879614,0.0029187363349434114,0.2201108350874058,-0.0010334370350778,0.002107338305873535,0.2177410406418706,-0.0010334370350778,0.09290201876794132,0.35429820689858105,0.35902093131266144,-0.0010334370350778,0.3537731944110155,-0.0010147454334532013,-0.0010334370350778,0.35429820689858105,-0.0010334370350778,-0.0010334370350778,0.35429820689858105,0.35429820689858105,0.0005952776234465773,0.35429820689858105,-0.0010334370350778,-0.0010334370350778,0.3561606915532517,0.0010319464142172774,-0.0010334370350778,0.35429820689858105,0.35429820689858105,-0.000978447233577845,-0.0010334370350778,-0.001010297409849148,-0.0010334370350778,-0.0010334370350778,0.06442043006970152,0.005524406861822706,0.35429820689858105,0.35611653615133687,-0.0010334370350778,-0.0010334370350778,-0.0010334370350778,0.027564915198215884,-0.0010334370350778,-0.0010334370350778,0.003605973359652681,0.35429820689858105,0.35429820689858105,-0.0004283483416444023,-0.0010334370350778,-0.0010147454334532013,-0.0010334370350778,0.0027203432717131104,0.35429820689858105,0.0029493382973870552,-0.0010334370350778,-0.0010334370350778,0.04547649106815238,-0.0010334370350778,-0.0010295769433119606,0.3551830322325381,0.0007492036272911395,0.35429820689858105,-0.0010334370350778,0.2164930563456902,0.002107338305873535,0.020688757699902194,-0.0010334370350778,-0.010425603889045648,-0.0010334370350778,-0.0010334370350778,0.3561251614429918,-0.0010334370350778,-0.0010334370350778,-0.0010334370350778,-3.997466364294433e-05,-0.0010334370350778,0.35429820689858105,0.5611510503411056,-0.0010334370350778
chrX:34657288:34657289:NM_031442:TMEM47,-0.0015898871050432084,0.19373903023932879,-0.0015898871050432084,-0.0015898871050432084,-0.0015898871050432084,0.46430073028167945,-0.0015898871050432084,-0.0015898871050432084,0.19373903023932879,-0.0015864173232525286,-0.001538990718426475,-0.0015898871050432084,-0.0015898871050432084,-0.0015898871050432084,0.18697935578002509,-0.0015898871050432084,-0.0015898871050432084,0.5234627103644891,-0.0015898871050432084,-0.0015898871050432084,-0.0015898871050432084,-0.0015872882508354558,-0.0012690519957975488,-0.0015638877070113522,-0.0015898871050432084,-0.0015898871050432084,0.267885785286557,-0.0011600079967091365,-0.0015898871050432084,-0.0015898871050432084,0.005723521182644339,0.7960302847263345,-0.0015898871050432084,0.03082271201674469,-0.0012664523093991603,0.267885785286557,-0.0015898871050432084,-0.0015898871050432084,-0.0015898871050432084,0.28885920624338,0.267885785286557,0.267885785286557,-0.0015262565945255852,-0.0015898871050432084,0.09534525428232332,-0.0015898871050432084,-0.0015898871050432084,-0.0015898871050432084,-0.0015898871050432084,-0.0015898871050432084,-0.0015898871050432084,0.18697935578002509,-0.001538990718426475,-0.0015898871050432084,0.267885785286557,-0.0015898871050432084,-0.0015900284217709587,0.267885785286557,-0.0015900284217709587,0.267885785286557,-0.0015898871050432084,-0.0015898871050432084,-0.0015898871050432084,-0.0014644676535538748,-0.0015898871050432084,-0.0015898871050432084,-0.0015898871050432084,-0.0015898871050432084,-0.0015898871050432084,0.0003917731870268365,-0.0015898871050432084,-0.010828567977564776,-0.0015898871050432084,-0.0016883591482720894,-0.0015898871050432084,-0.0013938579965077497,-0.0015900284217709587,0.011497270048391114,0.267885785286557,0.18697935578002509,0.267885785286557,-0.0015898871050432084,0.267885785286557,0.7960302847263345,-0.0015898871050432084,0.267885785286557,-0.0015898871050432084,-0.0015898871050432084,-0.0015898871050432084,0.267885785286557,-0.0015898871050432084,-0.0015898871050432084,-0.0015898871050432084,-0.0015898871050432084,-0.0015898871050432084,-0.0015898871050432084,-0.0015898871050432084,-0.0015898871050432084,-0.0015898871050432084,-0.0015898871050432084,-0.0015898871050432084,-0.0015894070770831742,-0.0015898871050432084,-0.0015898871050432084,-0.0015898871050432084,0.09542451274005019,-0.0015898871050432084,-0.0015898871050432084,0.267885785286557,-0.0015898871050432084,-0.0015898871050432084,-0.02062957844195401,-0.0015898871050432084,-0.0015898871050432084,0.016250440148154202,-0.0015898871050432084,-0.0015898871050432084,0.267885785286557,-0.0015898871050432084,0.15766243783033876,-0.0015898871050432084,0.7960302847263345,-0.0015448110843671314,-0.0015898871050432084,0.00039225412033754015,0.09534525428232332,-0.0015898871050432084,0.267885785286557,-0.0013539654755778535,-0.0015898871050432084,0.18697935578002509,-0.0015898871050432084,0.010560985595492137,-0.0015898871050432084,0.267885785286557,0.18697935578002509,0.18697935578002509,0.267885785286557,-0.0015898871050432084,-0.0015898871050432084,0.267885785286557,0.267885785286557,-0.0015898871050432084,-0.0015898871050432084,-0.0015898871050432084,-0.0012690519957975488,-0.0015898871050432084,-0.0015898871050432084,-0.0015898871050432084,-0.0015868561697872374,0.267885785286557,-0.0015898871050432084,0.267885785286557,-0.0015898871050432084,0.1470629386210884,-0.0015898871050432084,0.267885785286557,0.045904151322647774,0.18697935578002509,-0.0015898871050432084,-0.0015898871050432084,-0.0015898871050432084,-0.0015898871050432084,0.267885785286557,-0.0015898871050432084,0.267885785286557,0.4127943137099876,-0.0015898871050432084,0.26788513956513477,-0.0015898871050432084,-0.0015898871050432084,-0.015808442406065548,-0.0015898871050432084,-0.0015898871050432084,0.004375006570237844,-0.0015898871050432084,-0.0015898871050432084,-0.0015898871050432084,-0.0015868561697872374,-0.0015898871050432084,0.267885785286557,-0.0015898871050432084,0.267885785286557,-0.0015898871050432084,-0.0015898871050432084,-0.0015898871050432084,0.267885785286557,-0.0015898871050432084,-0.001443341455357558,-0.0015898871050432084,-0.02062957844195401,-0.0015898871050432084,0.267885785286557,-0.0015898871050432084,0.267885785286557,-0.0015898871050432084,0.267885785286557,-0.0015898871050432084,-0.00037355296881408373,-0.0015900284217709587,-0.0018812234930273702,-0.0015898871050432084,-0.0015900284217709587,0.26788513956513477,-0.0015900284217709587,-0.0015898871050432084,0.7960302847263345,0.010325682387316737,-0.0015898871050432084,-0.002150042990075929,-0.0015898871050432084,0.18697935578002509,-0.0015898871050432084,-0.0015898871050432084,-0.0015898871050432084,-0.0015898871050432084,-0.020597803172865845,0.045904151322647774,-0.0015898871050432084,-0.0015900284217709587,0.021433021796156942,-0.010832037824607052,-0.0015898871050432084,-0.0015898871050432084,0.095392532077245,-0.0015898871050432084,-0.0015898871050432084,-0.0015900284217709587,-0.0015898871050432084,0.268268921689014,-0.0015898871050432084,0.267885785286557,0.18697935578002509,0.267885785286557,-0.0015898871050432084,-0.0015898871050432084,-0.0015898871050432084,-0.0015898871050432084,-0.0015898871050432084,0.267885785286557,0.267885785286557,-0.0015898871050432084,0.267885785286557,-0.0015898871050432084,-0.0015898871050432084,-0.0015898871050432084,0.267885785286557,-0.0015898871050432084,0.267885785286557,0.26788513956513477,-0.0013938579965077497,-0.0015898871050432084,-0.0015898871050432084,-0.0015898871050432084,0.267885785286557,-0.0013888576741637043,-0.001574993309631012,0.267885785286557,-0.0015898871050432084,-0.0015898871050432084,-0.0015898871050432084,-0.0015898871050432084,0.00039847886005767164,-0.0015898871050432084,-0.0015898871050432084,0.054580363853398664,-0.0015898871050432084,0.267885785286557,-0.0015898871050432084,-0.0015898871050432084,-0.0015898871050432084,-0.0015898871050432084,-0.0015898871050432084,0.2678871616043698,-0.0015898871050432084,-0.0015898871050432084,-0.0015898871050432084,0.267885785286557,-0.0015898871050432084,0.0006982235253459729,-0.0015898871050432084,0.267885785286557,-0.0015898871050432084,-0.0015898871050432084,-0.0015900284217709587,-0.0015898871050432084,-0.0015898871050432084,-0.0015898871050432084,-0.0015898871050432084,-0.0015898871050432084,-0.0015898871050432084,-0.0015898871050432084,-0.0015898871050432084,-0.0015898871050432084,-0.0015898871050432084,-0.0015898871050432084,-0.0015898871050432084,0.267885785286557,-0.0015898871050432084,-0.0015898871050432084
chrX:43654906:43654907:NM_001270458:MAOA,0.17151750397534066,0.2912997470236275,0.0048399801990301194,0.1638445209434311,-0.0005520114123604425,0.29093471537650006,0.08140694108168653,0.0048399801990301194,0.07974366660233775,0.1638445209434311,0.005421906773767526,-0.08490308985282632,0.004843284462069081,-0.0005520114123604425,-0.0005520114123604425,0.0048399801990301194,0.1638445209434311,0.08233708975903214,0.0048399801990301194,0.17151750397534066,0.08141172066578309,0.004849974731709228,0.014291029788769255,-0.0005520114123604425,-0.0005520114123604425,0.1638445209434311,-0.0005520114123604425,0.014291029788769255,0.1638445209434311,0.38682105279590434,0.006026460178757964,-0.11848121127576045,0.08695209356367117,0.18652614101876094,0.004867962784608104,-0.0005520114123604425,0.0048399801990301194,-0.0005520114123604425,-0.025524882296429546,0.11453661002181137,0.3805196484754002,0.38492446341490216,0.014853192706208301,-0.0005520114123604425,0.2956058754571692,0.3805786317073313,-0.0005520114123604425,0.0048399801990301194,-0.0005520114123604425,0.3805196484754002,0.3862617047885357,0.3805196484754002,0.005421906773767526,0.0048399801990301194,0.1638445209434311,0.0048399801990301194,-0.09987719656137886,0.3805196484754002,0.5457478472251006,-0.12458060170580387,0.5948245111359964,0.0041825554148140764,-0.0005520114123604425,0.18612871161004838,0.17343910920192818,-0.0005520114123604425,-0.0005520114123604425,0.18576365300667363,-0.0005520114123604425,0.0007096945378446962,-0.0005520114123604425,0.17157043216368656,-0.0005520114123604425,-0.0005527739049960012,0.17151750397534066,0.00576409157867902,0.32968397815055617,0.0810142526102279,0.17151750397534066,-0.0005520114123604425,-0.0005520114123604425,0.0048399801990301194,-0.0005520114123604425,0.17151985748830145,-0.025615460480283847,0.1638445209434311,-0.0005520114123604425,0.11157863099836346,0.0048399801990301194,-0.12636222206528513,-0.0005520114123604425,-0.094280692027045,-0.0005520114123604425,0.1638445209434311,-0.0005520114123604425,0.1638445209434311,0.002612317018655941,0.29455405152526476,-0.0005520114123604425,-0.0027924676879331756,0.0048399801990301194,-0.09363645102559526,0.00010792126448772033,0.0048399801990301194,0.1638445209434311,0.29127937506771406,-0.0005520114123604425,-0.11812758102903281,0.15883601235012873,-0.0005520114123604425,-0.0005520114123604425,-0.006828515633399007,-0.0005520114123604425,-0.0005520114123604425,0.3805196484754002,-0.00023522357486052692,0.0048399801990301194,-0.0005520114123604425,0.3809214237029134,0.2911700881597176,-0.0005520114123604425,0.1638445209434311,-0.0004458800920354722,-0.0005520114123604425,-0.09355082461077602,0.33520952655034236,-0.0005520114123604425,0.3805196484754002,0.04889529831960121,-0.0005520114123604425,-0.0005396478563488294,-0.0005520114123604425,0.011326641103657026,0.15829458490045872,-0.12458060170580387,0.3805196484754002,0.3805196484754002,0.3805196484754002,-0.0005520114123604425,0.3805196484754002,0.1638445209434311,0.1638445209434311,0.3805196484754002,-0.00026663862789369497,-0.026326426403240122,-0.0005520114123604425,-0.0005520114123604425,0.16406474525768627,-0.0005520114123604425,-0.000644587006778774,-0.0005520114123604425,-0.0005520114123604425,-0.0005520114123604425,-0.0005700206409686159,-0.062310240502200104,0.0006746694544225718,0.0012707640477842563,0.003993250096850115,0.3805196484754002,-0.0005520114123604425,-0.0005520114123604425,-0.0005520114123604425,0.0041825554148140764,-0.09987719656137886,-0.0005520114123604425,0.1638445209434311,0.39268155683343736,0.006142100077814072,0.1638445209434311,0.3805196484754002,-0.0005520114123604425,-0.0037011447457406532,-0.0005406053165413482,-0.0005520114123604425,0.02466661142993401,-0.0005520114123604425,-0.0005520114123604425,-0.0005520114123604425,0.03456854939878687,0.1638445209434311,-0.0005520114123604425,-0.09987719656137886,0.3435755582435838,-0.0005520114123604425,0.6702571162946783,-0.0005520114123604425,-0.0005520114123604425,0.1638445209434311,0.03469017241627739,0.0048399801990301194,-0.006828515633399007,1.6989909302211892e-06,-0.0005520114123604425,-0.0005520114123604425,0.16597738067795248,-0.025540465520147326,-0.0005520114123604425,-0.0005520114123604425,-0.0005337752920911154,-0.12458060170580387,0.0022083216365390013,0.0048399801990301194,-0.0005520114123604425,0.6458449451946389,0.17842593340327256,-0.0005520114123604425,0.3805196484754002,0.003036293561193587,-0.0005396478563488294,0.3868081689815846,0.3805350570779917,-0.0005520114123604425,0.15829458490045872,0.3805196484754002,0.0048399801990301194,-0.0005520114123604425,0.22714237939953746,0.003993250096850115,0.165246740673551,-0.12458060170580387,0.008718385307735776,0.0048399801990301194,-0.0005520114123604425,-0.00020659887306806457,0.3091979347678177,0.3805196484754002,-0.0005520114123604425,0.009265526729026502,0.03469103954014224,0.26335780723035596,-0.0005520114123604425,0.16406474525768627,-0.0005520114123604425,0.17202744801790248,-0.0009201296543007442,0.0048399801990301194,0.21320493825536352,0.15694341357369856,-0.0032316243610605033,-0.09987719656137886,0.3805196484754002,-0.125863678938696,0.1638445209434311,-0.015032299058740511,-0.0005520114123604425,0.3805196484754002,0.1638523674474574,0.0048399801990301194,0.3805196484754002,-0.12444565745881803,-0.0011380555867121778,0.0810142526102279,0.006844093119671574,-0.0005520114123604425,0.1638445209434311,0.26218705299614664,0.005190731783111441,0.3805196484754002,-0.07660146189138134,-0.0028011823111973033,-0.0028011823111973033,-0.0005520114123604425,0.020743167091219678,-0.0005520114123604425,-0.0005520114123604425,0.021478268296882097,0.3805196484754002,0.1638445209434311,0.6703626969692108,0.34131946452624223,0.0019802689652475836,0.16439905284672446,0.17048530985848914,0.16657963558976874,0.16894558701027623,-0.0005520114123604425,0.0048399801990301194,0.0026272138769813658,-0.12458060170580387,-0.0005520114123604425,-0.0005396478563488294,0.1638445209434311,0.34131946452624223,-0.0005520114123604425,0.015000884431969591,0.004821992199689734,1.6989909302211892e-06,-0.0005520114123604425,-0.0005520114123604425,-0.0005520114123604425,0.0810142526102279,-0.0005520114123604425,0.1638445209434311,-0.0012256254806692068,0.3810627897924372,0.0007468412320374429,-0.0005520114123604425,0.3805196484754002,-0.12458098285269004,-0.0005520114123604425
chrX:46759172:46759173:NM_032591:SLC9A7,0.2785839323045385,0.08208176696938294,0.35424564434008254,0.3052788853622761,0.35437744116598396,0.005623089938031622,-0.04377115316247644,0.08391403073012291,0.34978646354294163,0.3829403424580524,0.33305697663042066,0.7292601548803761,0.35442744973181467,0.32474882870214167,0.001720514949207802,0.3810591017260099,0.2893088556507246,0.3576504494598721,-0.03498823423348842,0.35439536308549996,-0.06458462855593528,0.8306589611745832,0.38459282478480483,0.8528013877306952,0.28894392738396785,0.02615989877831367,0.30511315153140384,0.8354606889660414,0.35424564434008254,0.1009777202993864,0.44572243571572456,0.761096992231793,0.3544968196109858,0.38188214851300906,0.3847497888574696,0.7799272062103264,0.02615989877831367,0.28894392738396785,0.0256836695954186,-0.0587787561236783,0.0018494114252403243,0.3052788853622761,0.02637745250427121,0.3706184583056949,0.38906288735014116,0.3108394108139926,0.02615989877831367,0.9248072977501934,0.001994618661073394,0.3392572198812278,0.00220599617404995,0.28894392738396785,0.3332074922704817,0.02615989877831367,0.8328287746839667,0.35424564434008254,0.8714264161092447,0.001720514949207802,0.3616331797735112,0.3050137710506759,0.0007676585172443143,0.02615989877831367,0.04221063870208393,-0.013586627896397911,0.6906497952403003,0.0018494114252403243,0.30511315153140384,0.38104913823625186,0.35523345260938255,0.27855097844969723,0.001987152349107131,0.27893784738547983,0.28894392738396785,0.0019864931745970232,0.35416877182363943,0.31515456385382556,0.36169510912400116,0.3981307507100879,0.026398905222147023,0.28894392738396785,0.30511315153140384,0.026228507380713154,0.8338232739015269,0.2677712128984583,0.27858347007944645,0.30511315153140384,0.0018494114252403243,0.04588005882921589,0.001720514949207802,0.34069530721007835,0.02615989877831367,0.02615952483547771,0.02615989877831367,0.30511315153140384,0.001720514949207802,0.0016222259113456566,0.22277463015253207,0.6712365984956997,0.3152287138320777,0.03575519142467731,0.35439536308549996,0.6357517379896359,0.37011481594735524,0.30511315153140384,0.8338232739015269,0.3088361086267619,0.3656997258695565,0.6915188652274902,0.2488770248006845,0.001720514949207802,0.026289284035224576,0.001997580947855869,0.0019161725624231435,0.3149020568977117,0.0019143859374813749,0.36560290253110816,0.6948922966008463,0.3052788853622761,0.0018494114252403243,0.002311558926115044,0.001720514949207802,0.3050137710506759,0.43472144844040456,0.0018494114252403243,0.6915073373330791,0.356711195901254,0.008424270251492734,0.0018494114252403243,0.07797333339747765,0.001720514949207802,0.3104954425950983,0.3052788853622761,0.07416995630475878,0.02627106842880645,0.0016222259113456566,0.0018494114252403243,0.0018494114252403243,0.3052788853622761,0.3059262570821699,0.001720514949207802,0.8339298478148314,0.3386829447003378,0.0018496147907837643,0.013135820337103428,0.27920655011367523,0.35424564434008254,0.02615989877831367,0.27967345436743807,0.001720514949207802,0.08489712355409387,0.2886866125454316,0.30511315153140384,0.30511315153140384,0.004707291885694964,0.002505628199106033,0.03662671412417107,0.001720514949207802,0.001720514949207802,0.28894392738396785,0.001720514949207802,0.28894392738396785,0.03294376934705367,0.001720514949207802,0.0016222259113456566,0.001720514949207802,0.3050137710506759,0.3054675334269435,0.6952272639260569,0.3052788853622761,0.35439536308549996,0.35424564434008254,0.3272639355442322,0.02208265680070369,0.2886866125454316,0.38753038204764695,0.8328632469009694,0.016650441563744206,0.28894392738396785,0.0032105408299287624,0.37042488278484637,0.02615989877831367,0.3052788853622761,0.30663199904076693,0.7498100687438787,0.8338232739015269,0.001720514949207802,0.8338232739015269,0.0018494114252403243,0.2848411570970012,0.001720514949207802,0.001720514949207802,0.21923965232013531,0.001720514949207802,0.001720514949207802,0.31454397535068995,0.27920655011367523,0.3052788853622761,0.008582565676856245,0.3046909861198261,0.3058350980012178,0.24648899681598174,0.02615989877831367,0.026189324619817746,0.3893523584776937,0.33240882342891026,0.2886866125454316,0.3052788853622761,0.0032274639774168314,0.31196775898620777,0.06069690756581393,0.3108413956763353,0.04221063870208393,0.026316873985110366,0.5924169662039847,0.31515456385382556,0.30574861756779625,0.001722371778126855,0.001720514949207802,0.6216965200833591,0.2898048938636842,-0.05039067059587525,0.35431850199602916,0.7913283382777986,0.7925059265312451,0.31090869294085366,0.28894392738396785,0.001720514949207802,0.03224426485307001,0.0017167033095580944,0.3514423552273285,0.28894392738396785,0.35440111236171,0.0018494114252403243,0.3191902766514371,0.02229708015023841,0.0018292451603187099,0.3416896133195902,-0.017381606542878937,-0.06646723222783746,0.001720514949207802,0.30517949387215865,0.30533372019958294,0.3052788853622761,0.6915621020845606,0.2886866125454316,0.0018494114252403243,0.35540439411196645,0.0018292451603187099,0.3052788853622761,0.834555930997603,0.022297795293370677,0.27987425177837383,0.003694034306085399,0.30511315153140384,0.3050137710506759,0.03914257408643333,0.2794244136188522,0.3052788853622761,0.8368567677661858,0.001720514949207802,0.001720514949207802,0.04221063870208393,-0.042688380029258545,0.001720514949207802,0.001720514949207802,0.02615989877831367,0.0016222259113456566,0.3052788853622761,0.927338431403671,0.7915525555871006,-0.03615043468028584,0.27872764548483475,0.03385481318107723,0.30517949387215865,0.001720514949207802,0.007319267392935112,0.02615989877831367,0.0017686377560364522,0.002211767555916004,0.013917578132034557,0.31037759607319926,0.8328632469009694,0.5541697075164369,0.0016222259113456566,0.36434643177083964,0.0020696604949557856,0.0654654998158173,0.02627106842880645,0.04848393362713607,0.005816491857468339,0.026669782403790927,0.04499503576102976,0.33924778136490935,0.0015055091608660864,0.2962344181458846,0.03575519142467731,0.001720514949207802,0.3050137710506759,0.0021881916626935796,0.001720514949207802
chrX:46836911:46836912:NM_006915:RP2,0.021799833484667144,0.0036382773312687577,0.01756951167798393,0.6407893601938909,0.23931875210674858,0.3241271080424615,0.018767521855107022,0.17332432308860468,0.18447976494954915,0.21099756705975417,0.40497229167908955,0.6411863442174848,0.39225096076374677,0.1853127532420162,0.007007280444177963,0.01757496186511702,0.8840679634044413,0.5934013301395616,0.2004954908108267,0.0197752881341621,0.017434018929190817,0.024358673183810423,0.21067601887401188,-0.036631062758497715,0.6403158422900921,0.021271052938501983,0.007116321438507281,0.1856130979225522,0.01756951167798393,0.03203043870189681,-0.026295319620978905,0.6016286142464805,0.18563084788692713,0.003155261824423397,0.21317825762140682,0.6565570325850314,0.01682071679404054,0.640809161692468,0.021435938504588636,0.009244448312570916,0.6401393648507849,0.6411970110874985,0.2236654766546112,0.20478156835566516,0.1542583052555589,0.4023123264697542,0.01682071679404054,0.03017348039500331,0.4060397065493057,0.6919575104669994,-0.04708941027250364,0.640809161692468,0.40787140270248007,0.01682071679404054,0.06849529371320003,0.01756951167798393,0.07311893461339498,0.007007280444177963,0.0031374865367432975,0.06829048636144812,-0.03749722314825024,0.01682071679404054,0.007045212247606028,0.006906900346023662,0.022045333212601964,0.6405016267967177,0.007116321438507281,0.017677852144819234,0.007154255562384859,0.017472446267636596,0.011454091480644038,0.424171760293798,0.640809161692468,0.007461649857748276,0.08038316912548205,0.00764307831674195,0.0031374865367432975,0.10287117858416364,0.07939431285832343,0.6403158422900921,0.007116321438507281,0.2005183702006842,0.6413745200452319,0.6414120842146658,0.01733782808954655,0.007116321438507281,0.6397455901513474,0.27914243250630644,0.006901524339690768,0.01962608403289591,0.01682071679404054,0.01682071679404054,0.016927012756943402,0.007116321438507281,0.007035288126475067,0.06815448607285335,0.025935139871918075,0.8828731641567568,0.1897838397948254,0.0168645126859715,0.024242508005935484,0.013980481836317143,0.01988653355445741,0.007252856782530459,0.6417706509805184,0.1487778893433138,0.017679062507325746,0.07992371656663169,0.082301692087976,0.006901524339690768,0.6515685041759274,0.01766392640803871,0.8818373144453922,0.6526335792381969,0.6404890826409058,0.01767836404634822,0.08297354170033029,0.6400452485874253,0.6405016267967177,-0.016681918951304678,0.006901524339690768,0.06840838800237627,0.34993139273971197,0.6400094766437643,0.017447759125885712,0.15893945538155924,0.0069058795362507,0.6404034296020834,0.20111225434329577,0.006901524339690768,0.13307277001871046,0.6404393886537123,0.043250273746985576,0.019025398772893193,0.06816172054681473,0.6397455901513474,0.6397455901513474,0.6411970110874985,0.11692756806268997,0.007147104196305931,0.6408804551366948,0.08094148141031754,0.6417705332260675,0.016851475215856046,0.019543722948291903,0.01756951167798393,0.01682071679404054,0.08269554940918848,0.006901524339690768,0.03726558257240867,0.007085064960641638,0.007116321438507281,0.01163395725200321,0.038034216827235415,0.010271871545838876,0.016931784305582828,0.00704133518469173,0.006901524339690768,0.6410610426367092,0.0070039786945251675,0.6409749964394518,0.016927981614277707,0.011292848134190792,0.06815448607285335,0.006901524339690768,0.06829048636144812,0.1081264054481466,0.18494490589398216,0.6409325856464249,0.024345858454747862,0.017572211176389033,0.024557909653838708,0.20057729232702098,0.006979298857201985,0.03926687018457627,0.007296599450018787,0.018957988583075555,0.640809161692468,0.0708580218101049,0.6526634569719847,0.01682071679404054,0.6403092555317051,0.007450270413497467,0.012283486131821203,0.6417706509805184,0.006901524339690768,0.6411099768559037,0.6405016267967177,0.1728154138103101,0.006901524339690768,0.009063751090103461,0.006778694138159888,0.007007280444177963,0.006901524339690768,0.0794814867503375,0.019678591852369906,0.6400452485874253,0.0680411616661033,0.008821261613690012,0.06853897015028892,0.16589429971035985,0.01682071679404054,0.016961533676852228,0.1968786535594157,0.09695648396191084,0.007085064960641638,0.6454263660342889,0.02503608277297377,0.18922255196366441,0.6604661421581148,0.40218555587871485,0.007150979806493665,0.019048359526486883,0.6535829865206886,0.00764307831674195,0.007010557225625255,0.009063745009819574,0.006901524339690768,0.9120438312909234,0.0683696096485204,0.02135323224215878,0.08609750735504043,0.01767943934519059,0.05074863333298109,0.1601883178275919,0.640809161692468,0.006901524339690768,0.0216003987758593,0.006901524339690768,0.014230159302014045,0.6403158422900921,0.6528500056650306,0.6401393648507849,0.6409449548414107,0.021584727599192235,0.009089892879977163,-0.037160197295653216,0.009113711476033765,0.016612897842247107,0.007007280444177963,0.9424150011207133,0.6404393886537123,0.6407035742462917,0.2012638170438261,0.007221596684575088,0.6405016267967177,0.6407031628879445,0.009089892879977163,0.6404393886537123,0.06885840405685631,0.019070295456828645,0.6527445276212894,0.0069026241721639875,0.007218795032595066,0.06841150182509079,0.009577267330183173,0.030762616688717978,0.6404393886537123,0.945043246468869,0.006901524339690768,0.006901524339690768,0.007045212247606028,0.031757041684948945,0.00704133518469173,0.006901524339690768,0.01682071679404054,0.06816172054681473,0.6411970110874985,0.18270982583757503,0.019988400147383345,0.02347781009582023,0.024017262338192014,0.0025662696559352882,0.9424150011207133,0.0070039786945251675,0.01752509884982255,0.01682071679404054,0.007137752999995722,0.007049716647391804,0.02326962488898729,0.4021906220126167,0.007228169804536028,0.6417341363226019,0.06803661101809283,0.02236100621775655,0.07069405764159387,0.025611836875024566,0.019025398772893193,-0.03749807374214839,0.007676687307915014,0.01682071679404054,0.017609609226506256,0.6525173469382647,0.007218006416612244,0.020866937550949843,0.01705382420029264,0.006901524339690768,0.06829048636144812,0.6405016267967177,0.006901524339690768
chrX:48957631:48957632:NM_001136158:OTUD5,0.075215487338404,0.426957291066917,0.0006767092958727128,0.4402220411352223,0.0013041085967728794,0.45308347165203544,0.0006142592125813751,0.06042277964497167,0.42509645679321795,0.005990809128162938,0.0006355148376424591,0.44781101545685326,0.5472611131586048,0.06359286008668963,0.0021035903574760373,0.0006017155679706454,0.4718022208929305,0.4429659613670268,0.0006804617994040363,0.004215284506238898,0.014836235891891342,0.0006475815520205208,0.0006148863073281441,0.0006346437197524146,0.008363955276873392,0.005580198932117836,0.18165273494147055,0.0006148863073281441,0.004215284506238898,0.5494595496156485,0.02375324386326813,0.49948327066484466,0.06046558691492421,0.42514899597693884,0.0006475815520205208,0.43047999141268545,0.0006486869767672598,0.19906818478490673,0.019758244805180708,0.03403728971239067,0.4382765195151603,0.46742020054972977,0.42571662987368747,0.42515350023812826,0.13542410838327795,0.20075776996223693,0.0006148863073281441,0.5515416216049699,0.4240952102945309,0.4257817392519218,0.08586863394104777,0.4256509810556692,0.003044879515043064,0.0006486869767672598,0.21297700892865262,0.0006148863073281441,0.4329939829579218,0.0007406903018375988,0.43794341674016224,0.018471714739570266,0.0023765835559274584,0.0006572138544324591,0.0612793064550973,0.003391716486979085,0.4688441298259082,0.003019503209721136,0.0006017155679706454,0.4238797839021872,0.06562998508501006,0.0006469757084181793,0.4238498478533868,0.0006341459044471032,0.004236714290480864,0.01857616359902614,0.42384199131997946,0.42422721674816066,0.43794341674016224,0.0029979946296571636,0.21508267879265788,0.1921244981717783,0.18183925982804483,0.0006017155679706454,0.4360786451793698,0.4720367069961736,0.019542413829752858,0.20135632515818883,0.18922386451374698,0.20351766138683783,0.0006017155679706454,0.18192414749729013,0.002798263318179839,0.016052134612722258,0.001185831184950803,0.18183925982804483,0.0005280669258453108,0.03649582030707815,0.0007188027768053884,0.4453921676621556,0.000653793458387536,0.008308801721504222,0.0006486869767672598,0.018848952355255078,0.00969080424070129,0.004064327498441989,0.41547533512389634,0.4371633002881651,0.2037416695042918,0.45152258183321803,0.18452633174892477,0.0006486869767672598,0.430478719074721,0.017629945460671093,0.47321987967384005,0.0006017155679706454,0.004496620956184888,0.008322042093087623,0.431943394979563,0.44516967213722064,0.4343489734326133,0.0015450458820333302,0.0006355148376424591,0.21473256135657617,0.0027665768797786594,0.19458094933258321,0.0013298625791185459,0.0016236961847502507,0.0006017155679706454,0.0007431037951772523,0.023753626694488023,0.0006148863073281441,0.19704104347895635,0.012577334215200853,0.024013931341869854,0.004285883725486717,0.4350078096454175,0.4588781204626087,0.4588781204626087,0.18683210687082902,0.030304391385179874,0.1894111243979738,0.022214016682977095,0.436496587068471,0.4456366725552016,0.0006627605102914047,0.017274690258152287,0.0006017155679706454,0.0006017155679706454,0.4478215939819365,0.0006017155679706454,0.06225959049809168,0.0006379278540220579,0.19031103774447838,0.0007406903018375988,0.000787479048287576,0.026435462725237446,0.008322042093087623,0.005566957709972453,0.008909211009178908,0.00631162393059162,0.01195315412137482,0.19458094933258321,0.008356273515393059,0.0006486869767672598,0.4504252132669809,0.0006017155679706454,0.018434115031666976,0.46961522910502235,0.6031533009476155,0.023023433497659646,0.008616101745650084,0.007004126355560025,0.07887294168256925,0.0006627605102914047,0.0007744801257981992,0.027858236553629012,0.19031103774447838,0.0009661582103871469,0.19817375392661754,0.017902440623764976,0.4299431757660602,0.001185831184950803,0.43750922471498577,0.6147746286749346,0.00409704417986223,0.4699343705235627,0.0006486869767672598,0.021880012555721112,0.4285867003259592,0.03015938486587763,0.0006486869767672598,0.011889764825384175,0.0006017155679706454,0.0006017155679706454,0.0006486869767672598,0.008435102507930031,0.019771561667140003,0.44533200313839416,0.041336979412469804,0.033434450183260606,0.4432030749790232,0.4238973288143593,0.0006486869767672598,0.4401794889158494,0.4399579612146932,0.0031760117818109834,0.001962022599126506,0.19054093289652674,0.02389458569244493,0.002014160742653731,0.4261104152466456,0.2009456690060447,0.061076084216762916,0.005650856075365751,0.437594510126708,0.0006486869767672598,0.0007768935685546485,0.07409293836885006,0.008909211009178908,0.11303835858306546,0.43985296142101055,0.0007567743236429336,0.42698824390000295,0.42862868717745195,0.008492895311013493,0.0016339910990459672,0.4256497179829679,0.022559814577411907,0.0031760117818109834,0.014602936418424639,0.08356082466968115,0.0006017155679706454,0.47190657682496306,0.18161474472016753,0.01544525492232901,0.0006355148376424591,0.0006148863073281441,0.45647926499151015,0.42511982785598657,0.0006017155679706454,0.0007744801257981992,0.20666934663586636,0.4304782151175835,0.4491836051393613,0.01975433383675354,0.018411863500055414,0.43143038829222563,0.46160875588622335,0.0006148863073281441,0.22045993836585748,0.4680692257466289,0.0006071829496880343,0.025640158258137286,0.018891384437877884,0.18941418023077794,0.4465176372623698,0.09638470562245346,0.4300859597752048,0.20009249747456426,0.23233530198810617,0.03687780843238911,0.03687780843238911,0.004748351421329122,0.022083195310073717,0.008260153099142076,0.0006017155679706454,0.009918051338902445,0.0006379278540220579,0.45270867223586,0.8365896494002263,0.19470289625009976,0.02126608963807644,0.0035432878493859843,0.00904347521074525,0.45029405034849956,0.007332342057096486,0.0006017155679706454,0.0006612295942712565,0.022977540908505983,0.4809377082681618,0.0006017155679706454,0.20474285552591728,0.4633884702039326,0.445352128734819,0.0007406903018375988,0.0031760117818109834,0.061467490240246836,0.42379449861659946,0.0006486869767672598,0.000535280911995506,0.44122035986837815,0.007097552406336888,0.0006017155679706454,0.19834838707684208,0.004017246866438534,0.06890770321942852,0.02126608963807644,0.0006017155679706454,0.20107196030690866,0.4354226361396067,0.0006017155679706454
chrX:49043517:49043518:NM_001282142:TFE3,0.49902105111899636,0.2586978534057496,0.6434726622436496,0.4943005734270535,0.0003224764419236248,0.2616839941368453,0.07509307115952873,0.0003699639055114723,0.8123712879153117,0.0014811851053660174,0.4240002015462896,0.039275637541549724,0.4239991659764861,0.6319102589245275,0.03293303485237917,0.0003224764419236248,0.5325704258478107,0.7260318848006345,0.6327209745012534,0.431462784145809,0.0971071946226581,0.14031893490893813,0.0003224764419236248,0.13628004842469127,0.23246873761226197,0.431462784145809,0.4144944344443816,0.0003224764419236248,0.431462784145809,0.19784498663007494,0.28247814872059396,0.23320061146578758,0.1250111947946945,0.2452483998629621,0.14031893490893813,0.48769127725777434,0.42378125935443023,0.22870804826843238,0.27942837448301167,0.0063358553412868335,0.49570805535182555,1.0781185283206298,0.36882419106048886,0.006334238903248024,0.3232971337311832,0.3538768014007856,0.006201320329924653,0.1485827710300931,0.0009003903763004084,0.0008199150401798083,0.00037577633413937717,0.4713421095436873,0.4240002015462896,0.42378125935443023,0.4332897454201517,0.0003224764419236248,0.9594974648350507,0.0003224764419236248,0.43325697453691236,0.5662143458009813,0.0003224764419236248,0.06000588409434737,0.00029780143506630274,0.005560391048838098,0.23479115339602763,0.004034075662111891,0.0003224764419236248,0.2548756181086942,0.0005847439452889569,0.21385524854753468,0.0004646884787068428,0.12077267971078781,0.43362743360264533,0.005695431643081339,0.4145866282501947,0.03405851064812268,0.43325697453691236,0.00050038990591178,0.4324037251723953,0.49240921469869486,0.46964141967263423,0.0003224764419236248,0.4947261890550086,0.49958757743504684,0.21385695402526003,0.4241642081223474,0.41461004155136283,0.18341645487144145,0.006201320329924653,0.03882114487857899,0.4863165976714771,0.21385695402526003,0.0003224764419236248,0.47763579964245045,0.01351224717431293,0.013158722184474003,0.02863100239054256,0.4092641993206359,0.21385524854753468,0.006201320329924653,0.42378125935443023,0.2225331357257471,0.022522828027675246,0.0243172162821243,0.4461915577870945,0.3873988157537569,0.07341569817501076,0.3973202365010374,0.03547650885716508,0.42378125935443023,0.4145866282501947,0.038302659357378116,0.47338878166663834,0.005587455822198273,0.07640938034189734,0.03436017580056841,0.4508732534827281,0.49776103220014806,0.08157593036499622,0.2134847456376582,0.4161126976249162,0.43195177908407784,0.37871606622257625,0.2275123043782759,0.22253141924799993,0.08205833145637692,0.022522828027675246,0.04232870477090306,0.28247814872059396,0.0003224764419236248,0.10517899623152593,0.4505128769881738,0.0005504242434373752,0.006237615423218601,0.5451220765306429,0.08733168984698411,0.08733168984698411,0.05017068470186839,0.21434190278660387,0.4144944344443816,0.13403531597470975,0.41492454027109127,0.0004976455785377087,0.0013110407110221711,0.2793729031284674,0.0003224764419236248,0.0003224764419236248,0.673472643474992,0.0003224764419236248,0.12833740680572053,0.45964595005421505,0.033988098365015706,0.0003224764419236248,0.06015328430023359,0.004483148565728623,0.022522828027675246,0.4568327962614262,0.07509307115952873,0.47120687159827646,0.005184323014066294,0.2215652271050233,0.4706870831657022,0.42378125935443023,0.043394481609131674,0.006201320329924653,0.5177386435237593,0.5140097057642686,0.041557938152914586,0.47120687159827646,0.04081920584974849,0.13788959550499688,0.14692681749453887,0.0013110407110221711,0.4144579674493849,0.0444361024853816,0.033988098365015706,0.0003224764419236248,0.22870804826843238,0.01773697796249793,0.546390159160134,0.009439715549056121,0.49570805535182555,0.3135847927249842,0.44096629850396923,0.5882413204836703,0.42378125935443023,0.0013731222744844396,0.002371655636115355,0.030528517048201503,0.42378125935443023,0.017201468553902255,0.0003224764419236248,0.0003224764419236248,0.42378125935443023,0.482479166501341,0.2800184016830509,0.14536218982432522,0.0003288619594941644,0.46584929791292806,0.47805265829664845,0.018118566824074922,0.42378125935443023,0.012190053949585528,0.4163573764634356,0.21405260114182642,0.0003224764419236248,0.057513689905646925,0.0005504242434373752,0.21433701618538298,0.4500744370584641,0.293990592618269,0.013560380650608356,0.006237615423218601,0.2712131166838946,0.42378125935443023,0.45964595005421505,0.08147228339785009,0.07509307115952873,0.42781906023363114,0.4936335621507225,0.00649179123054916,0.4421192746199506,0.01819875311838659,0.1441614799906237,0.07509307115952873,0.4145866282501947,0.00037597379341486326,0.21522662370718382,0.0003224764419236248,1.2475137617127263,0.0003224764419236248,0.47338878166663834,0.0062292478737843715,0.08338519531547331,0.42378125935443023,0.0003224764419236248,0.3944569438417283,0.006334238903248024,0.0003224764419236248,0.41517256351360454,0.48718929848756565,0.497867245633263,0.5385667696218968,0.2794718657885892,0.02146263899375825,0.08036365795370409,0.4978274838720151,0.006201320329924653,0.49439568035865084,0.5557458219905204,0.006201320329924653,0.2697268612912986,0.0003315038066614151,0.4596844427661453,0.3986206194946764,0.6178291513752693,0.42219536571819116,0.49766251865945005,0.4902095691982033,0.0005246967326920648,0.0005246967326920648,0.007753438220542974,0.030161101469259932,0.0003224764419236248,0.0003224764419236248,0.07509307115952873,0.47759690986504594,0.4419771238831528,0.4966603089706076,0.47623659707203425,0.02960181825996061,0.4822662349324406,0.4161126976249162,0.5399485119539792,0.22095468793939982,0.0003224764419236248,0.47544175936906946,0.8277795975752761,0.48478797941780843,0.0003224764419236248,0.31374183326320715,0.05139062066578448,0.2712131166838946,0.0003224764419236248,0.21522662370718382,0.0003699639055114723,0.4390073848138536,0.42378125935443023,0.056515409004750605,0.023250422904529527,0.09520435016019524,0.027644497091517395,0.4491620340837073,0.013907958266703768,0.2200515498135544,0.006257204662541427,0.0003224764419236248,0.5397823708722536,0.23244829322477428,0.0003224764419236248
chrX:77895568:77895569:NM_032121:MAGT1,-0.001949323627737476,1.0664583423279568,0.520030323280424,-0.001949323627737476,-0.001949323627737476,0.5289116460527727,-0.0017147337650056937,-0.0017147337650056937,0.5299505130256962,-0.001710536065148871,-0.0017047942405085392,0.3263274157094087,-0.001949323627737476,0.022909059268991394,0.02269316295036139,-0.001949323627737476,-0.001949323627737476,0.7217627477043033,-0.0017147337650056937,-0.001949323627737476,-0.0014256982250861194,0.32695483858548474,-0.001949323627737476,-0.0019284362456561122,1.0503668869597007,-0.001949323627737476,-0.001949323627737476,-0.001949323627737476,-0.001949323627737476,-0.001949323627737476,-0.0016729483786439847,0.5462303188561809,0.5203988044795966,-0.001949323627737476,0.3401408292114258,0.809406423448508,-0.0017147337650056937,1.0503668869597007,-0.0017147337650056937,0.520030323280424,0.32631844745390887,0.5462303188561809,1.0499951286124065,-0.001949323627737476,1.3554754383904837,0.5272233994657858,-0.0017147337650056937,-0.001949323627737476,0.007507639594897669,-0.001949323627737476,0.0038834473926776802,0.02269316295036139,0.5465110892606757,-0.0017147337650056937,-0.00194582587233455,-0.0017147337650056937,0.520030323280424,-0.001949323627737476,0.520030323280424,-0.001949323627737476,0.0038834473926776802,-0.001949323627737476,-0.001949323627737476,-0.001949323627737476,0.33970875041962706,-0.001949323627737476,-0.001949323627737476,0.520030323280424,-0.001949323627737476,-0.0015130651213830504,-0.0019449083220915708,0.3265480303756383,-0.001949323627737476,-0.001949323627737476,-0.001949323627737476,-0.001949323627737476,0.520030323280424,-0.001949323627737476,0.02269316295036139,0.5462303188561809,0.02269316295036139,-0.001949323627737476,0.5462303188561809,0.024596599520114032,-0.0017147337650056937,-0.001949323627737476,-0.001949323627737476,0.1371405041227054,-0.0017147337650056937,-0.001949323627737476,0.00866883114516151,-0.001949323627737476,0.02269316295036139,-0.001949323627737476,-0.001949323627737476,0.02269316295036139,-0.001949323627737476,0.809406423448508,-0.001949323627737476,0.525828385563516,-0.001431213342004689,-0.001949323627737476,0.004138961161062049,-0.001949323627737476,-0.001949323627737476,1.0500300462374166,-0.0016966183487668596,0.339425280727948,-0.001949323627737476,-0.0017147337650056937,-0.001949323627737476,-0.001431213342004689,0.809406423448508,0.809406423448508,0.520030323280424,-0.0016968224737967108,0.8305905048715092,1.0503668869597007,-0.001949323627737476,0.09094133512682222,-0.001949323627737476,-0.00194582587233455,-0.0016896385042349527,-0.001949323627737476,-0.0015130651213830504,1.050082997856432,0.520030323280424,-0.001949323627737476,0.0185026457282311,-0.001949323627737476,0.002621648051361225,1.0503668869597007,-0.0011806411454977073,-0.001949323627737476,0.520030323280424,0.520030323280424,0.520030323280424,0.02269316295036139,-0.0015049360562092162,-0.001949323627737476,0.5462303188561809,0.5462303188561809,-0.001949323627737476,0.0018177559355028738,-0.0017145341183568419,-0.001949323627737476,-0.0017147337650056937,1.0503668869597007,-0.001949323627737476,-0.0011651643038629034,-0.001949323627737476,-0.001949323627737476,-0.001949323627737476,-0.001949323627737476,0.007515693639448651,0.004138961161062049,0.5462303188561809,-0.001949323627737476,0.5462303188561809,-0.001949323627737476,-0.001949323627737476,0.0038834473926776802,-0.0017147337650056937,-0.001949323627737476,-0.0017147337650056937,0.02269316295036139,0.02269316295036139,0.3396902723026721,0.5462303188561809,-0.0017147337650056937,0.32631844745390887,-0.001431213342004689,0.024295367942305468,-0.001949323627737476,0.5225386882026094,-0.001949323627737476,0.018568382158109104,-0.001949323627737476,2.7382952554277917e-05,0.02269316295036139,0.02269316295036139,0.809406423448508,0.5462303188561809,0.02269316295036139,0.809406423448508,-0.0017147337650056937,-0.001949323627737476,-0.001949323627737476,0.034466344531637966,-0.0017147337650056937,-0.001431213342004689,-0.001949323627737476,-0.001949323627737476,-0.0017147337650056937,0.03995848926612745,-0.0017147337650056937,0.809406423448508,-0.001939400124658014,0.339425280727948,0.5462303188561809,-0.001949323627737476,-0.0017147337650056937,-0.001949323627737476,1.0503674329100976,-0.001949323627737476,-0.001949323627737476,0.02269316295036139,-0.0008357002982660733,-0.001949323627737476,0.02321419234699837,-0.001949323627737476,-0.001949323627737476,-0.0016659685194298224,0.0543702970990996,-0.0017147337650056937,-0.001949323627737476,0.3269547402865553,-0.001949323627737476,0.5500721033197371,0.520030323280424,0.5296633603532934,0.5208924136694214,0.02269316295036139,0.339425280727948,1.3555554477675469,0.02269316295036139,-0.001949323627737476,-0.001949323627737476,-0.001949323627737476,0.5516274782052142,-0.001949323627737476,0.809406423448508,-0.001949323627737476,-0.0019380871499326269,-0.0016904539807473806,-0.001949323627737476,0.5462303188561809,0.32631844745390887,-0.0015836471408367525,-0.001949323627737476,0.02269316295036139,0.809406423448508,0.809406423448508,-0.0017147337650056937,-0.001949323627737476,-0.001949323627737476,0.809406423448508,-0.0017147337650056937,0.809406423448508,0.5469604978626281,1.0503888433059168,0.011051532632998018,0.012222382029758838,-0.001949323627737476,0.5462303188561809,-0.0008252069194562561,0.3265480303756383,1.0503668869597007,0.029338814136228603,0.02269316295036139,0.02269316295036139,-0.001949323627737476,0.02312919964387322,-0.001949323627737476,-0.0017147337650056937,-0.001949323627737476,-0.001949323627737476,0.02269316295036139,1.1514522862751435,0.011288542694944448,0.5262004202994317,0.0232048380725694,0.520030323280424,0.809406423448508,0.02880027723549035,0.005542240837113105,-0.0017147337650056937,0.5462311980751501,-0.001949323627737476,-0.0019396127668563634,0.5201852278576287,0.02299051405778768,0.028163771574752083,-0.001949323627737476,-0.001949323627737476,-0.001949323627737476,0.5462303188561809,-0.001431213342004689,-0.001949323627737476,-0.001949323627737476,0.32836497191258435,-0.001949323627737476,0.5462303188561809,-0.0016659685194298224,0.023984931339853854,0.5203893673362797,-0.001949323627737476,0.809406423448508,0.03847964142994979,-0.001949323627737476
chrX:104166474:104166475:NM_207318:FAM199X,0.0007520742027894642,0.0004867500903887739,0.15118433951697596,0.5776572020875121,0.0004867500903887739,0.019335514123157198,0.15118433951697596,0.0004867500903887739,0.0004867500903887739,0.0010475311506184248,0.0007520742027894642,0.3872744832899949,0.0004867500903887739,0.07031725040091104,0.3888882613415847,0.0004867500903887739,0.3888920413319401,0.09636759718405921,0.0004867500903887739,0.0004867500903887739,0.0004867500903887739,0.0004867500903887739,0.0004867500903887739,0.0005234015174448645,0.5776572020875121,0.0004867500903887739,0.3869477344139578,0.0004867500903887739,0.0004867500903887739,0.0004914631153154492,0.14534566329540624,0.5804644347008159,0.15118433951697596,0.00827081378594445,0.0004867500903887739,0.5776572020875121,0.0004867500903887739,0.3869477344139578,0.1412118170675182,0.16277439588055434,0.5799937879597656,0.8372541829577465,0.0004867500903887739,0.0004867500903887739,0.05380228457948918,0.3888920413319401,0.0004867500903887739,0.0004867500903887739,0.001073705424517353,0.0004867500903887739,0.3869477344139578,0.5799937879597656,0.0007520742027894642,0.0004867500903887739,0.3888882613415847,0.0004867500903887739,0.6901756791166335,0.0018433128496994078,0.0005234015174448645,0.8289207491115138,0.4947489939334655,0.0678643307813982,0.0004867500903887739,0.3903506064632148,0.5984869880526004,0.5776572020875121,0.0004867500903887739,0.0006202932506837247,0.0004867500903887739,0.0004867500903887739,0.0004867500903887739,0.0007520742027894642,0.38889173951435085,0.0007080215612553786,0.0004867500903887739,0.06695535963060892,0.0005234015174448645,0.0004867500903887739,0.3869477344139578,0.5776572020875121,0.3888882613415847,0.0004867500903887739,0.0032001414541627943,0.6417324544212286,0.0678643307813982,0.3869477344139578,0.0004867500903887739,0.16796415541328386,0.0004867500903887739,0.3888946702948557,0.06695535963060892,0.06695535963060892,0.5776572020875121,0.0004867500903887739,0.0004867500903887739,0.0018433128496994078,0.15118990139361002,0.5776572020875121,0.0004867500903887739,0.15118433951697596,0.0004867500903887739,0.06695535963060892,0.0004867500903887739,0.0717828544892308,0.5776600200914012,0.006089152931180619,0.0004867500903887739,0.5800750854728656,0.3888946702948557,0.0004867500903887739,0.5776572020875121,0.0012462070361768732,0.6282959699658114,0.5799937879597656,0.3869477344139578,0.0004867500903887739,0.5723332497240636,0.5799937879597656,0.45386536824389484,0.10133795552816724,0.0004867500903887739,0.3888882613415847,0.0013129391501957924,0.0004867500903887739,0.06695535963060892,0.05380710620886509,0.0004867500903887739,0.0018433128496994078,0.028796665897960337,0.0004867500903887739,0.5967777247855385,0.3869477344139578,0.0769676526417114,0.15118433951697596,0.5776572020875121,0.15118433951697596,0.15118433951697596,0.5799937879597656,0.3888920413319401,0.38889173951435085,0.5723332497240636,0.5723332497240636,0.5776572020875121,0.029379625032713623,0.15513009058570904,0.0004867500903887739,0.0004867500903887739,0.0004867500903887739,0.0004867500903887739,0.38717080957150185,0.5776572020875121,0.3869477344139578,0.0018421025484230136,0.0004867500903887739,0.0740730535475955,0.0004867500903887739,0.15118433951697596,0.0004898645041963648,0.5799966092446394,0.3869477344139578,0.0004867500903887739,0.0004867500903887739,0.0004867500903887739,0.5776572020875121,0.0004867500903887739,0.5799937879597656,0.5723332497240636,0.570482255138252,0.5799937879597656,0.0004867500903887739,0.0007520742027894642,0.001393425989960402,0.02119237287825152,0.0018433128496994078,0.41410380987791634,0.3869477344139578,0.012325843549437422,0.5776572020875121,0.5935440135989265,0.5776572020875121,0.5799937879597656,0.5799931441749413,0.45386536824389484,0.15118433951697596,0.5776572020875121,0.0004867500903887739,0.5824195000022732,0.5776572020875121,0.15586903061967936,0.0004867500903887739,0.0012462070361768732,0.0004867500903887739,0.3869477344139578,0.0004867500903887739,0.0004898389622802549,0.15513009058570904,0.5723332497240636,0.3986056319025647,0.40848067367087726,0.4539825400728888,0.15118433951697596,0.0004867500903887739,0.38695228321416514,0.0005234015174448645,0.006089152931180619,0.0018433128496994078,0.580042191136207,0.0013777320657270553,0.0018421025484230136,0.4518019365650527,0.3888920413319401,0.0004867500903887739,0.0004914631153154492,0.15275102237409655,0.0004867500903887739,0.0018433128496994078,0.001393425989960402,0.0004898645041963648,0.5733573727477204,0.5799966092446394,0.22168839647598174,0.0004867500903887739,0.0004867500903887739,0.5700081218065096,0.053768755545403356,0.5799937879597656,0.3869477344139578,0.006089152931180619,0.0004867500903887739,0.5965599820157428,0.0004867500903887739,0.687565805476332,0.3869477344139578,0.0020732067837982496,0.0004867500903887739,0.0004867500903887739,0.5776925836486595,0.0004867500903887739,0.0004867500903887739,0.38889173951435085,0.5799937879597656,0.6901724773099427,0.5776572020875121,0.1412118170675182,0.3888882613415847,0.5777425143130267,0.5799937879597656,0.0004867500903887739,0.5776572020875121,0.7005610443894937,0.0004867500903887739,0.7224768192576438,0.06793504040764536,0.3888882613415847,0.5776709222252416,0.387484040383542,0.0004867500903887739,0.4518019365650527,0.5799937879597656,0.03309324083919233,0.03309324083919233,0.0004867500903887739,0.0761030148002714,0.3869477344139578,0.0004867500903887739,0.0004898645041963648,0.15118433951697596,0.5799937879597656,0.7008945360866126,0.3888882613415847,0.15118990139361002,0.0684397091042589,0.0004867500903887739,0.45387068590137325,0.0026908850249592123,0.016955142034878752,0.0004867500903887739,0.27230438324221207,0.5800750854728656,0.0004867500903887739,0.3888958198668806,0.0004867500903887739,0.8323879701952224,0.5776572020875121,0.006089152931180619,0.0004867500903887739,0.0004867500903887739,0.0004867500903887739,0.0005234015174448645,0.3869477344139578,0.06695535963060892,0.0004867500903887739,0.5953685298924436,0.5776572020875121,0.03445961080491247,0.15118433951697596,0.0004867500903887739,0.5776572020875121,0.3869477344139578,0.0004867500903887739
chrX:115017644:115017645:NM_000640:IL13RA2,0.7304537380675541,0.10713580208620688,0.007754635698398182,0.007754635698398182,-0.0018202246888443518,0.5755829755793658,0.5520880367531266,-0.13970526034854047,-0.13331123269979805,0.5603715232170049,0.41997896308583377,0.5608556322704416,0.011674397410190274,0.6001985945196531,0.007754635698398182,-0.12504830998724248,0.007754635698398182,0.4465598788706549,0.5525578689286106,0.007754635698398182,0.5575669071203315,0.46366216224572304,0.013612798316843921,0.03195784164059545,0.007754635698398182,0.007754635698398182,0.007754635698398182,0.013612798316843921,0.007754635698398182,0.004710488622222009,0.5551421604349447,0.5611009717590402,0.007754635698398182,-0.13376308820330496,0.5099675863441226,0.007754635698398182,-0.12504830998724248,0.007754635698398182,0.007754635698398182,0.007799384404025389,0.007754635698398182,0.007754635698398182,0.5379457924896609,0.007754635698398182,0.4747241147478024,0.012343098371165984,-0.12504830998724248,0.5572038220828686,0.007754635698398182,0.007754635698398182,0.007754635698398182,0.007754635698398182,0.5463294253923816,0.007754635698398182,0.007988429441262657,0.007754635698398182,0.007754635698398182,0.007754635698398182,0.49169989927368535,0.007754635698398182,0.01358924603811229,0.007754635698398182,0.007754635698398182,-0.12396139583401855,0.5944237006208094,0.007754635698398182,0.007754635698398182,0.0027275097885540722,0.007754635698398182,0.6762944917462549,0.007754635698398182,0.007754635698398182,0.007754635698398182,0.007993146045277566,-0.0018202246888443518,0.0036727635951164794,0.49169989927368535,0.10999874067896676,0.007754635698398182,0.007754635698398182,0.007754635698398182,0.007754635698398182,0.007754635698398182,0.007754635698398182,0.007754635698398182,0.007968452158040984,0.007754635698398182,0.04413517893127217,0.007754635698398182,0.10287532191122484,0.007754635698398182,0.007754635698398182,0.007754635698398182,0.007754635698398182,0.007754635698398182,0.007754635698398182,0.1591456403925292,1.075842401230604,0.007754635698398182,0.007754635698398182,0.007754635698398182,0.6702689622021296,0.13808738750299043,0.0077781020740730344,0.005737260990801074,0.4307719601608995,-0.0011579985255103509,1.075842401230604,0.10287532191122484,0.007754635698398182,0.007754635698398182,0.5520943399284729,0.007754635698398182,0.007754635698398182,0.007754635698398182,0.13093426861719515,0.7306884005639297,0.007754635698398182,0.007754635698398182,0.29250646217469073,0.007754635698398182,0.007988429441262657,0.42855546427502555,0.007754635698398182,0.6762944917462549,0.5984002093676121,0.007754635698398182,0.007754635698398182,0.16899911993211192,0.007754635698398182,0.007754635698398182,0.007754635698398182,0.18563375746735272,0.10287532191122484,0.007754635698398182,0.007754635698398182,0.007754635698398182,0.007754635698398182,0.007754635698398182,0.007988429441262657,0.007754635698398182,0.007754635698398182,0.007839814861384298,0.007468737741247344,0.007754635698398182,0.4224035274252482,0.007754635698398182,0.5603715232170049,0.007754635698398182,0.007754635698398182,0.007754635698398182,0.007754635698398182,0.5520880367531266,0.09396976379671951,0.011981128701726296,0.14074288492441311,0.007754635698398182,0.007754635698398182,0.007754635698398182,0.007754635698398182,0.007754635698398182,0.007754635698398182,0.007754635698398182,0.007754635698398182,0.007754635698398182,0.007754635698398182,0.10287568619656384,0.7313284551026571,0.007754635698398182,0.007754635698398182,0.7306739982210312,0.5823984784895126,0.5642983941113249,0.007754635698398182,0.01163953509295268,0.007754635698398182,0.007754635698398182,0.007754635698398182,0.007754635698398182,0.007754635698398182,0.007754635698398182,0.007754635698398182,0.00778321982583452,-0.12504830998724248,0.007754635698398182,-0.12504830998724248,0.007754635698398182,0.007754635698398182,0.005919070038504448,0.007754635698398182,0.5520943399284729,0.007754635698398182,0.007754635698398182,0.007754635698398182,0.007754635698398182,0.007754635698398182,0.007754635698398182,0.007754635698398182,0.007695421682106129,0.007754635698398182,0.0993050323483019,0.007754635698398182,0.007754635698398182,0.47246361967905454,0.7031263344844476,0.007754635698398182,0.007988429441262657,0.10289790515993691,0.007754635698398182,0.5520880367531266,0.012343098371165984,0.007754635698398182,0.11246885779148297,0.007754635698398182,-0.12504830998724248,0.007754635698398182,0.5520943399284729,0.007754635698398182,0.007754635698398182,0.007754635698398182,0.04891614376308817,0.007754635698398182,0.6762944917462549,0.007754635698398182,0.598228758366154,0.007754635698398182,0.007754635698398182,0.11626231077333549,0.007754635698398182,0.033389724971776946,0.007754635698398182,0.007754635698398182,0.007754635698398182,-0.12099364626680431,0.007754635698398182,0.007754635698398182,0.10287532191122484,0.007754635698398182,0.007754635698398182,0.007754635698398182,0.007754635698398182,0.007754635698398182,0.007754635698398182,0.007754635698398182,0.007754635698398182,0.007754635698398182,0.007754635698398182,-0.12504830998724248,0.007754635698398182,0.007756247000427319,0.11771327455768155,0.007754635698398182,0.007754635698398182,0.007754635698398182,0.007754635698398182,0.007532053031434227,0.007754635698398182,0.007754635698398182,0.007754635698398182,0.5520880367531266,0.5520880367531266,0.007754635698398182,0.6762944917462549,0.007754635698398182,0.007754635698398182,0.007754635698398182,0.007754635698398182,0.007754635698398182,0.5520403983453854,0.007754635698398182,0.10287532191122484,0.007754635698398182,0.3261253491839192,0.007754635698398182,0.6874115774016654,0.007754635698398182,0.007754635698398182,0.41475175439151635,0.007754635698398182,0.008150886077717079,0.007754635698398182,0.007754635698398182,0.007754635698398182,0.007754635698398182,0.7031263344844476,0.007754635698398182,0.5520880367531266,0.007754635698398182,0.007754635698398182,0.007754635698398182,0.5520880367531266,0.007754635698398182,0.007754635698398182,0.007468737741247344,0.007754635698398182,0.007754635698398182,0.007754635698398182,0.007754635698398182,0.007754635698398182,0.007754635698398182
chrX:120560962:120560963:NM_001079872:CUL4B,0.24915069093865305,0.1532290683652561,-0.08820500106760085,-0.004898894077850907,0.1453571564625701,0.1534467504972537,-0.004985958641449517,0.361524856591556,0.15319739287122255,0.1453725033750711,0.14769024578988924,-0.21996747894993107,0.14539464537732696,0.14788232895063938,-0.22007099895482735,0.361524856591556,-0.004740155059074186,-0.09242155898867406,-0.09122235275853985,0.1453571564625701,0.15253417367396577,0.7801124967151248,0.36444777934559797,-0.004923913252866896,-0.0049116330426375865,0.1453571564625701,-0.004923913252866896,0.36444777934559797,0.1453571564625701,0.3646236342293382,0.14550319183694266,0.08789991811109918,0.14777128107673695,-0.001311261294907523,0.2520311082560597,-0.22030677051864808,0.1453571564625701,-0.004783881040089283,0.02714517439264086,-0.08970755550896323,-0.22025838839169476,0.0051196587528563875,0.1476809724016634,0.361524856591556,0.15157650399124423,-0.004796162867383935,0.1454473368441944,0.361524856591556,0.01376841226382286,0.17886667326717387,0.17898082030657395,0.3251554221826958,0.14769024578988924,0.1454473368441944,-0.22037537177683827,0.1453571564625701,0.008028949532821628,-0.004923913252866896,-0.0934731330562244,-0.22037537177683827,0.17898082030657395,-0.00481115154235659,-0.004923913252866896,-0.0017507489040616275,0.25407608998549264,-0.004741456148489032,-0.004923913252866896,-0.001988477649643383,-0.004923913252866896,0.1453571564625701,0.013788350606748101,0.14884998420435694,-0.22022151484173108,-0.004923913252866896,-0.00475080890848717,0.17885141666072188,-0.09369245147942966,-0.004923913252866896,-0.004707971381752191,0.3296144064354094,-0.004923913252866896,-0.004923913252866896,-0.22008712743365838,0.05034490874770042,0.02714747255039343,-0.22020189864323178,-0.004923913252866896,0.24794069946446073,0.1454473368441944,-0.20963044933474315,0.14557084030332074,0.026973499841063314,-0.004923913252866896,-0.004881076746019286,-0.004923913252866896,-0.22037537177683827,-0.06153672546060163,-0.09070967637983955,0.013788350606748101,-0.08979580427329974,0.1454473368441944,0.14535766825606788,-0.00426015757301057,0.32516250959571014,-0.2206884024026277,0.14870938042528914,0.01683724619080021,-0.09070967637983955,-0.19574705237430484,0.1454473368441944,-0.2199731217446391,0.015975931933201043,0.012656561219683782,0.32516250959571014,-0.0010966662360813173,-0.0014124662267805677,0.25120539527857755,0.012656561219683782,-0.22148726645768152,-0.0011388646447902662,-0.21983843015815943,-0.22037537177683827,0.1453664139954581,-0.004912053578180697,0.14535766825606788,0.1485871548207865,-0.004912053578180697,-0.004923913252866896,0.16504593478521226,0.1453571564625701,-0.00478837301155674,-0.22028031288855737,0.1695130872026735,0.013844882679812293,-0.2207242217428399,0.3295976843472037,0.3295976843472037,-0.22043564020593248,0.32509519357119465,-0.004784301389875345,-0.0011959210209024074,-0.001976603879451644,-0.004775305653790585,0.14554526446611651,0.02726628362918848,0.364447778173932,0.1453571564625701,-0.09176331520023655,0.1453571564625701,0.06265629464483319,-0.21985851664434838,-0.22037537177683827,-0.004796162867383935,0.19907786287713933,-0.004993923802492972,-0.001976603879451644,-0.22266156790823224,-0.004923913252866896,-0.2201276360129396,-0.0013814134650750876,-0.004741034335282418,0.32883609406022957,0.1454473368441944,-0.22022151484173108,0.1454473368441944,-0.22266156790823224,-0.2204134129528067,0.7876715123749464,-0.22028031288855737,0.14528941068706902,0.7802231468783446,0.010605644647881579,0.11120132643067454,-0.004923913252866896,0.19195896245185498,-0.22037537177683827,-0.004923913252866896,-0.004784301389875345,0.061171591345698745,-0.220546925269832,-0.004738949077017857,-0.22019223601579882,-0.22283806948193435,0.18278540122478557,0.01984522771125391,0.1454473368441944,-0.22020189864323178,-0.004741456148489032,0.015979957695963304,0.1453571564625701,0.16552487501408378,0.17885141666072188,-0.004923913252866896,0.1453571564625701,-0.2203731313219705,0.027127136418378633,0.3478973922008195,0.04833325077193437,-0.0043963124996832526,-0.2226454029314337,-0.08994997102082572,0.1454473368441944,-0.004923913252866896,0.07955346577346487,-0.004881076746019286,-0.004923913252866896,-0.22048491894303773,0.1573762250197138,-0.004796162867383935,-0.09341875032831301,-0.22008712743365838,-0.0014124662267805677,0.013820515467195787,-0.22055052048713789,0.1454473368441944,-0.004923913252866896,0.005603606020795876,-0.004923913252866896,-0.07990836583796879,-0.2204485723583088,-0.1836761603090523,0.1453571564625701,0.7829098636501477,0.24869415136135387,0.14846000914848836,-0.004741456148489032,0.3249012373208349,-0.004881076746019286,0.04172518103778785,0.012509269946410162,-0.004923913252866896,0.012507747662907132,-0.22022151484173108,0.33407182635113075,-0.08979580427329974,0.361524856591556,-0.22067603527274987,-0.08981031645326519,-0.22020189864323178,-0.004923913252866896,-0.22039503560912355,0.007303839501410503,-0.2203704029743895,0.030027867562102517,-0.21983843015815943,-0.2236157231625954,-0.2226804238890367,0.1453571564625701,-0.22019223601579882,0.005590916632933179,-0.20086329926381338,-0.0027268572183648254,0.011466126872949234,-0.004923913252866896,-0.22040870663089085,0.33796450366803854,0.14910057444546412,-0.22019223601579882,-0.22008712743365838,0.001742393678059756,0.001742393678059756,-0.004923913252866896,0.31795975790978,-0.004784301389875345,0.1454473368441944,-0.2226082270794143,-0.004881076746019286,-0.220546925269832,-0.09464293051210076,-0.0027335254909785778,-0.06164421123129725,0.14894059741428883,0.1457905282171083,0.3291131881734961,0.0139332580281685,-0.00465403408172585,0.14901400771753343,-0.2204709570180635,-0.22026942560347754,0.02745255064672167,-0.004796162867383935,-0.0905003641645063,-0.220586902119658,-0.004923913252866896,-0.00468617522181658,0.17885141666072188,-0.004923913252866896,0.1454473368441944,-0.004923913252866896,-0.22052723776018407,0.5174559763921373,-0.004923913252866896,-0.2200130556407069,0.5116786478898103,0.025581782201774927,-0.21969483769416923,-0.004923913252866896,-0.2203704029743895,0.015517621385952973,-0.004923913252866896
chrX:129843585:129843586:NM_001008222:ZDHHC9,0.1468339177154527,-1.7800166981871146e-05,0.03358536681909975,0.2747606391226999,0.0017310582066384361,0.40166208955267013,0.0017175930948628085,0.0017310582066384361,-1.7800166981871146e-05,0.015826037957189704,0.015761631786279005,0.0017284413638797222,0.13044941816301214,0.14638628412817312,0.27430519058442143,0.0017310582066384361,0.27480412378295105,0.21150453706781872,0.11059702486579076,0.0017209652208951473,0.06773275089153989,0.0017175930948628085,0.0017310582066384361,0.4215295051321682,0.002118827145999827,0.05413310895758867,0.2743432799049803,0.0017310582066384361,0.0017209652208951473,0.06855216383901062,0.3179598355530257,0.39562785826257135,0.03358536681909975,-1.4098288604637299e-05,0.001721440490189581,0.2748631622681225,0.0017310582066384361,0.2749224796486579,0.05165829506855775,0.2750680095225469,0.2747484077420673,0.27484201936387054,0.01578096665848497,0.0017310582066384361,0.001736710902920914,0.027163202954553666,0.0017310582066384361,0.054121150732913376,0.0019079638853713651,0.0017115008944580332,0.3179631702510203,0.2748631622681225,0.33622250853011565,0.0017310582066384361,0.2751897282189716,0.0017310582066384361,0.42030253363724296,0.3182686473023016,0.31890834527041895,0.27430772894383104,0.3179631702510203,0.3189257699114666,0.0017310582066384361,-0.02935923020952032,0.11078633553730347,0.2748286382693643,0.0017307294123182979,5.638638573404742e-06,0.0017310582066384361,0.0017502129381429116,0.00189975544685584,0.0017752378503887861,0.27480758834917257,0.0018658789044568164,0.0017115008944580332,0.0017209652208951473,0.31890834527041895,0.0017310582066384361,0.27436432860805504,0.2749224796486579,0.2743432799049803,0.0017310582066384361,0.27476948047273336,0.2772443030641506,0.052073937018943674,0.3182686473023016,0.2749224796486579,0.041674152947997894,0.0017310582066384361,0.27437681008322007,0.001761205728985804,0.051734365031937235,0.0017310582066384361,0.0017307294123182979,0.3189257699114666,0.0017209652208951473,0.01577183617193617,0.0021393693168544545,0.0017310582066384361,0.0017752378503887861,0.0017310582066384361,0.0017610885195204137,0.01578096665848497,0.3189257699114666,0.2755942377378351,0.0021244269972174046,0.0017310582066384361,0.0020364580053937875,0.27433796895731316,0.0017310582066384361,0.0017310582066384361,0.017414257401357956,0.2748631622681225,0.002105333823801493,0.2745118935086788,0.01578096665848497,0.29493860890647977,0.2748631622681225,0.2888473578527421,0.32224493797863285,0.002046415342413316,0.2751199080382986,0.1487052099856679,0.2749224796486579,0.0017502129381429116,0.31799322890872944,0.0017502129381429116,0.2743432799049803,0.3189257699114666,0.0017310582066384361,0.027163202954553666,0.2748286382693643,0.31892611028865814,0.0017656039836296614,0.2748631622681225,0.27536616116875473,0.27536616116875473,0.0017310582066384361,0.10046589726474997,0.2743432799049803,0.2956138624552245,0.2749224796486579,0.27483838652252807,0.0017310582066384361,0.16567934792325537,0.0017310582066384361,0.01578096665848497,0.3648653748473275,0.0017310582066384361,0.004797355797438972,0.0017209652208951473,0.3189328126409219,0.0193422069944124,0.06856070257131461,0.07085932208327658,0.2944650075508701,0.2748631622681225,0.0017310582066384361,0.27476948047273336,0.2749013596115786,0.2749013596115786,0.0017310582066384361,0.0017752378503887861,0.3426541439173156,0.0017310582066384361,0.001815647167306221,0.27485139759735167,0.13082400358170168,0.27476948047273336,0.2948714431713251,0.002118827145999827,0.010219133500519742,0.0017310582066384361,0.0017310582066384361,0.2746461395385821,0.3189791027574235,0.0541400421852242,0.2749224796486579,0.0027016327366871234,0.274902662320695,0.0017310582066384361,0.2748631622681225,0.3969683203747705,0.001721440490189581,0.2749224796486579,0.0017310582066384361,0.2748215371995713,0.27483838652252807,0.02596745981345213,0.0017310582066384361,0.017410518746454683,0.027114154212825273,0.0017209652208951473,0.0017310582066384361,0.05171438188262136,0.16510245637993406,0.2748631622681225,0.001905978255086066,0.00265702986145068,0.2695734696301717,-3.846120499777922e-05,0.0017310582066384361,0.0017310582066384361,0.3179455793106651,0.27436432860805504,0.2743432799049803,0.2749331430799464,0.3189257699114666,0.027125051594818605,0.31951347487496756,0.02856253151116928,0.5586690713122023,0.05173719612077865,0.27476948047273336,0.0017310582066384361,0.2743432799049803,0.023803363076415188,0.0017310582066384361,0.2955446595626242,0.34253157273513507,0.8207256195465835,0.27436432860805504,0.0017209652208951473,0.2749224796486579,0.38051666980025856,0.27476948047273336,0.0017310582066384361,0.27436432860805504,0.001736746322559865,0.2786559061317435,0.0017310582066384361,0.2748286382693643,0.0017310582066384361,0.029319481437551587,0.31896004546091156,0.0017310582066384361,0.2957768341585061,0.3189257699114666,0.31892962744501996,0.27480758834917257,0.27485266727673124,0.31915106584116976,0.27484201936387054,0.16510056741375104,0.27476948047273336,0.2888473578527421,0.35916771517363066,0.0017310582066384361,0.2749013596115786,0.3539408516112259,0.31893439882651214,0.11032168918719365,0.0017709235377913121,0.2743432799049803,0.27012034789051065,0.2745211026558265,0.0017115008944580332,0.27484201936387054,0.0021932963553892987,0.0017209652208951473,0.0017209652208951473,0.5317661315946829,0.31969266633340837,0.27436432860805504,0.0017310582066384361,0.0021239847270012532,0.001761205728985804,0.2756435897622655,0.7660579584791318,0.2823128705191838,0.33541682827933894,0.016222540756725072,-5.81968345152728e-05,0.2749224796486579,0.0017752378503887861,0.0017310582066384361,0.0017310582066384361,0.30683519676192506,0.3473474269078068,0.0017310582066384361,0.027152302315481037,0.019717871247291636,0.027424316227595405,0.0017310582066384361,0.27436432860805504,0.06605113016346872,0.0017502129381429116,0.0017310582066384361,0.2750627302889803,0.002452261586740362,0.0541871558893351,0.0017310582066384361,0.27484201936387054,0.051659233692378785,0.28098388769332777,0.0017752378503887861,0.05797412344209687,0.27484201936387054,0.3962913506025143,0.0017310582066384361
chrX:149505354:149505355:NM_000202:IDS,0.010948272854164318,0.37091973655698823,0.16125841092440837,0.4027038192514697,0.00896014528116465,0.18021174568850246,0.0010917135657240173,0.00896014528116465,0.01136480016638447,0.3115613069222013,0.2438967326664922,0.07140679155810356,0.2384199782946333,0.4389784035706945,0.2262595198296916,0.00896014528116465,0.3789580444711549,0.3081144480330825,0.4289282565523448,0.22634645452982605,0.10002948194787797,0.16125841092440837,0.00896014528116465,0.2073188272312269,0.024261452483651302,0.22634645452982605,0.00896014528116465,0.22634645452982605,0.22871905626933042,0.22094063723899185,0.46026198028152204,0.5565929160186938,0.4429968530547049,0.02171668473133158,0.16125841092440837,0.2773843313731982,0.00896014528116465,0.2727792924957582,0.09911832466770079,0.00896014528116465,0.1684290550650449,0.24862493652729234,0.16833397448538298,-0.05937352316649255,0.2407739098169565,0.2791479017015242,0.22634645452982605,-0.05737909383183043,0.054515750654369116,0.00896014528116465,0.01407453562646492,0.2727792924957582,0.2438967326664922,0.22634645452982605,0.2727792924957582,0.22634645452982605,0.057180006400018135,0.024261452483651302,0.24643293522651183,-0.0956462449225206,0.14094460176710022,0.00896014528116465,0.009013520017904716,-0.020224336183366776,0.2579544410153132,0.2262595198296916,0.2262595198296916,0.4900551137846017,0.009013520017904716,0.0748673387322454,0.011420281632587168,0.16125841092440837,0.2727792924957582,0.008974420137784184,-0.0959902278789577,0.00896014528116465,0.24643293522651183,0.00896014528116465,0.2324322623131579,0.024261452483651302,0.00896014528116465,0.00896014528116465,0.00896014528116465,0.24772496149891615,0.06827625383682726,0.11894130175652234,0.024261452483651302,0.2786895705546576,0.22634645452982605,0.2379148651211842,0.2285317383858131,0.06827625383682726,0.010597696367096274,0.00896014528116465,0.1830007283771597,-0.0959902278789577,0.2207054471801512,0.4482784555975452,-0.05937352316649255,-0.055062346566408696,0.22634645452982605,0.09044177063410028,0.10165452922148588,0.14193969903569328,0.1684290550650449,0.6595779742557847,0.09564249118712861,0.3603143140076303,0.2376868668140717,0.22634645452982605,0.2727792924957582,0.09547929257644819,-0.05937352316649255,0.2727792924957582,0.22721067647907622,0.3296076013444085,0.08520884870553225,0.11289209714734899,0.22721067647907622,0.00896014528116465,0.00896014528116465,0.2262595198296916,0.25226584040462036,0.2727792924957582,0.0748673387322454,0.4059823924290713,0.047022271168356264,0.00896014528116465,0.019652487146153225,0.2825269435417241,0.2791479017015242,0.2262595198296916,0.016717293663661884,0.009068546365563895,0.0591782436262438,0.024261452483651302,0.024261452483651302,0.2262595198296916,0.23490772264570403,0.010597696367096274,0.024261452483651302,-0.002763923642828764,0.22721067647907622,0.008845224867770299,0.0924082157481405,0.00896014528116465,0.28497883384978484,0.43541597528437426,0.00896014528116465,0.0660077087809107,0.2262595198296916,0.11894130175652234,0.15885906109582867,0.05594394713557452,0.009080028614319877,0.09564249118712861,0.2262595198296916,0.00896014528116465,0.2727792924957582,0.22721067647907622,0.2727792924957582,0.06536370922710036,0.22634645452982605,-0.020224336183366776,0.00896014528116465,0.1256780383480594,0.18962424425004465,0.01478172482863141,0.2262595198296916,0.5213181252378125,0.00896014528116465,-0.027863604715123697,0.012536207835402324,0.00896014528116465,-0.04638755827934088,0.1684290550650449,-0.05937352316649255,0.024261452483651302,-0.020296966318703993,0.3087529076182206,0.00896014528116465,0.2727792924957582,0.019098043418843524,0.00896014528116465,0.2727792924957582,0.22634645452982605,0.22721067647907622,0.273873476711631,-0.05937352316649255,0.22634645452982605,0.11918429982117465,0.00896014528116465,0.00896014528116465,0.22634645452982605,0.00896014528116465,0.0924082157481405,0.11894130175652234,0.146318147889127,0.10283168503386836,0.1938646068343824,0.024261452483651302,0.22634645452982605,0.00896014528116465,0.24501378694526837,0.25049675933642523,0.024261452483651302,0.28766684738229753,0.23262183603956346,0.2727792924957582,0.19788365669207372,0.28294996181915055,0.3396034584562043,0.009068546365563895,0.19774084994837632,0.22634645452982605,0.2262595198296916,0.09547929257644819,0.00896014528116465,0.3108491593816357,0.06474631498744315,-0.05144274374684514,0.16125841092440837,-0.05937352316649255,0.2262595198296916,0.694390244668285,0.2727792924957582,0.2262595198296916,0.0877220466035117,0.00896014528116465,0.05959519562141005,0.024261452483651302,0.11894130175652234,0.00896014528116465,-0.020169539570317765,-0.05150586003587096,0.22871905626933042,0.1060499989391589,0.00896014528116465,-0.05937352316649255,-0.020224336183366776,0.18314520421959474,0.1830007283771597,0.1684290550650449,0.0924082157481405,-0.020224336183366776,0.09848493311489362,0.2537484221339865,0.22871905626933042,0.2727792924957582,0.2476742016091516,-0.05506324193177878,0.024261452483651302,0.00902256930917554,0.2262595198296916,0.1830007283771597,0.14439084798504723,-0.052114348494443824,0.2262595198296916,0.34618993101926354,-0.06314707295734978,-0.06314707295734978,0.024261452483651302,0.11742993672537785,0.024261452483651302,0.00896014528116465,0.030765948612570454,0.00885685011443485,0.273873476711631,0.4963640205582876,0.24262996528031663,0.22073648071803992,0.16125841092440837,0.22634645452982605,0.0591782436262438,0.38817694706360295,0.00896014528116465,0.22871905626933042,0.1830007283771597,0.10731751021243122,0.03213022412295441,0.29414242958889947,0.3630100409992939,0.19774084994837632,-0.05937352316649255,0.23144049829831997,-0.05937352316649255,0.4884915024467969,0.22634645452982605,0.23722981475122765,0.10689585462630313,0.37200381200714777,0.05594394713557452,0.00896014528116465,0.3120049105817271,-0.024295981825112917,-0.05498650640149655,0.009013520017904716,0.2727792924957582,0.0591782436262438,0.00896014528116465
chrX:154458280:154458281:NM_017514:PLXNA3,0.00915856860784555,0.0016671705074040467,0.020343916228504087,0.13020529757884078,0.03748915313822568,-0.0019670988874378147,0.0009478727115662944,0.0001609359034219996,0.00022502660413944477,0.15111926424513925,0.00886972895952864,0.20497286537858683,0.005046379383679427,0.020680206052499647,0.20412313671650584,0.0001609359034219996,0.135442422891922,0.003841497942799643,0.050750298984362056,0.15145724450537057,0.018336434666399313,0.0009478727115662944,0.00017977187680182603,0.02087164717442455,0.20104809980645802,0.15113112454765754,0.2980243168960614,0.0001997274399488172,0.15147879020973937,0.015791530849030642,0.02189499934429106,0.6333571770665914,0.03875729038040018,-0.0021797443884260023,0.0017185995676092993,0.12962911422829676,0.0050350045082122735,0.4100740109213248,0.00017977187680182603,0.00017977187680182603,0.35907105244816173,0.4018547969673148,0.00965341984327306,0.0009406642218435114,0.07796263851680833,0.14323121311686288,0.005014612594582378,0.0005319629930101554,0.05623303287622671,0.05588947543260296,0.022940382774532267,0.011015639125037741,0.00886972895952864,0.0050350045082122735,0.3889830232923073,0.0002360168383578505,0.28436455806354477,0.2958959424086228,0.003108357712435875,0.12018230533965094,0.021423350475234488,0.00017977187680182603,0.05651959984634144,-0.012416038929046878,0.0711660686559763,-0.013275086012090265,0.04698644910270863,0.0002073994363660167,0.23704784242832702,0.00017977187680182603,0.053709832730968646,0.02194626867321903,-0.017736135979686207,0.07249196663783514,0.03734701311205982,0.0002360168383578505,0.003108357712435875,0.0009297216542614242,0.38826741143397714,0.20117750745843374,0.38488981099057207,0.00017977187680182603,0.35802661601473773,0.031059243987094465,0.00017977187680182603,0.384736251790299,0.07141554326580282,0.36514767886752386,0.0050350045082122735,0.5798545548102327,0.02213229979818349,0.00017977187680182603,0.00020521344223823831,0.00874731899867777,0.08495100343598823,0.1404254655500748,0.05319102701213996,0.6181487416647748,0.00017977187680182603,0.00019927666623992604,0.0050350045082122735,0.004838657957650384,0.03315282719588088,0.00017977187680182603,0.0912091094478818,0.012633773996129954,0.041331936296591786,0.5747619987682494,0.44175123644512915,0.0050350045082122735,-0.0022617449220902405,0.018336434666399313,0.11144646945558599,0.05140955735693259,0.003921226154401443,0.030589967677200552,0.1462788061152959,0.3044590067415387,0.0055207885286924635,0.004366258880499572,0.029446781839913623,0.43282904494750607,0.008113894654076165,0.3485491913326739,0.004838657957650384,0.0639543255492991,0.02941360532601222,0.2326556751866403,0.004738509332279298,0.005054758717190983,0.14153011749535746,0.3437772891519937,0.004643932374081363,0.006868202957964647,0.16718390276654785,0.23267467366910122,0.23267467366910122,0.017010199929995216,0.017730277138624302,0.1686180083030724,0.15829566477017765,0.027733733508928507,0.012160215502384681,0.0001609359034219996,0.0007767480640643865,0.00017977187680182603,0.021908088229881766,0.1565736275102638,0.00017977187680182603,0.013739713251243771,0.04393506016886128,0.45457820137596605,0.08575863378157905,0.0438653386950337,0.01689021721559877,0.029282001035629217,0.18655227566077162,-0.0009065706040581531,0.21391189847219622,0.1114140659362532,0.35317277129340185,0.02997794009323314,0.0050350045082122735,0.2626959499854099,0.005014612594582378,0.03847668523559757,0.2709981217063376,0.02085426328532735,0.25121117730463427,0.16157708855329841,0.005343740309672012,0.0088466572541913,0.00017745400486799193,0.07021023506728083,0.18956995673109017,0.30192442874366776,0.00017977187680182603,0.3763463804161417,0.017074261990947637,0.057606789439820144,0.0009516150962358971,0.15313513444767143,0.476900879249801,-0.013263432091426622,0.023732195666055722,0.005014612594582378,0.00017977187680182603,0.01138287378309694,0.08734236084820773,0.0050350045082122735,0.018336434666399313,0.18319874387464524,0.00017977187680182603,0.00025597413759578455,0.22213125802281192,0.0007767480640643865,0.2854938014319839,0.0010393528517429265,0.02378883791316868,0.19195614185004173,0.06813886806591121,0.005054758717190983,0.00017977187680182603,-0.009428292966576685,0.12662339070830989,0.13295991613491065,0.0072498877364973804,0.005296874655886562,0.12798481888649582,0.06997925572511965,0.19274354733952984,0.21077230484616355,0.034827781782113626,0.18985964818058973,0.005054758717190983,0.23798835119794878,0.018202113424308414,-0.0009065706040581531,0.2009117219208282,0.12202460124625077,0.007671153539285136,0.02696260450407035,0.019707413421230828,0.014338913999769377,0.06273759882384125,0.008001492767479024,0.1655110942248142,0.1279460969735697,0.02856545681717991,0.4341146680238671,0.0001907510347657123,0.20859941017538966,0.004609144095469898,0.19731680370020024,0.00827109377497483,0.00019927666623992604,0.11591490388891698,0.01136834817055949,0.000796281493561389,0.2735619585786784,0.535106082509996,0.25088516937731,0.29818153724490254,0.00017977187680182603,0.1570880210445945,-0.015355690457625928,0.24557845608422205,0.0050350045082122735,0.29818153724490254,0.436119671155023,0.00019927666623992604,0.3919001684915789,0.00017977187680182603,0.38484116729678336,0.025450491917105265,0.19992541284847928,0.0009282465348948599,0.29862241197181333,0.3840532230390243,0.0014113710257858281,0.0014113710257858281,0.2706229948454357,0.021074558836238523,0.1494203054144293,0.005014612594582378,0.0506981083109989,0.01821600720354254,0.14677226804701113,0.26534201134336444,0.2278474099279206,0.02535093923715396,-0.008007965962800585,0.0057320020259817965,0.4340732392791858,0.010183440033840611,0.0001609359034219996,0.0050350045082122735,0.06519747154157654,0.06779298040419421,0.00017977187680182603,0.13708683323564885,0.16862569067587974,0.15425446077696287,0.08584725723064882,0.05153946032812449,0.0009516150962358971,0.008848948492669881,0.046703599258738314,0.01412709256515525,0.001901762724082573,0.02434568192737086,0.055644382749078534,0.0017090329831765116,0.0032926647898671047,0.6179084107226855,0.01854219892425727,0.05650074796141167,0.2694434777157159,0.07547032146335797,0.00017977187680182603
