,0,TF
MC00518|Tfcp2,3.581503136491454e-13,Tfcp2
MS00183|GMEB2,2.6236528286429802e-12,GMEB2
UP00021|Zfp281,7.442998100507832e-12,Zfp281
M00792|SMAD1,1.480398465252644e-11,SMAD1
MC00461|Max,3.179988451895256e-11,Max
MC00187|Ctcf,3.1829544715163546e-11,Ctcf
M01592|TFCP2L1,5.009695037898964e-11,TFCP2L1
MC00374|TFAP2C,5.300907226963115e-11,TFAP2C
M01122|ZNF219,7.509352772100385e-11,ZNF219
MC00192|ZNF263,8.614615508678082e-11,ZNF263
UP00031|Zbtb3,1.2227572191519167e-10,Zbtb3
MS00843|GLI2,1.232005745620328e-10,GLI2
MC00252|Rara,1.8330156351343647e-10,Rara
MC00295|Esr1,3.531016694390488e-10,Esr1
MC00439|TP63,3.6127242549434043e-10,TP63
MS00229|TFAP2B,3.616942485700082e-10,TFAP2B
M01175|ZBTB7B,3.6373654230114654e-10,ZBTB7B
UP00102|ZIC1,5.04694646036038e-10,ZIC1
MC00335|ESR1,9.468991314313574e-10,ESR1
MA0014|PAX5,1.1556500439188862e-09,PAX5
MC00333|ESR2,1.1594846505132923e-09,ESR2
MS00117|PAX1,1.2052689180793758e-09,PAX1
M01104|Ovol2,1.2105071245762067e-09,Ovol2
MS00255|HES5,1.6010790912714892e-09,HES5
UP00006|Zic3,1.6211753008603836e-09,Zic3
UP00057|ZIC2,1.9189939759746047e-09,ZIC2
M00733|SMAD4,2.114859793420764e-09,SMAD4
M00444|VDR,2.2006306486741265e-09,VDR
MC00319|EGR2,2.3205015437687915e-09,EGR2
MA0145|Tcfcp2l1,2.4580686578705945e-09,Tcfcp2l1
MS00638|ESRRG,2.6635753454375317e-09,ESRRG
UP00066|HNF4A,2.8792718987347126e-09,HNF4A
MS00111|NFKB2,3.188682899025737e-09,NFKB2
M01002|DEAF1,4.434083359653329e-09,DEAF1
M01744|ZFP42,4.5112040628304675e-09,ZFP42
M00139|AHR,4.97417936997333e-09,AHR
MC00207|ELK4,5.3751709516695094e-09,ELK4
MS00258|HEY1,5.982443377021422e-09,HEY1
MC00477|ZNF711,6.0044521414396035e-09,ZNF711
MC00254|E2F6,6.074466359369783e-09,E2F6
MS00252|Bhlhb2,6.105495557162377e-09,Bhlhb2
M00665|SP3,6.351294572300688e-09,SP3
UP00028|Tcfap2e,6.713403310427895e-09,Tcfap2e
UP00000|SMAD3,6.95212096382151e-09,SMAD3
M00468|KLF12,7.61118423382704e-09,KLF12
MC00158|E2f4,8.356051603848926e-09,E2f4
MS00260|HEY2,9.677723340004283e-09,HEY2
MC00530|TFAP2A,1.0166861672147676e-08,TFAP2A
MS00118|PAX2,1.0885534122864815e-08,PAX2
MC00413|Runx1,1.2357622171030033e-08,Runx1
MC00467|RXRA,1.379030293192927e-08,RXRA
MS00048|GCM1,1.530759200010101e-08,GCM1
MS00079|HINFP1,1.5794698872350993e-08,HINFP1
MS00304|CREB3L1,1.60050674543692e-08,CREB3L1
MC00475|Nfic,1.6807964958353788e-08,Nfic
MA0155|INSM1,1.765619620049586e-08,INSM1
MC00394|MYC,1.9012914059649766e-08,MYC
M01109|ZNF589,1.904048581351502e-08,ZNF589
MS00678|EGR4,2.157645609882979e-08,EGR4
UP00024|Glis2,2.3339047907541123e-08,Glis2
M00179|ATF2,2.3389050688102588e-08,ATF2
MS00247|BHLHB2,2.3643951774989408e-08,BHLHB2
MC00532|Mycn,2.7082480872740766e-08,Mycn
MC00377|Trp53,2.9918079462552555e-08,Trp53
UP00330|XBP1,3.0936983768519034e-08,XBP1
M00644|UBP1,3.181329514134913e-08,UBP1
M01714|KLF15,3.6311397355935246e-08,KLF15
MS00274|NHLH1,3.687460205609156e-08,NHLH1
M01009|HES1,4.457109397783575e-08,HES1
MC00386|BCL6,4.861383765283255e-08,BCL6
MS00240|Tcfap2a,5.189133642123194e-08,Tcfap2a
MS00301|ZBTB7A,5.3246860458791176e-08,ZBTB7A
MC00502|HMGN1,5.560928581292756e-08,HMGN1
MS00789|Egr3,5.954038094106493e-08,Egr3
UP00412|Etv5,5.98415954393628e-08,Etv5
MC00182|E2F1,6.088338399598896e-08,E2F1
MS00323|ZBTB7C,6.975139708421602e-08,ZBTB7C
MC00132|TP73,7.33645002332349e-08,TP73
MC00510|E2f3,8.04932967523657e-08,E2f3
UP00095|Zfp691,8.12021830463175e-08,Zfp691
UP00084|Gmeb1,8.57502928950353e-08,Gmeb1
M01243|MTF1,8.677004740178385e-08,MTF1
MS00808|TFEC,8.832418674894139e-08,TFEC
UP00423|Gm5454,8.878707674377398e-08,Gm5454
M00491|PATZ1,8.94092784390565e-08,PATZ1
MS00729|ZNF282,9.66620326121747e-08,ZNF282
M01742|Zscan10,9.716817560469265e-08,Zscan10
UP00010|Tcfap2b,1.024512883247359e-07,Tcfap2b
MA0163|PLAG1,1.0592425373274697e-07,PLAG1
MS00308|CREB3,1.1030803627897502e-07,CREB3
UP00087|Tcfap2c,1.1896467016414367e-07,Tcfap2c
M00456|BPTF,1.2277637528784075e-07,BPTF
M00433|Hmx3,1.5354813358678117e-07,Hmx3
MC00203|RFX3,1.5410147509381603e-07,RFX3
MS00256|HES7,1.631445857605467e-07,HES7
MS00333|Mafb,1.8084346102700545e-07,Mafb
MS00105|MYBL2,1.8300803758373868e-07,MYBL2
MS00727|ZBTB49,1.909933077111652e-07,ZBTB49
MC00278|ETS1,2.0452741280247044e-07,ETS1
MS00251|BHLHE41,2.247109776460275e-07,BHLHE41
MS00115|NFIX,2.2980707792794297e-07,NFIX
MC00372|Yy1,2.397810262447723e-07,Yy1
MC00430|Egr2,2.4584098305242065e-07,Egr2
M00736|E2F1::TFDP1,3.200489069743969e-07,E2F1::TFDP1
MC00183|Snai1,3.2871932746333686e-07,Snai1
MC00262|ARNT,3.5299857188313826e-07,ARNT
M01288|NEUROD1,3.5653701577147095e-07,NEUROD1
M00378|PAX4,3.654660431113319e-07,PAX4
MC00359|TP53,4.2729127105396274e-07,TP53
MS00246|SP8,4.3992710532735206e-07,SP8
MS00128|PAX9,4.788367706972008e-07,PAX9
MS00124|KLF13,4.868422312946087e-07,KLF13
MC00128|CTCF,5.030163483007747e-07,CTCF
MC00342|YY1,5.298562533760354e-07,YY1
MC00316|HIF1A,5.475497118909288e-07,HIF1A
MC00473|ATF3,5.762224938747335e-07,ATF3
M00649|MAZ,6.552686415297145e-07,MAZ
MS00288|TFE3,6.732097379296624e-07,TFE3
M01118|WT1,7.117835841356464e-07,WT1
UP00052|Osr2,7.388060474817431e-07,Osr2
M00518|PPARG::RXRA,7.475662213655606e-07,PPARG::RXRA
UP00094|Zfp128,8.284130115372257e-07,Zfp128
MC00142|PPARG,8.414239992385126e-07,PPARG
M01248|NR0B1,8.485961769303861e-07,NR0B1
MC00257|Pax5,8.499510973569612e-07,Pax5
MC00125|Rest,8.77359400273671e-07,Rest
MC00130|Pparg,1.0056377577432441e-06,Pparg
UP00011|IRF6,1.1797219521904983e-06,IRF6
MS00211|TBX2,1.1871648073142968e-06,TBX2
MC00223|SMAD2/3,1.2476832754253422e-06,SMAD2/3
MS00110|NFKB1,1.3348223105633791e-06,NFKB1
MS00694|RXRG,1.432533893855812e-06,RXRG
MS00027|FLI1,1.6821328735916598e-06,FLI1
MS00357|ZIC4,1.7364338957565133e-06,ZIC4
MC00468|AR,1.948500600392318e-06,AR
MS00834|ELF4,1.9989729296943406e-06,ELF4
MS00035|GLIS2,2.1067531036315326e-06,GLIS2
M00341|GABPB1,2.3274831172177694e-06,GABPB1
MS00177|RUNX3,2.456890016562208e-06,RUNX3
M00695|TEAD2,2.4793163992390687e-06,TEAD2
MC00339|NFE2L2,2.5031027622762533e-06,NFE2L2
MC00328|Zfx,2.503701572270646e-06,Zfx
MS00346|ZIC3,2.579166415780023e-06,ZIC3
MC00427|ETV1,2.7231571410108055e-06,ETV1
M00115|CNTN2::CREB1,2.8932332422222523e-06,CNTN2::CREB1
MS00212|SP1,3.2224233080195018e-06,SP1
MC00509|NR2C2,3.5526927933283247e-06,NR2C2
MC00391|ZNF143,3.5736752212065676e-06,ZNF143
M01177|SREBF2,3.5991598408591703e-06,SREBF2
MC00299|BRCA1,3.724074158978155e-06,BRCA1
UP00413|Elf4,3.8823090741500355e-06,Elf4
MS00534|CENPB,3.985783233585447e-06,CENPB
MS00188|MGA,4.06775452686226e-06,MGA
MS00050|GCM2,4.109432487409562e-06,GCM2
MS00567|EGR3,4.442285693994628e-06,EGR3
MC00362|Arntl,4.459396719445319e-06,Arntl
MS00021|ETV6,4.909721256326078e-06,ETV6
MC00221|Tbx3,5.272277671213013e-06,Tbx3
M00717|PAX8,5.466291730395089e-06,PAX8
M00072|TFCP2,5.979814761427004e-06,TFCP2
MS00512|Zfp740,6.409603455358707e-06,Zfp740
MS00221|TEAD3,7.3547789326660395e-06,TEAD3
UP00093|Klf7,7.37464361668631e-06,Klf7
MS00327|MAFG,7.542700589817878e-06,MAFG
MC00174|REST,7.660818817935177e-06,REST
MC00523|E2F4,7.693270060133885e-06,E2F4
M00500|STAT6,8.092041802280694e-06,STAT6
MS00146|KLF16,8.220018489277798e-06,KLF16
M00737|E2F1::TFDP2,8.566168588874148e-06,E2F1::TFDP2
MS00135|KLF14,9.292754380219537e-06,KLF14
UP00035|HIC1,9.917604627885889e-06,HIC1
M00647|NR1H3,1.0576673895544085e-05,NR1H3
MC00373|Mxi1,1.1490349578337643e-05,Mxi1
M00514|ATF4,1.1569029928548403e-05,ATF4
M00332|FOXN1,1.1760091320017335e-05,FOXN1
M01783|SP2,1.1924650474732181e-05,SP2
MS00248|BHLHB3,1.3558590430644012e-05,BHLHB3
MC00418|ZBTB33,1.401563679800856e-05,ZBTB33
MS00173|RUNX2,1.4048134118821709e-05,RUNX2
MC00160|ETV3,1.5141656618454563e-05,ETV3
MC00124|MAX,1.5998166229206122e-05,MAX
MS00326|MAFF,1.7065901009837737e-05,MAFF
MC00367|GABPA,1.735360773894921e-05,GABPA
UP00404|ELF2,1.802118698313402e-05,ELF2
UP00001|E2F2,2.2320262514940903e-05,E2F2
MS00101|Hic1,2.3468676565318146e-05,Hic1
UP00088|PLAGL1,2.3845935761159403e-05,PLAGL1
MS00268|YY2,2.6628409700986607e-05,YY2
MS00401|ZNF306,2.912318740563366e-05,ZNF306
MA0073|RREB1,2.964690666271552e-05,RREB1
UP00065|Zfp161,3.416169092952123e-05,Zfp161
MC00224|EPAS1,3.669535463620539e-05,EPAS1
MC00169|Usf2,3.808415876601609e-05,Usf2
MS00024|GLIS1,3.887184907036868e-05,GLIS1
MC00476|Rarg,4.1237061088428165e-05,Rarg
M01105|ZNF350,5.556375470916551e-05,ZNF350
UP00027|Osr1,5.766977735369711e-05,Osr1
MC00289|HSF1,6.043930516381946e-05,HSF1
MC00320|EGR1,6.0764111820249196e-05,EGR1
MS00264|MESP1,6.171780380491132e-05,MESP1
MS00285|TCF4,6.227049173251273e-05,TCF4
UP00231|NKX2-2,6.39086916781591e-05,NKX2-2
MC00110|Klf1,6.426500730200839e-05,Klf1
MS00386|FOXO6,6.55635920417708e-05,FOXO6
M00694|E4F1,6.704801522785324e-05,E4F1
MC00144|Rfx1,6.781366890903692e-05,Rfx1
M00467|ZNF423,7.237994738530065e-05,ZNF423
MS00160|PROX1,7.43054657838295e-05,PROX1
MC00337|Ikzf3,7.88574204758623e-05,Ikzf3
MS00392|Foxg1,8.040345777094181e-05,Foxg1
UP00003|E2F3,8.15593716720331e-05,E2F3
MS00445|ZNF740,8.532470580180123e-05,ZNF740
MS00311|Creb3l2,8.644231592770993e-05,Creb3l2
M01067|GFI1,9.667444043031149e-05,GFI1
MC00448|Nr1h2,0.0001033960527933065,Nr1h2
MS00838|ELF5,0.0001061396400587807,ELF5
MS00046|GLIS3,0.0001146405485278436,GLIS3
MS00265|MLXIPL,0.00011601183026201297,MLXIPL
MC00457|ELF1,0.00013246655360596435,ELF1
M01733|MZF1,0.00013903753984184823,MZF1
MC00407|Myc,0.0001403375122577119,Myc
MS00289|TFEB,0.00015015281012422318,TFEB
MS00022|Elf5,0.0001536525181355207,Elf5
MC00344|Hnf4a,0.00016305121518566762,Hnf4a
M00327|PAX3,0.00016626640454023753,PAX3
MC00168|ERG,0.00018134307601857565,ERG
MS00016|ETV2,0.00018995042627377895,ETV2
MS00065|IRF4,0.00021502349048794722,IRF4
MC00355|SRF,0.0002316311491044485,SRF
UP00119|Nkx2-9,0.000256677702831894,Nkx2-9
MS00202|TBX20,0.00027169994592478937,TBX20
MA0131|HINFP,0.00028094158809304756,HINFP
MS00207|TBX21,0.0002817468826354546,TBX21
UP00020|ATF1,0.00029712730873120857,ATF1
MC00512|Esrrb,0.0003093122502088554,Esrrb
M01132|SF1,0.00031842537082037246,SF1
MS00235|SP4,0.00033254091615933816,SP4
MS00267|MNT,0.00034175399974942396,MNT
UP00184|Lhx8,0.0003588600405157872,Lhx8
MS00710|THRB,0.00040803598216319713,THRB
MS00372|FOXL1,0.00041205232450773697,FOXL1
MC00305|Sox6,0.00043260313543439904,Sox6
UP00159|SIX2,0.00043570787086133885,SIX2
UP00192|SIX1,0.0004375481626932281,SIX1
MS00829|ESRRA,0.00044491524878545707,ESRRA
MS00085|MEIS3,0.0005847597342728558,MEIS3
MC00134|Ppara,0.0006006721407895457,Ppara
UP00038|Spdef,0.0006126666214971328,Spdef
MC00109|Klf4,0.0006237627615644411,Klf4
MS00125|PAX6,0.000663648666002099,PAX6
MS00331|MAFK,0.0007355458229243131,MAFK
MS00423|ZNF524,0.0007701223364640091,ZNF524
M00085|ZBTB6,0.00078326158300641,ZBTB6
MS00266|MLX,0.0007926918569797319,MLX
MS00025|FEV,0.0008308904565153966,FEV
UP00389|NKX3-1,0.0008884693915368069,NKX3-1
MS00362|FOXI1,0.0009049725281982807,FOXI1
M01596|GLI3,0.0009067558444955559,GLI3
M00964|NR1I2,0.0009108069267069262,NR1I2
MC00248|USF1,0.0009228369802145299,USF1
MS00057|HIC2,0.0009842660721466774,HIC2
MS00072|IRF8,0.0010091006449951868,IRF8
MS00114|NFIB,0.0010783003621632225,NFIB
MS00157|Klf12,0.0013098732860122439,Klf12
MC00104|Foxa1,0.0013692677485980219,Foxa1
MS00270|Mlx,0.0013761067707012322,Mlx
M01656|Trp63,0.0013900592386019278,Trp63
MS00378|FOXO3,0.0015087358441769423,FOXO3
M00220|SREBF1,0.0015896720452391734,SREBF1
UP00195|SIX3,0.0016180479079119803,SIX3
MC00170|PGR,0.001655481934983679,PGR
MS00291|Tcf21,0.0016610941266236969,Tcf21
UP00193|Rhox11,0.0016623461488606858,Rhox11
M01312|NKX2-1,0.0018054784791335934,NKX2-1
MC00364|NFYA,0.0018485211910410826,NFYA
MS00533|LBX2,0.0018593001369231056,LBX2
M00490|BACH2,0.0019978976298690022,BACH2
MC00191|Nfya,0.0020242373189568474,Nfya
MC00141|Stat1,0.0021514776720831354,Stat1
MS00218|T,0.0021818526729210697,T
MS00087|Meis2,0.0021832814364201687,Meis2
M00088|IKZF1,0.0023087188631133117,IKZF1
MS00586|Otx1,0.002418811234610527,Otx1
MS00383|FOXO4,0.0024542781071019443,FOXO4
M01207|ETS2,0.0025815109864960268,ETS2
MS00684|RARG,0.0026722808194614917,RARG
M00483|ATF6,0.00284703674408669,ATF6
MA0031|FOXD1,0.003072522626929182,FOXD1
UP00207|HOXB9,0.0033883193147715438,HOXB9
MS00409|Arx,0.0034462330297488864,Arx
UP00418|Etv6,0.003485465507299519,Etv6
MC00334|SIX5,0.003717479426224121,SIX5
MS00067|IRF5,0.0038478621685003145,IRF5
MS00296|BATF3,0.003902303580003422,BATF3
MS00061|HSFY2,0.004058104361461925,HSFY2
MS00812|ELF3,0.004207374038463371,ELF3
MS00214|TBX4,0.004277833516642171,TBX4
MC00357|Crx,0.004506434197638043,Crx
MS00846|ERF,0.00451153256725781,ERF
MS00243|Ascl2,0.0046242259834731875,Ascl2
MC00206|ELK1,0.00464620431315884,ELK1
MC00312|RUNX1,0.00469324814594828,RUNX1
MC00280|NR4A1,0.004946410068416225,NR4A1
M00420|MEIS1::HOXA9,0.00523566290990354,MEIS1::HOXA9
M00159|CEBPA,0.005237489613604952,CEBPA
UP00080|Gata5,0.00539473166583338,Gata5
UP00086|IRF3,0.005627355272600363,IRF3
M01445|Obox6,0.0059723844711588245,Obox6
MS00023|Elk3,0.0060066729213711315,Elk3
UP00018|Irf4,0.006114092808818071,Irf4
MS00405|ARX,0.006191557059486349,ARX
MC00281|PBX3,0.006366750671458212,PBX3
M01295|ATF5,0.006680382559568593,ATF5
MC00356|Tbx21,0.006837670807496138,Tbx21
MC00232|MEF2A,0.007040528950279908,MEF2A
MS00436|DPRX,0.0074350445205252635,DPRX
MS00371|FOXK1,0.007575808437060453,FOXK1
MA0116|Zfp423,0.007844548775805064,Zfp423
UP00213|HOXA9,0.007954793124028274,HOXA9
MS00054|Tcf7,0.008571923941202106,Tcf7
UP00058|TCF3,0.008600247618025995,TCF3
M00632|GATA4,0.008768827898555827,GATA4
M01241|GTF2IRD1,0.009824131420335907,GTF2IRD1
MS00476|HNF1A,0.010050367584708427,HNF1A
UP00048|RARA,0.010076026955155803,RARA
MS00511|HOXD13,0.010394034102830282,HOXD13
UP00009|Nr2f2,0.010509778651754077,Nr2f2
M00706|GTF2I,0.010592337950904088,GTF2I
MS00387|FOXP3,0.01064160745954071,FOXP3
MS00778|EHF,0.010819573103141765,EHF
MS00018|ETV4,0.010878788883819369,ETV4
MC00501|FOXP1,0.01091784116502906,FOXP1
UP00033|Zfp410,0.01106815480912468,Zfp410
UP00175|Lhx9,0.011471610093724136,Lhx9
MS00525|Hoxd9,0.011522288796342395,Hoxd9
MS00489|HOXB13,0.01153067155251441,HOXB13
M01435|Rhox6,0.01269718312735972,Rhox6
UP00121|Hoxd10,0.013118802170847621,Hoxd10
MS00217|TBX5,0.013643680113018012,TBX5
M00646|HNF1B,0.013725505439709788,HNF1B
MS00073|IRF9,0.01389407972314471,IRF9
MC00371|JUNB,0.014155006840817249,JUNB
MS00407|Alx1,0.015216502364394605,Alx1
MS00097|MYBL1,0.01610262703934282,MYBL1
MS00730|ZNF435,0.016525857437134375,ZNF435
MC00140|Stat3,0.016602150982656244,Stat3
MS00501|Zfp652,0.01721070947634547,Zfp652
UP00081|Mybl1,0.017243349112639517,Mybl1
UP00155|Hmx2,0.017436524094540183,Hmx2
MS00052|SOX9,0.017536873808767058,SOX9
MS00844|ELK3,0.018770223078503442,ELK3
UP00030|Sox11,0.01883869600010631,Sox11
MC00311|FOXA1,0.019206830100015334,FOXA1
MC00151|SPI1,0.019354381772403874,SPI1
M00155|NR2F2,0.019727630341902076,NR2F2
UP00186|MEIS1,0.01988345630674877,MEIS1
UP00249|NKX2-5,0.020907981082979497,NKX2-5
MS00253|CLOCK,0.022478919105524634,CLOCK
MS00528|ISL2,0.02271781494739643,ISL2
M01268|NR1H4,0.02285556476830588,NR1H4
MS00726|PRDM4,0.02290766702990623,PRDM4
MS00162|RFX2,0.023047084420852213,RFX2
MC00250|Nkx3-1,0.023452107212941484,Nkx3-1
UP00148|Hdx,0.023896565734612907,Hdx
M01037|GLI1,0.02423245515160445,GLI1
MS00609|RHOXF1,0.02432552097730917,RHOXF1
UP00092|MYB,0.02572059133916912,MYB
UP00187|ALX4,0.026052860388779908,ALX4
M00454|ARID5B,0.026675226438456143,ARID5B
MS00399|Foxk1,0.02727115595594175,Foxk1
MA0101|REL,0.027565364211823346,REL
MS00359|FOXD3,0.027630712215652543,FOXD3
MC00408|Myb,0.028884563481185437,Myb
MS00505|HOXC13,0.028985445652378955,HOXC13
MC00385|Ets1,0.02900092961507579,Ets1
MS00088|Meis3,0.02935524548614409,Meis3
MS00294|ATF7,0.02937203177184688,ATF7
MS00807|MSC,0.02975467875953888,MSC
MA0365|RFX1,0.030755395093971852,RFX1
M00495|BACH1,0.030780251303575857,BACH1
MS00728|ZNF232,0.030991072741950745,ZNF232
UP00113|HOXC4,0.031470809106623615,HOXC4
MC00321|JUN,0.03207421859884292,JUN
MS00449|EN1,0.03211443443160121,EN1
UP00244|TLX2,0.03242980534787633,TLX2
M01108|HOXA7,0.03302916582657084,HOXA7
MC00352|Nr5a2,0.03350617137590017,Nr5a2
MS00597|PROP1,0.033763579755027445,PROP1
MS00171|Rfx2,0.035939043718372095,Rfx2
MS00709|THRA,0.0372287285463629,THRA
MS00474|HMX2,0.038081310602820016,HMX2
M00622|CEBPG,0.038798534470824424,CEBPG
MC00330|FOS,0.04052927123364644,FOS
MS00618|Uncx,0.04120933633916998,Uncx
MS00155|POU6F2,0.04205931235964522,POU6F2
M00105|CUX1,0.04323343471512354,CUX1
MS00356|FOXD2,0.043731857859400744,FOXD2
M01230|ZNF333,0.0450853905353594,ZNF333
MC00304|FOXH1,0.04682903385844355,FOXH1
MA0161|NFIC,0.047342667285019825,NFIC
UP00161|Hmbox1,0.04789307776711662,Hmbox1
UP00190|NKX2-3,0.049734874590365095,NKX2-3
MS00475|HMX3,0.05234603607867196,HMX3
M01483|Dbx1,0.05443525495314712,Dbx1
MS00261|ID4,0.056272288649334756,ID4
MC00396|Nr3c1,0.05739463881207853,Nr3c1
MS00740|SOX10,0.05911662617285764,SOX10
UP00056|RFX4,0.06120242622932948,RFX4
MS00556|GRHL1,0.0612582905108766,GRHL1
MS00739|E2F8,0.06251366781220002,E2F8
MC00456|JUND,0.06281084783902575,JUND
M00133|POU3F1,0.06281093710280478,POU3F1
MC00378|POU5F1,0.06281431824701796,POU5F1
UP00221|PHOX2A,0.06359985243533521,PHOX2A
MS00490|ZSCAN4,0.06575307733963594,ZSCAN4
MC00211|NFATC1,0.06793991926239902,NFATC1
MS00403|ALX3,0.06833021439499788,ALX3
MC00370|Npas4,0.06844987336971288,Npas4
MS00141|POU3F2,0.06903574644904423,POU3F2
MC00524|Nr1d1,0.07119697801065322,Nr1d1
MC00414|Atoh1,0.07124313506574075,Atoh1
MS00040|SPIC,0.07136956352562387,SPIC
UP00040|Irf5,0.07231271667480715,Irf5
MS00520|Hoxd13,0.07381543840907559,Hoxd13
MS00527|IRX5,0.07452766419129402,IRX5
MS00348|FOXB1,0.0750402094391997,FOXB1
MS00624|VENTX,0.07521103253442281,VENTX
MC00349|Jun,0.07736035294499895,Jun
MS00019|ETV5,0.07844000629182503,ETV5
MS00479|ZNF784,0.07882724500498155,ZNF784
MS00626|VSX1,0.08067957828106236,VSX1
M01195|TBX22,0.08217747278472957,TBX22
MA0164|NR2E3,0.08351924948536157,NR2E3
MC00351|FOSL1,0.08393284804006315,FOSL1
MS00433|DMBX1,0.08457899922845563,DMBX1
M01734|NFATC4,0.08570487328079684,NFATC4
MC00288|POU2F1,0.08577289647782675,POU2F1
UP00019|ZBTB12,0.08615869528486088,ZBTB12
M00678|ETV7,0.08905559504983966,ETV7
MS00408|Alx4,0.09153076108992522,Alx4
MS00668|Nr2e1,0.09157848039592786,Nr2e1
UP00130|LHX3,0.09403678619645284,LHX3
M01709|MAFA,0.0950494105319076,MAFA
M00750|HMGA1,0.09517770918853127,HMGA1
MS00051|LEF1,0.09620586148585823,LEF1
M01334|Nkx1-1,0.09696037479597178,Nkx1-1
MC00231|MEF2C,0.09736972823229065,MEF2C
MS00096|TGIF2,0.10045472329243078,TGIF2
MS00582|OTX1,0.10081918309810069,OTX1
M00648|MAF,0.10201214095383374,MAF
MS00039|SPIB,0.10333903558571494,SPIB
UP00199|SIX4,0.10337328334568685,SIX4
MA0152|NFATC2,0.10359148160607795,NFATC2
MC00416|Rbfox2,0.10416584203234207,Rbfox2
MS00428|DLX2,0.1055108378363754,DLX2
MS00290|ZBED1,0.11080176480425942,ZBED1
MS00750|SOX15,0.11286973865133555,SOX15
M01480|Obox5,0.113189215587952,Obox5
UP00261|LHX4,0.11349000702088527,LHX4
MA0084|SRY,0.1170542448256031,SRY
M00993|TAL1,0.11857065403220965,TAL1
MC00193|RELA,0.11872391263485436,RELA
MS00376|FOXO1,0.11877427396169522,FOXO1
MS00282|Srebf1,0.12181473449083861,Srebf1
M00712|MYOG,0.12399359421271147,MYOG
MC00511|Rxrg,0.1258069714598092,Rxrg
MS00803|Sox3,0.12785543884362155,Sox3
UP00252|HOXC5,0.1281276486799902,HOXC5
MS00755|SOX21,0.12849342221104054,SOX21
M00478|CDC5L,0.1285819076784235,CDC5L
MC00129|Fli1,0.12998666809663686,Fli1
MS00718|Tp53,0.13011652579956523,Tp53
MC00135|Rela,0.13677109335277055,Rela
MC00180|Sfpi1,0.13930188063639448,Sfpi1
MC00506|Spi1,0.13930188063639448,Spi1
MS00201|SNAI2,0.14445376526804365,SNAI2
MA0030|FOXF2,0.14611379136410438,FOXF2
UP00139|Nkx1-2,0.14870609834235302,Nkx1-2
MS00041|Spic,0.14978435763529807,Spic
MS00507|HOXD11,0.15035993737820022,HOXD11
MS00599|PRRX1,0.15121309992362625,PRRX1
MS00430|DLX4,0.1522795405282146,DLX4
MS00194|TBX19,0.1532831915554324,TBX19
MS00473|HMX1,0.15491426599481622,HMX1
M01127|ISL1,0.15582235737568903,ISL1
M01450|Obox1,0.15636093465903064,Obox1
MS00367|FOXJ3,0.15961194757571154,FOXJ3
MS00438|DUXA,0.16354060852994068,DUXA
UP00041|Foxj1,0.16650788035109879,Foxj1
MS00351|FOXC1,0.166537713256848,FOXC1
MS00272|NEUROG2,0.16698727294127858,NEUROG2
MC00126|TCF12,0.1676120949638915,TCF12
UP00112|Gsc,0.16777348508847084,Gsc
MS00657|NR2F1,0.17074179424526628,NR2F1
MS00224|TEAD4,0.1711093054906906,TEAD4
MS00603|PRRX2,0.17311899745130502,PRRX2
UP00132|Evx2,0.1733214031510437,Evx2
MC00105|Foxa2,0.17460963817270853,Foxa2
MS00011|BCL6B,0.17842910595468034,BCL6B
MS00571|NKX2-8,0.17988734154843414,NKX2-8
MA0051|IRF2,0.18379403048998375,IRF2
MS00432|DLX6,0.18456801258647174,DLX6
MC00163|Creb1,0.18485185696755632,Creb1
MS00354|FOXC2,0.18759478628399603,FOXC2
MS00419|BSX,0.19022289536747444,BSX
MS00515|Hoxa11,0.19063556017611055,Hoxa11
MS00083|MEIS2,0.19092852681309586,MEIS2
M00624|DBP,0.19131971975182827,DBP
UP00215|Vax1,0.1932281855137539,Vax1
UP00260|Hoxc6,0.1940634554228149,Hoxc6
MS00662|NR3C2,0.19637965445413133,NR3C2
UP00214|HOXB5,0.19814257255018936,HOXB5
M01364|Obox2,0.19814557974404645,Obox2
MS00766|SOX4,0.19967673761691263,SOX4
MS00416|BARHL2,0.20084597546648522,BARHL2
UP00120|Lbx2,0.20115181990866896,Lbx2
MS00422|Barhl1,0.20197939098458315,Barhl1
MS00472|HMBOX1,0.21276172913957403,HMBOX1
MS00464|GSC,0.21382237900625958,GSC
MC00186|Nr1d2,0.21535034736575379,Nr1d2
MS00338|NRL,0.21582453238881388,NRL
MS00494|HOXC10,0.21671791019934433,HOXC10
MS00319|JDP2,0.21820800560530604,JDP2
UP00140|Hoxd1,0.21822519234867668,Hoxd1
MS00336|NFE2,0.21870839412834198,NFE2
MS00437|DRGX,0.21895000411862447,DRGX
M01723|SATB1,0.22094545948033045,SATB1
M01247|NANOG,0.22381851372571065,NANOG
MS00731|ZNF713,0.22501630188074004,ZNF713
MC00265|Tcf3,0.22694364109546766,Tcf3
MC00411|BATF,0.229182348091616,BATF
MS00254|FIGLA,0.22930378886600467,FIGLA
UP00096|SOX13,0.23424387959016482,SOX13
UP00391|HOXA3,0.23490132124137647,HOXA3
MS00605|RAXL1,0.24322318846040053,RAXL1
UP00388|SIX6,0.24358073082911172,SIX6
MS00481|HOXA10,0.24776922339749594,HOXA10
UP00197|HOXC9,0.2556015205416828,HOXC9
M01112|RBPJ,0.25583608932268986,RBPJ
MS00606|RAX,0.25709142736556484,RAX
M01004|IKZF2,0.2616821081545431,IKZF2
MC00465|NR3C1,0.26316274542608864,NR3C1
MS00708|Rxrb,0.2638094991284825,Rxrb
MC00233|Pou5f1,0.26400080423691275,Pou5f1
MS00539|LHX6,0.2643928403740233,LHX6
MS00468|ZNF75A,0.2650017384354019,ZNF75A
MS00665|NR4A2,0.2651128771395557,NR4A2
M01479|POU6F1,0.2667786153670572,POU6F1
M01075|ZBTB16,0.2712398523507309,ZBTB16
UP00043|Bcl6b,0.271873676332951,Bcl6b
MS00463|GSC2,0.2721911059992819,GSC2
MS00454|EVX1,0.2723995368903169,EVX1
MC00368|Hsf1,0.27263990694439105,Hsf1
MS00652|NR2E1,0.27281786256312285,NR2E1
MS00613|SHOX2,0.2763017198982556,SHOX2
MC00119|GATA3,0.2778957143394677,GATA3
MS00197|TBX1,0.27877743271227884,TBX1
MS00559|MSX1,0.2798716186039757,MSX1
MC00217|FOXA2,0.2826453065211621,FOXA2
MS00753|SOX18,0.28532705585831253,SOX18
MS00769|SOX7,0.28605655049372347,SOX7
MC00513|SFPI1,0.28655689351379043,SFPI1
MC00293|Gfi1b,0.290879915017096,Gfi1b
MS00220|TEAD1,0.2936292866140352,TEAD1
UP00150|IRX6,0.29380174025511807,IRX6
MS00593|PHOX2B,0.2940695919587806,PHOX2B
MS00192|TBX15,0.2944473147899026,TBX15
MS00145|POU3F4,0.2948968688858927,POU3F4
MS00425|CDX1,0.29530426091604695,CDX1
UP00138|Bsx,0.29827617247227767,Bsx
MS00616|UNCX,0.2984636327980202,UNCX
MS00614|SHOX,0.2987287170055674,SHOX
MA0130|ZNF354C,0.3005912661321751,ZNF354C
MS00144|POU3F3,0.3024536687510877,POU3F3
M00416|ALX1,0.30533384736829466,ALX1
UP00243|Isx,0.3069101376824461,Isx
MS00578|NOTO,0.3097958063273833,NOTO
MS00498|HOXC11,0.3098976748638803,HOXC11
UP00169|LMX1B,0.3201769270975012,LMX1B
MC00269|SOX2,0.3232388776861388,SOX2
MC00309|TCF7L2,0.32656132490773837,TCF7L2
MC00358|Ebf1,0.3267565581557681,Ebf1
M01306|ZNF217,0.3291905508650359,ZNF217
UP00014|Sox17,0.33029498716382755,Sox17
MS00033|SPDEF,0.3313734213815605,SPDEF
MC00505|POLR2B,0.33177282576555706,POLR2B
UP00182|HOXA6,0.3344492202933306,HOXA6
M01146|DMRT1,0.33748159465384314,DMRT1
MS00075|MEF2B,0.3385007567565648,MEF2B
MS00169|RFX5,0.34043521918603353,RFX5
MC00471|Rxra,0.34150900167306397,Rxra
MS00179|SCRT1,0.34408883366917625,SCRT1
MC00508|Batf,0.34603560598453564,Batf
MS00517|Hoxc10,0.3468003265542939,Hoxc10
M01081|ZNF628,0.350857174643788,ZNF628
MS00269|MYF6,0.3563876330681595,MYF6
UP00212|LHX5,0.3608293141034652,LHX5
MS00130|POU1F1,0.3644918176107894,POU1F1
MS00756|E2F7,0.3657044437169172,E2F7
MC00178|Nkx2-5,0.3692591355248097,Nkx2-5
MS00455|EVX2,0.370663777479158,EVX2
UP00237|Otp,0.3710324726929639,Otp
MS00531|ISX,0.3713606430780016,ISX
MS00465|GSX1,0.3744910496226096,GSX1
MC00146|Smad2/3,0.37560723759750303,Smad2/3
M01282|PPARA,0.38005746606829277,PPARA
MS00429|DLX3,0.3801250189268213,DLX3
MC00369|Myod1,0.3827241579121991,Myod1
MS00686|RORA,0.38348863681383305,RORA
M00999|AIRE,0.3854275184229793,AIRE
MS00820|NFIA,0.39472846440858056,NFIA
M01466|Obox3,0.3994362746096702,Obox3
UP00241|HOXD3,0.4040637851274306,HOXD3
MS00418|BARX1,0.4054531620805493,BARX1
MS00627|VSX2,0.405557616260842,VSX2
UP00114|Homez,0.41066946555438455,Homez
MS00249|BHLHE22,0.4159877028551816,BHLHE22
MS00700|Rarb,0.4165022359090802,Rarb
MC00226|Nanog,0.4202577784998198,Nanog
M00672|TEF,0.423585951774493,TEF
MC00276|EOMES,0.42450423137540294,EOMES
M01151|Dmrtc2,0.42457610424196324,Dmrtc2
MS00059|HSF2,0.42727117848971596,HSF2
UP00262|Lhx1,0.43117775222231103,Lhx1
MS00431|DLX5,0.43175850763109547,DLX5
UP00236|IRX2,0.4340056396414822,IRX2
MS00596|PITX3,0.4348457963832323,PITX3
MC00455|Cdx2,0.4362722187941783,Cdx2
MS00628|Vsx1,0.4450023196612234,Vsx1
MS00604|Prrx2,0.4460758178605473,Prrx2
UP00037|Zfp105,0.45094662807861796,Zfp105
UP00012|Bbx,0.4524652303552723,Bbx
UP00218|Dbx2,0.4527999765603098,Dbx2
MC00120|GATA1,0.453172578266682,GATA1
MS00316|Dbp,0.4594876142294556,Dbp
UP00185|PBX1,0.4607292868341677,PBX1
MS00502|HOXC12,0.4696467107782242,HOXC12
MS00470|HESX1,0.47119515455229866,HESX1
MS00621|VAX2,0.48044606571283344,VAX2
MS00573|NKX3-2,0.482980843834654,NKX3-2
MS00318|Hlf,0.4860806036659111,Hlf
UP00189|HOXA5,0.4869533907058474,HOXA5
UP00238|Nkx6-3,0.4895293655055474,Nkx6-3
MS00245|BHLHA15,0.4928485570791614,BHLHA15
MC00258|Pax7,0.49313666806629364,Pax7
MS00620|VAX1,0.4935248521665042,VAX1
MS00092|PKNOX2,0.49380872126987585,PKNOX2
MA0040|Foxq1,0.5049197141254773,Foxq1
UP00168|Hoxd8,0.5064102867691906,Hoxd8
M01728|NR2F6,0.5077355262172865,NR2F6
MS00615|Shox2,0.509639447863162,Shox2
MS00388|Foxc1,0.5207091168272333,Foxc1
MC00327|Gata1,0.5252245970428066,Gata1
UP00166|BARHL1,0.5308270283095948,BARHL1
MC00154|Jund,0.5316250213615172,Jund
UP00023|Sox30,0.5332992797856764,Sox30
MS00577|NKX6-2,0.5364208167878276,NKX6-2
MC00329|Srf,0.5456451160705931,Srf
MS00190|SCRT2,0.5474960703762135,SCRT2
MS00563|Meox2,0.5487495393394524,Meox2
MS00541|LHX9,0.5563494582704325,LHX9
UP00177|Hoxd12,0.5597826092988886,Hoxd12
MS00070|IRF7,0.5598678400705391,IRF7
MC00388|Tal1,0.5609650716974125,Tal1
MS00053|TCF7L1,0.5623848637220468,TCF7L1
UP00064|Sox18,0.5639196227665473,Sox18
MS00837|HOXD12,0.5698080890250241,HOXD12
MC00325|Gata2,0.5710308570718348,Gata2
MS00148|POU4F1,0.571259487791654,POU4F1
MS00152|POU5F1P1,0.5769977535118058,POU5F1P1
M00640|HOXA4,0.5778925667856603,HOXA4
MS00536|LHX2,0.5784081189837117,LHX2
MS00360|FOXG1,0.5835487979256596,FOXG1
MC00136|Hoxb4,0.5838249377760819,Hoxb4
MS00427|DLX1,0.5840298984934251,DLX1
MS00811|RARB,0.5842653413717412,RARB
MS00095|TGIF2LX,0.5906012493655591,TGIF2LX
UP00129|Pou3f1,0.5938599579171275,Pou3f1
MS00295|Atf4,0.5945750722462426,Atf4
MS00641|Esrra,0.6054339061451726,Esrra
MC00195|Myf5,0.6066561184946633,Myf5
MS00554|MEOX2,0.606825371678268,MEOX2
MS00271|NEUROD2,0.608595016062065,NEUROD2
MC00287|POU2F2,0.6091240708990007,POU2F2
MA0108|TBP,0.6095266546396263,TBP
M01399|Hlx,0.6122028179018751,Hlx
MC00514|Cbfa2t2,0.6190480253328784,Cbfa2t2
MS00324|Jdp2,0.6213745698567756,Jdp2
MS00412|ZNF410,0.6233759079549769,ZNF410
MS00394|Foxj3,0.624185828123399,Foxj3
MS00440|Dlx2,0.6274328174469186,Dlx2
MS00136|POU2F3,0.632100136847574,POU2F3
MS00287|TFAP4,0.6333484512920107,TFAP4
MS00076|MEF2D,0.6346571011161111,MEF2D
MC00122|Cebpa,0.6358529166767642,Cebpa
UP00223|Irx3,0.6373480895771375,Irx3
MC00507|Meis1,0.6375313923322214,Meis1
MS00585|OTX2,0.6382865109463974,OTX2
MS00794|Sox10,0.6416533921769971,Sox10
M00062|IRF1,0.6425777434994158,IRF1
M01300|HMGA2,0.6442002811016929,HMGA2
MC00162|LMO2,0.6460622944011465,LMO2
MC00324|Gata4,0.6465243143059073,Gata4
UP00211|Pou3f3,0.662629819486046,Pou3f3
MS00060|HSF4,0.6693789598931583,HSF4
MS00557|MNX1,0.6712298636129279,MNX1
MS00460|GBX2,0.6717578374815425,GBX2
MC00111|Bcl6,0.6784263092612625,Bcl6
UP00147|Nkx2-6,0.6824998323863127,Nkx2-6
MS00492|HOXB3,0.6842055412420311,HOXB3
MS00555|MIXL1,0.6882906120019944,MIXL1
MS00424|CART1,0.6974741168689356,CART1
M00294|Foxf1a,0.7004547087402531,Foxf1a
MS00439|Dlx1,0.702364224468212,Dlx1
UP00117|Hoxd11,0.7030597569029189,Hoxd11
MS00106|NFAT5,0.7099078165067669,NFAT5
UP00045|MAFB,0.7099249574514812,MAFB
MS00513|HOXD8,0.7145087047793566,HOXD8
MS00313|Creb5,0.7197689041155519,Creb5
UP00082|Zfp187,0.7225575782761351,Zfp187
MS00485|HOXA13,0.7227181174800471,HOXA13
MS00126|PAX7,0.7252972576755297,PAX7
MS00551|MEOX1,0.7255184725461549,MEOX1
MC00474|BCL11A,0.7321003003401845,BCL11A
UP00078|ARID3A,0.7345506281392186,ARID3A
UP00263|Hoxb8,0.7452055500586684,Hoxb8
MS00692|RXRB,0.7453374678224463,RXRB
MC00326|Gata3,0.7482592110067591,Gata3
M01694|Yy2,0.7487649213864735,Yy2
MS00045|GATA5,0.7616997733970798,GATA5
M01722|RORB,0.7666767929833335,RORB
MC00117|GATA6,0.7672694659873992,GATA6
MC00157|Tead4,0.7689129760924659,Tead4
MS00466|GSX2,0.7698205549591076,GSX2
UP00125|PITX2,0.7723497043072934,PITX2
UP00107|Nkx2-4,0.7729486871867295,Nkx2-4
UP00170|Isl2,0.7733592985193655,Isl2
MS00771|SOX8,0.7766054998536187,SOX8
MS00521|Hoxd3,0.7773936202823932,Hoxd3
MC00341|Olig2,0.7813460460797155,Olig2
MS00337|NFIL3,0.79424352728107,NFIL3
MS00588|PDX1,0.7991310077987192,PDX1
MS00467|Gbx1,0.7997517051029557,Gbx1
M01148|DMRT3,0.8006118188600879,DMRT3
UP00206|Hoxb7,0.8047009354346562,Hoxb7
MS00168|PRDM1,0.8069066541387259,PRDM1
MS00091|PKNOX1,0.8072049322751655,PKNOX1
MS00093|Pknox2,0.8122595426392818,Pknox2
MS00390|ZNF238,0.8153223203086466,ZNF238
MS00441|EMX1,0.8185991882327774,EMX1
MS00450|EN2,0.8357277040567201,EN2
MS00094|TGIF1,0.8366849840261903,TGIF1
MS00276|OLIG1,0.8377423635396767,OLIG1
UP00091|SOX5,0.8391828035786388,SOX5
MC00165|Pdx1,0.8420923760959642,Pdx1
MS00543|LMX1A,0.8449362911936881,LMX1A
MC00389|CDX2,0.8457407013671254,CDX2
UP00194|IRX4,0.846719016930602,IRX4
MS00459|GBX1,0.8517035713738251,GBX1
MS00561|MSX2,0.8578794412084975,MSX2
MS00516|Hoxa2,0.8675444629943514,Hoxa2
UP00069|Sox1,0.8713186090295606,Sox1
MS00277|OLIG2,0.8728281150630817,OLIG2
MS00458|En2,0.8734450252958471,En2
MS00469|Gbx2,0.879890644672257,Gbx2
MS00581|Nkx6-1,0.8811661010774872,Nkx6-1
MC00504|Scx,0.8815566162793176,Scx
M00526|NR6A1,0.8877632610269539,NR6A1
MS00595|PITX1,0.8879639954743099,PITX1
UP00034|Sox7,0.8922056726279891,Sox7
MS00055|HOMEZ,0.8995795298378275,HOMEZ
UP00137|Hoxb3,0.9004174660500915,Hoxb3
MS00444|EMX2,0.9016374653269049,EMX2
MS00732|CPEB1,0.9024874063611277,CPEB1
MC00354|Neurod1,0.9025238679835619,Neurod1
UP00242|HOXC8,0.9036089592663447,HOXC8
MS00564|Msx3,0.9052552596203477,Msx3
MS00491|HOXB2,0.9075087636893379,HOXB2
MS00452|ESX1,0.9080058054315746,ESX1
MS00280|OLIG3,0.9121285566849134,OLIG3
MS00149|POU4F2,0.912623052791474,POU4F2
MS00486|HOXA1,0.9130483709440886,HOXA1
MC00118|GATA2,0.9218520553581433,GATA2
MC00260|Pax3,0.9253681030988854,Pax3
UP00051|Sox8,0.9264174990387704,Sox8
MC00402|Hoxc9,0.9280316246096972,Hoxc9
MA0103|ZEB1,0.9323189142434554,ZEB1
MC00303|Sox2,0.9335020278399572,Sox2
MS00547|Lhx4,0.9380583364189417,Lhx4
MS00487|HOXA2,0.9392900326774357,HOXA2
UP00071|Sox21,0.9408078927348971,Sox21
MS00250|BHLHE23,0.9408893827686701,BHLHE23
MA0125|Nobox,0.9422329472512198,Nobox
MC00348|STAT1,0.9467327448934781,STAT1
MS00575|NKX6-1,0.9470748961793336,NKX6-1
MS00317|HLF,0.949532800531864,HLF
M01069|GZF1,0.9536306545109562,GZF1
M01150|Dmrta2,0.9537933167858977,Dmrta2
M01149|Dmrta1,0.957016679810094,Dmrta1
UP00151|BARX2,0.9602368076761016,BARX2
MS00667|ONECUT1,0.9602872756960061,ONECUT1
MC00452|STAT5B,0.9663487288020458,STAT5B
MC00272|CEBPB,0.9678298699523503,CEBPB
UP00075|Sox15,0.96810255170434,Sox15
MS00151|POU4F3,0.9688817923566152,POU4F3
MS00669|Nr2f6,0.9696226153725925,Nr2f6
MC00121|Cebpb,0.9700851016077392,Cebpb
M01262|TBX18,0.9711467260173067,TBX18
M01147|DMRT2,0.9727305595114333,DMRT2
UP00101|Sox12,0.9796992562337515,Sox12
M00041|ATF2::JUN,0.9804706032288268,ATF2::JUN
MC00347|STAT4,0.9809716766538433,STAT4
UP00004|Sox14,0.9822607728558287,Sox14
MC00453|STAT5A,0.9835826279851881,STAT5A
UP00259|HOXB6,0.9851584479128849,HOXB6
MS00300|CEBPE,0.985990046047175,CEBPE
MS00690|ONECUT3,0.9867412306075081,ONECUT3
MS00299|CEBPD,0.9913129960812289,CEBPD
MC00204|Stat5b,0.9919743266238242,Stat5b
MS00366|FOXJ2,0.9949215923769372,FOXJ2
MS00748|SOX14,0.995301989116966,SOX14
UP00055|HBP1,0.9959202042080249,HBP1
MC00205|Stat5a,0.9961925675276179,Stat5a
UP00044|Mafk,0.9977764045099419,Mafk
MS00191|TBR1,0.9980511276856656,TBR1
MS00634|CUX2,0.9996140932361088,CUX2
MS00679|ONECUT2,0.999653100781265,ONECUT2
